1.369430231831915423e-02 5.046763447389759676e+03 0.000000000000000000e+00
1.565063116968836224e-02 3.825791830850038423e+03 0.000000000000000000e+00
1.760696000055845742e-02 2.596346728592093314e+03 0.000000000000000000e+00
1.956328880836704157e-02 1.779123349404436567e+03 0.000000000000000000e+00
2.151961759055171647e-02 1.388673640946412206e+03 0.000000000000000000e+00
2.347594634455010473e-02 1.219631465177175187e+03 0.000000000000000000e+00
2.543227506779981162e-02 1.013259949469226399e+03 0.000000000000000000e+00
2.738860375773844932e-02 8.224521924904596517e+02 0.000000000000000000e+00
2.934493241180363005e-02 7.036271394709328888e+02 0.000000000000000000e+00
3.130126102743296251e-02 6.325561756700109299e+02 0.000000000000000000e+00
3.325758960206406240e-02 5.786372170478987300e+02 0.000000000000000000e+00
3.521391813313454189e-02 5.316212447490612476e+02 0.000000000000000000e+00
3.717024661808200625e-02 4.907040616372182740e+02 0.000000000000000000e+00
3.912657505434408156e-02 4.563551125355314184e+02 0.000000000000000000e+00
4.108290343935835226e-02 4.412812257947389298e+02 0.000000000000000000e+00
4.303923177056248606e-02 4.225248216018470089e+02 0.000000000000000000e+00
4.499556004539402576e-02 4.050813028204614739e+02 0.000000000000000000e+00
4.695188826129064602e-02 3.925783678948495776e+02 0.000000000000000000e+00
4.890821641568993128e-02 3.843856633135470702e+02 0.000000000000000000e+00
5.086454450602952149e-02 3.728018304254685518e+02 0.000000000000000000e+00
5.282087252974701497e-02 3.673843738794483897e+02 0.000000000000000000e+00
5.477720048428001698e-02 3.605449391307751625e+02 0.000000000000000000e+00
5.673352836706613972e-02 3.553380271753491115e+02 0.000000000000000000e+00
5.868985617554303008e-02 3.516065312488070731e+02 0.000000000000000000e+00
6.064618390714829332e-02 3.467958564517146556e+02 0.000000000000000000e+00
6.260251155931954858e-02 3.424694283704584450e+02 0.000000000000000000e+00
6.455883912949442194e-02 3.398142108085479549e+02 0.000000000000000000e+00
6.651516661511051864e-02 3.356659186490925322e+02 0.000000000000000000e+00
6.847149401360547172e-02 3.318441449552004201e+02 0.000000000000000000e+00
7.042782132241687254e-02 3.295612776431609632e+02 0.000000000000000000e+00
7.238414853898239576e-02 3.286008787152907757e+02 0.000000000000000000e+00
7.434047566073961888e-02 3.257812552324209037e+02 0.000000000000000000e+00
7.629680268512617491e-02 3.222759953421971773e+02 0.000000000000000000e+00
7.825312960957969688e-02 3.216345462046946295e+02 0.000000000000000000e+00
8.020945643153780391e-02 3.199706523680591772e+02 0.000000000000000000e+00
8.216578314843811515e-02 3.177314994566780797e+02 0.000000000000000000e+00
8.412210975771827748e-02 3.141634694357003923e+02 0.000000000000000000e+00
8.607843625681592392e-02 3.145629724660111606e+02 0.000000000000000000e+00
8.803476264316861810e-02 3.126939107689997286e+02 0.000000000000000000e+00
8.999108891421406242e-02 3.101508532523649819e+02 0.000000000000000000e+00
9.194741506738987602e-02 3.081677789501032407e+02 0.000000000000000000e+00
9.390374110013360864e-02 3.077209176011336922e+02 0.000000000000000000e+00
9.586006700988300433e-02 3.052798697564637109e+02 0.000000000000000000e+00
9.781639279407561283e-02 3.044618989962469868e+02 0.000000000000000000e+00
9.977271845014909490e-02 3.028502087562112024e+02 0.000000000000000000e+00
1.017290439755411252e-01 2.987969013422637659e+02 0.000000000000000000e+00
1.036853693676893090e-01 2.982707161199380153e+02 0.000000000000000000e+00
1.056416946240312238e-01 2.969847827809566638e+02 0.000000000000000000e+00
1.075980197420045859e-01 2.953144085237229888e+02 0.000000000000000000e+00
1.095543447190470143e-01 2.943565125500887802e+02 0.000000000000000000e+00
1.115106695525961422e-01 2.920040275297966446e+02 0.000000000000000000e+00
1.134669942400895748e-01 2.905174298781499829e+02 0.000000000000000000e+00
1.154233187789650145e-01 2.895020741080041944e+02 0.000000000000000000e+00
1.173796431666600387e-01 2.864875725473967805e+02 0.000000000000000000e+00
1.193359674006123916e-01 2.859393350042618636e+02 0.000000000000000000e+00
1.212922914782596229e-01 2.844076403895261933e+02 0.000000000000000000e+00
1.232486153970393933e-01 2.820383840190920068e+02 0.000000000000000000e+00
1.252049391543893775e-01 2.795642562904255328e+02 0.000000000000000000e+00
1.271612627477472224e-01 2.789095285349797564e+02 0.000000000000000000e+00
1.291175861745505471e-01 2.760743631964373321e+02 0.000000000000000000e+00
1.310739094322370124e-01 2.760334433991453125e+02 0.000000000000000000e+00
1.330302325182443346e-01 2.740219332230259965e+02 0.000000000000000000e+00
1.349865554300100912e-01 2.715417075949861783e+02 0.000000000000000000e+00
1.369428781649719429e-01 2.692771395742369123e+02 0.000000000000000000e+00
1.388992007205675505e-01 2.689600784670971052e+02 0.000000000000000000e+00
1.408555230942346026e-01 2.650468612582036485e+02 0.000000000000000000e+00
1.428118452834107321e-01 2.639014719534653750e+02 0.000000000000000000e+00
1.447681672855336554e-01 2.627667530638739777e+02 0.000000000000000000e+00
1.467244890980409500e-01 2.610108247158257200e+02 0.000000000000000000e+00
1.486808107183702765e-01 2.594307004638786793e+02 0.000000000000000000e+00
1.506371321439593514e-01 2.572262054382284759e+02 0.000000000000000000e+00
1.525934533722458630e-01 2.572630519756330045e+02 0.000000000000000000e+00
1.545497744006674445e-01 2.549550933847985448e+02 0.000000000000000000e+00
1.565060952266617011e-01 2.517225693960300816e+02 0.000000000000000000e+00
1.584624158476663769e-01 2.499363453838102487e+02 0.000000000000000000e+00
1.604187362611191880e-01 2.500698175067455793e+02 0.000000000000000000e+00
1.623750564644576844e-01 2.465130215963980902e+02 0.000000000000000000e+00
1.643313764551196099e-01 2.454138193419772449e+02 0.000000000000000000e+00
1.662876962305427364e-01 2.427745779016619849e+02 0.000000000000000000e+00
1.682440157881645304e-01 2.417535244721122467e+02 0.000000000000000000e+00
1.702003351254228192e-01 2.402229019932782705e+02 0.000000000000000000e+00
1.721566542397552635e-01 2.376658495466896852e+02 0.000000000000000000e+00
1.741129731285995241e-01 2.367059596705852016e+02 0.000000000000000000e+00
1.760692917893932619e-01 2.360008449874775636e+02 0.000000000000000000e+00
1.780256102195742485e-01 2.338537758066096615e+02 0.000000000000000000e+00
1.799819284165801447e-01 2.311688432159567697e+02 0.000000000000000000e+00
1.819382463778485282e-01 2.290748968190034702e+02 0.000000000000000000e+00
1.838945641008172815e-01 2.270825161421992107e+02 0.000000000000000000e+00
1.858508815829239269e-01 2.259343104149151600e+02 0.000000000000000000e+00
1.878071988216062360e-01 2.232844927894492173e+02 0.000000000000000000e+00
1.897635158143018974e-01 2.219694716964938834e+02 0.000000000000000000e+00
1.917198325584486274e-01 2.195976184175100627e+02 0.000000000000000000e+00
1.936761490514841144e-01 2.179889092915103959e+02 0.000000000000000000e+00
1.956324652908460471e-01 2.163343901674282392e+02 0.000000000000000000e+00
1.975887812739721694e-01 2.148301173729277593e+02 0.000000000000000000e+00
1.995450969983001421e-01 2.119133400479387888e+02 0.000000000000000000e+00
2.015014124612677093e-01 2.110528109949751467e+02 0.000000000000000000e+00
2.034577276603125595e-01 2.088038570791275106e+02 0.000000000000000000e+00
2.054140425928723812e-01 2.070503540154654729e+02 0.000000000000000000e+00
2.073703572563849462e-01 2.048018214659782643e+02 0.000000000000000000e+00
2.093266716482879153e-01 2.030364106846094501e+02 0.000000000000000000e+00
2.112829857660190880e-01 2.016654942565727993e+02 0.000000000000000000e+00
2.132392996070160973e-01 1.998563794716463633e+02 0.000000000000000000e+00
2.151956131687167151e-01 1.974734733176985628e+02 0.000000000000000000e+00
2.171519264485586298e-01 1.967253608315196232e+02 0.000000000000000000e+00
2.191082394439796688e-01 1.954610457387333895e+02 0.000000000000000000e+00
2.210645521524174095e-01 1.936982976788742690e+02 0.000000000000000000e+00
2.230208645713097071e-01 1.912786672608820595e+02 0.000000000000000000e+00
2.249771766980942500e-01 1.889735902188239436e+02 0.000000000000000000e+00
2.269334885302087268e-01 1.881933432136525823e+02 0.000000000000000000e+00
2.288898000650908815e-01 1.854470392875592211e+02 0.000000000000000000e+00
2.308461113001785692e-01 1.840151402610574962e+02 0.000000000000000000e+00
2.328024222329094228e-01 1.823527277034479539e+02 0.000000000000000000e+00
2.347587328607212420e-01 1.808250183175879613e+02 0.000000000000000000e+00
2.367150431810517708e-01 1.785030743236483772e+02 0.000000000000000000e+00
2.386713531913386976e-01 1.776458162142950812e+02 0.000000000000000000e+00
2.406276628890198499e-01 1.750427034412529679e+02 0.000000000000000000e+00
2.425839722715328606e-01 1.733283238564505382e+02 0.000000000000000000e+00
2.445402813363156957e-01 1.718397320635144467e+02 0.000000000000000000e+00
2.464965900808059329e-01 1.712418575521145385e+02 0.000000000000000000e+00
2.484528985024413994e-01 1.685557405624556111e+02 0.000000000000000000e+00
2.504092065986598392e-01 1.666349124455077515e+02 0.000000000000000000e+00
2.523655143668990242e-01 1.654751601095817364e+02 0.000000000000000000e+00
2.543218218045967816e-01 1.635215448650328653e+02 0.000000000000000000e+00
2.577812134425967461e-01 1.593667546984124783e+02 0.000000000000000000e+00
2.812156666042550102e-01 1.398577245575336576e+02 0.000000000000000000e+00
3.046500669128309746e-01 1.238126414780752782e+02 0.000000000000000000e+00
3.280844099641585521e-01 1.091879115344295599e+02 0.000000000000000000e+00
3.515186913541332725e-01 9.605304257228516462e+01 0.000000000000000000e+00
3.749529066787172238e-01 8.397124107987265518e+01 0.000000000000000000e+00
3.983870515339443252e-01 7.412449057382781348e+01 0.000000000000000000e+00
4.218211215159235472e-01 6.597697539971188974e+01 0.000000000000000000e+00
4.452551122208454060e-01 5.908699490224685746e+01 0.000000000000000000e+00
4.686890192449857384e-01 5.330330829217515998e+01 0.000000000000000000e+00
4.921228381847103650e-01 4.857982770042420384e+01 0.000000000000000000e+00
5.155565646364808075e-01 4.473253831644675671e+01 0.000000000000000000e+00
5.389901941968575638e-01 4.144267197031376071e+01 0.000000000000000000e+00
5.624237224625063813e-01 3.848088960009985726e+01 0.000000000000000000e+00
5.858571450302016981e-01 3.610934500467701014e+01 0.000000000000000000e+00
6.092904574968323050e-01 3.386623527488328023e+01 0.000000000000000000e+00
6.327236554594057871e-01 3.184975245217728457e+01 0.000000000000000000e+00
6.561567345150530750e-01 3.004188580385782714e+01 0.000000000000000000e+00
6.795896902610336632e-01 2.833326265266136446e+01 0.000000000000000000e+00
7.030225182947397178e-01 2.666392205668596915e+01 0.000000000000000000e+00
7.264552142137012947e-01 2.524885973649236348e+01 0.000000000000000000e+00
7.498877736155907803e-01 2.391895308262590447e+01 0.000000000000000000e+00
7.733201920982285538e-01 2.266373085187411718e+01 0.000000000000000000e+00
7.967524652595860957e-01 2.157253765107465426e+01 0.000000000000000000e+00
8.201845886977920941e-01 2.056765560978014662e+01 0.000000000000000000e+00
8.436165580111369966e-01 1.959918136469140748e+01 0.000000000000000000e+00
8.670483687980765630e-01 1.874897344034980406e+01 0.000000000000000000e+00
8.904800166572384157e-01 1.799917365687277027e+01 0.000000000000000000e+00
9.139114971874258142e-01 1.725169460057950843e+01 0.000000000000000000e+00
9.373428059876222074e-01 1.660230504302205645e+01 0.000000000000000000e+00
9.607739386569957851e-01 1.598198020996298396e+01 0.000000000000000000e+00
9.842048907949063619e-01 1.538764668104448674e+01 0.000000000000000000e+00
1.007635658000906709e+00 1.477541283916968240e+01 0.000000000000000000e+00
1.031066235874749548e+00 1.427182645444461961e+01 0.000000000000000000e+00
1.054496620016392328e+00 1.371851971012446292e+01 0.000000000000000000e+00
1.077926806026000994e+00 1.321022727038707778e+01 0.000000000000000000e+00
1.101356789503954881e+00 1.272099997256382942e+01 0.000000000000000000e+00
1.124786566050852255e+00 1.224861137155271074e+01 0.000000000000000000e+00
1.148216131267514539e+00 1.183271978697706039e+01 0.000000000000000000e+00
1.171645480754990087e+00 1.140991900180628349e+01 0.000000000000000000e+00
1.195074610114561287e+00 1.099565598202122807e+01 0.000000000000000000e+00
1.218503514947747002e+00 1.062598132705664078e+01 0.000000000000000000e+00
1.241932190856308349e+00 1.024151332252945323e+01 0.000000000000000000e+00
1.265360633442253580e+00 9.892537542702887876e+00 0.000000000000000000e+00
1.288788838307841411e+00 9.535056763790052514e+00 0.000000000000000000e+00
1.312216801055587911e+00 9.230788268811496167e+00 0.000000000000000000e+00
1.335644517288271160e+00 8.908887968333386809e+00 0.000000000000000000e+00
1.359071982608932139e+00 8.606468694305647205e+00 0.000000000000000000e+00
1.382499192620884942e+00 8.345156429716974245e+00 0.000000000000000000e+00
1.405926142927717226e+00 8.060278990163002533e+00 0.000000000000000000e+00
1.429352829133298197e+00 7.803811411147479227e+00 0.000000000000000000e+00
1.452779246841779948e+00 7.536627829647693844e+00 0.000000000000000000e+00
1.476205391657605670e+00 7.286771909523787727e+00 0.000000000000000000e+00
1.499631259185511212e+00 7.070560720903364071e+00 0.000000000000000000e+00
1.523056845030532624e+00 6.834846720794571340e+00 0.000000000000000000e+00
1.546482144798009051e+00 6.632558642762893975e+00 0.000000000000000000e+00
1.569907154093586499e+00 6.410478658518337980e+00 0.000000000000000000e+00
1.593331868523226946e+00 6.228350432465150632e+00 0.000000000000000000e+00
1.616756283693207674e+00 6.058360204893178391e+00 0.000000000000000000e+00
1.640180395210129927e+00 5.867812679065971260e+00 0.000000000000000000e+00
1.663604198680921575e+00 5.690471076452883636e+00 0.000000000000000000e+00
1.687027689712842227e+00 5.526891468295299426e+00 0.000000000000000000e+00
1.710450863913488107e+00 5.381418795403487110e+00 0.000000000000000000e+00
1.733873716890797390e+00 5.224790733112230079e+00 0.000000000000000000e+00
1.757296244253054640e+00 5.089859375257008267e+00 0.000000000000000000e+00
1.780718441608894143e+00 4.953743474858979923e+00 0.000000000000000000e+00
1.804140304567306785e+00 4.818908193254888950e+00 0.000000000000000000e+00
1.827561828737642502e+00 4.692945643096695818e+00 0.000000000000000000e+00
1.850983009729617823e+00 4.575127213327498055e+00 0.000000000000000000e+00
1.874403843153317206e+00 4.457469649776090392e+00 0.000000000000000000e+00
1.897824324619200365e+00 4.339895059605152206e+00 0.000000000000000000e+00
1.921244449738106708e+00 4.258062963385994770e+00 0.000000000000000000e+00
1.944664214121259116e+00 4.150162886824553254e+00 0.000000000000000000e+00
1.968083613380268160e+00 4.053333612912754624e+00 0.000000000000000000e+00
1.991502643127138539e+00 3.943157091599550412e+00 0.000000000000000000e+00
2.014921298974273078e+00 3.866952108052299053e+00 0.000000000000000000e+00
2.038339576534475839e+00 3.786536747010799342e+00 0.000000000000000000e+00
2.061757471420960108e+00 3.699955264336656668e+00 0.000000000000000000e+00
2.085174979247350180e+00 3.618612019087680931e+00 0.000000000000000000e+00
2.108592095627687790e+00 3.547555673354762629e+00 0.000000000000000000e+00
2.132008816176434784e+00 3.467017197382041171e+00 0.000000000000000000e+00
2.155425136508481110e+00 3.413552634069441094e+00 0.000000000000000000e+00
2.178841052239146148e+00 3.333785555479466201e+00 0.000000000000000000e+00
2.202256558984185375e+00 3.267565229189763887e+00 0.000000000000000000e+00
2.225671652359794361e+00 3.210236307030075231e+00 0.000000000000000000e+00
2.249086327982614097e+00 3.148313240572217175e+00 0.000000000000000000e+00
2.272500581469735437e+00 3.091707252053505606e+00 0.000000000000000000e+00
2.295914408438702647e+00 3.019186300596936601e+00 0.000000000000000000e+00
2.319327804507519630e+00 2.965545124882554617e+00 0.000000000000000000e+00
2.342740765294654359e+00 2.921226337218331359e+00 0.000000000000000000e+00
2.366153286419041546e+00 2.856305460474570790e+00 0.000000000000000000e+00
2.389565363500091966e+00 2.814900247218824259e+00 0.000000000000000000e+00
2.412976992157692013e+00 2.757967152110099462e+00 0.000000000000000000e+00
2.436388168012211697e+00 2.717068345847991839e+00 0.000000000000000000e+00
2.459798886684507302e+00 2.668478685124224814e+00 0.000000000000000000e+00
2.483209143795927609e+00 2.616875515520001638e+00 0.000000000000000000e+00
2.506618934968318779e+00 2.583003465209849026e+00 0.000000000000000000e+00
2.530028255824025685e+00 2.532485422303120792e+00 0.000000000000000000e+00
2.553437101985901236e+00 2.497061343441396186e+00 0.000000000000000000e+00
2.576845469077309492e+00 2.452779729724677615e+00 0.000000000000000000e+00
2.600253352722128319e+00 2.421124588766427888e+00 0.000000000000000000e+00
2.623660748544755617e+00 2.383037452351993046e+00 0.000000000000000000e+00
2.647067652170114638e+00 2.350313714263754683e+00 0.000000000000000000e+00
2.670474059223657992e+00 2.307671603604181776e+00 0.000000000000000000e+00
2.693879965331372084e+00 2.276321712649542306e+00 0.000000000000000000e+00
2.717285366119781553e+00 2.244656978764608901e+00 0.000000000000000000e+00
2.740690257215955050e+00 2.207480397678901252e+00 0.000000000000000000e+00
2.764094634247508786e+00 2.182733730180255183e+00 0.000000000000000000e+00
2.787498492842611419e+00 2.151696219549465994e+00 0.000000000000000000e+00
2.810901828629990273e+00 2.130737494983895974e+00 0.000000000000000000e+00
2.834304637238932223e+00 2.099546814105713644e+00 0.000000000000000000e+00
2.857706914299293910e+00 2.077386651009923479e+00 0.000000000000000000e+00
2.881108655441501742e+00 2.045856103805954174e+00 0.000000000000000000e+00
2.904509856296556336e+00 2.026524396012982621e+00 0.000000000000000000e+00
2.927910512496042728e+00 2.003390940192079750e+00 0.000000000000000000e+00
2.951310619672127711e+00 1.975884649636192592e+00 0.000000000000000000e+00
2.974710173457571383e+00 1.958044575635436546e+00 0.000000000000000000e+00
2.998109169485724923e+00 1.939234671609817884e+00 0.000000000000000000e+00
3.021507603390543029e+00 1.920312261284994104e+00 0.000000000000000000e+00
3.044905470806578585e+00 1.902129928374990175e+00 0.000000000000000000e+00
3.068302767368998651e+00 1.880816820823051350e+00 0.000000000000000000e+00
3.091699488713580024e+00 1.856884137234197096e+00 0.000000000000000000e+00
3.115095630476719890e+00 1.846249425464249638e+00 0.000000000000000000e+00
3.138491188295434053e+00 1.819491272217149236e+00 0.000000000000000000e+00
3.161886157807370701e+00 1.806772531636483992e+00 0.000000000000000000e+00
3.185280534650805961e+00 1.791175547001838231e+00 0.000000000000000000e+00
3.208674314464654120e+00 1.775482228372565974e+00 0.000000000000000000e+00
3.232067492888468951e+00 1.762456222834513531e+00 0.000000000000000000e+00
3.255460065562450822e+00 1.748279659165949962e+00 0.000000000000000000e+00
3.278852028127452023e+00 1.727255445380687426e+00 0.000000000000000000e+00
3.302243376224977212e+00 1.711362815582861074e+00 0.000000000000000000e+00
3.325634105497191406e+00 1.707238050281697728e+00 0.000000000000000000e+00
3.349024211586926203e+00 1.694305267042393703e+00 0.000000000000000000e+00
3.372413690137677555e+00 1.677698442062431239e+00 0.000000000000000000e+00
3.395802536793620874e+00 1.658878911548951951e+00 0.000000000000000000e+00
3.419190747199603475e+00 1.651246037047026549e+00 0.000000000000000000e+00
3.442578317001157462e+00 1.646265414402757310e+00 0.000000000000000000e+00
3.465965241844505940e+00 1.631352821600520864e+00 0.000000000000000000e+00
3.489351517376558576e+00 1.615597310454180313e+00 0.000000000000000000e+00
3.512737139244925810e+00 1.612257921883106793e+00 0.000000000000000000e+00
3.536122103097917968e+00 1.591950650973099624e+00 0.000000000000000000e+00
3.559506404584549255e+00 1.584431021350411806e+00 0.000000000000000000e+00
3.582890039354546641e+00 1.568566505590067495e+00 0.000000000000000000e+00
3.606273003058350746e+00 1.560352832077738228e+00 0.000000000000000000e+00
3.629655291347124280e+00 1.549703567159028905e+00 0.000000000000000000e+00
3.653036899872749821e+00 1.538612898788753736e+00 0.000000000000000000e+00
3.676417824287843583e+00 1.535118042479563405e+00 0.000000000000000000e+00
3.699798060245752751e+00 1.517937439945277411e+00 0.000000000000000000e+00
3.723177603400561253e+00 1.512948739124775122e+00 0.000000000000000000e+00
3.746556449407099532e+00 1.506314336316118663e+00 0.000000000000000000e+00
3.769934593920940546e+00 1.495570671919956185e+00 0.000000000000000000e+00
3.793312032598414429e+00 1.484698641416425824e+00 0.000000000000000000e+00
3.816688761096602711e+00 1.480775236382907867e+00 0.000000000000000000e+00
3.840064775073350756e+00 1.467960172162348309e+00 0.000000000000000000e+00
3.863440070187269537e+00 1.454652484844897398e+00 0.000000000000000000e+00
3.886814642097740080e+00 1.451541967262177879e+00 0.000000000000000000e+00
3.910188486464914348e+00 1.438949682981313760e+00 0.000000000000000000e+00
3.933561598949731675e+00 1.435813826202431587e+00 0.000000000000000000e+00
3.956933975213908106e+00 1.424123972992010989e+00 0.000000000000000000e+00
3.980305610919951942e+00 1.413700665099244080e+00 0.000000000000000000e+00
4.003676501731162851e+00 1.411724503622385996e+00 0.000000000000000000e+00
4.027046643311638974e+00 1.402947525358979153e+00 0.000000000000000000e+00
4.050416031326281363e+00 1.391882280735213362e+00 0.000000000000000000e+00
4.073784661440795318e+00 1.381199658022031151e+00 0.000000000000000000e+00
4.097152529321700598e+00 1.376713214203535873e+00 0.000000000000000000e+00
4.120519630636331421e+00 1.363271370979923791e+00 0.000000000000000000e+00
4.143885961052841793e+00 1.362869893697989276e+00 0.000000000000000000e+00
4.167251516240212617e+00 1.348818835441169872e+00 0.000000000000000000e+00
4.190616291868254351e+00 1.348094796981718524e+00 0.000000000000000000e+00
4.213980283607608790e+00 1.342761340916904356e+00 0.000000000000000000e+00
4.237343487129760611e+00 1.333954878261601085e+00 0.000000000000000000e+00
4.260705898107034706e+00 1.322972196443184201e+00 0.000000000000000000e+00
4.284067512212603290e+00 1.321100228070296589e+00 0.000000000000000000e+00
4.307428325120495671e+00 1.310559136495501820e+00 0.000000000000000000e+00
4.330788332505592919e+00 1.307870655942877880e+00 0.000000000000000000e+00
4.354147530043639414e+00 1.297870429111813051e+00 0.000000000000000000e+00
4.377505913411245508e+00 1.295257932832607040e+00 0.000000000000000000e+00
4.400863478285893748e+00 1.293607644790422118e+00 0.000000000000000000e+00
4.424220220345940646e+00 1.285781608188406366e+00 0.000000000000000000e+00
4.447576135270619346e+00 1.275933232490917391e+00 0.000000000000000000e+00
4.470931218740052060e+00 1.282587297364822465e+00 0.000000000000000000e+00
4.494285466435246512e+00 1.275090973490825341e+00 0.000000000000000000e+00
4.517638874038105712e+00 1.268680203349197066e+00 0.000000000000000000e+00
4.540991437231428840e+00 1.268465162381952505e+00 0.000000000000000000e+00
4.564343151698917467e+00 1.264304294970824083e+00 0.000000000000000000e+00
4.587694013125181769e+00 1.258966932494236302e+00 0.000000000000000000e+00
4.611044017195741418e+00 1.259708013285939510e+00 0.000000000000000000e+00
4.634393159597031797e+00 1.256447310362767356e+00 0.000000000000000000e+00
4.657741436016409331e+00 1.247780810386636130e+00 0.000000000000000000e+00
4.681088842142154149e+00 1.244155029919173483e+00 0.000000000000000000e+00
4.704435373663478082e+00 1.244426778722897309e+00 0.000000000000000000e+00
4.727781026270525544e+00 1.238148191907403550e+00 0.000000000000000000e+00
4.751125795654377981e+00 1.237977586478532732e+00 0.000000000000000000e+00
4.774469677507063636e+00 1.233239079372843383e+00 0.000000000000000000e+00
4.797812667521553109e+00 1.233511856106045190e+00 0.000000000000000000e+00
4.821154761391771792e+00 1.229911095652412634e+00 0.000000000000000000e+00
4.844495954812600758e+00 1.224008369322479250e+00 0.000000000000000000e+00
4.867836243479882974e+00 1.224200633820145656e+00 0.000000000000000000e+00
4.891175623090425084e+00 1.222355190078385778e+00 0.000000000000000000e+00
4.914514089342004510e+00 1.216633327492779859e+00 0.000000000000000000e+00
4.937851637933373894e+00 1.213640049145515487e+00 0.000000000000000000e+00
4.961188264564261985e+00 1.217113146728299400e+00 0.000000000000000000e+00
4.984523964935383411e+00 1.210555006518684973e+00 0.000000000000000000e+00
5.007858734748439566e+00 1.206899416433754535e+00 0.000000000000000000e+00
5.031192569706123052e+00 1.206088737224759067e+00 0.000000000000000000e+00
5.054525465512124782e+00 1.202568961962630523e+00 0.000000000000000000e+00
5.077857417871136647e+00 1.203547363899672540e+00 0.000000000000000000e+00
5.101188422488855068e+00 1.199120033300713262e+00 0.000000000000000000e+00
5.124518475071987211e+00 1.201231997842711285e+00 0.000000000000000000e+00
5.147847571328255434e+00 1.195595652318335311e+00 0.000000000000000000e+00
5.171175706966400831e+00 1.199980573962222907e+00 0.000000000000000000e+00
5.194502877696188570e+00 1.191097484220037250e+00 0.000000000000000000e+00
5.217829079228408773e+00 1.191814395291448836e+00 0.000000000000000000e+00
5.241154307274884516e+00 1.197067208661054316e+00 0.000000000000000000e+00
5.264478557548480708e+00 1.190865860137544141e+00 0.000000000000000000e+00
5.287801825763097874e+00 1.188239321533610227e+00 0.000000000000000000e+00
5.311124107633683700e+00 1.187429199169864891e+00 0.000000000000000000e+00
5.334445398876239253e+00 1.185152933409703291e+00 0.000000000000000000e+00
5.357765695207817203e+00 1.186049401385449897e+00 0.000000000000000000e+00
5.381084992346525375e+00 1.182168218139327820e+00 0.000000000000000000e+00
5.404403286011544516e+00 1.181755251208891577e+00 0.000000000000000000e+00
5.427720571923114967e+00 1.182728350012453244e+00 0.000000000000000000e+00
5.451036845802555320e+00 1.185655565762527175e+00 0.000000000000000000e+00
5.474352103372251754e+00 1.184585838191893004e+00 0.000000000000000000e+00
5.497666340355684689e+00 1.181741119745810309e+00 0.000000000000000000e+00
5.520979552477410124e+00 1.179748543501587532e+00 0.000000000000000000e+00
5.544291735463077408e+00 1.176028424007844686e+00 0.000000000000000000e+00
5.567602885039427463e+00 1.179601167167223963e+00 0.000000000000000000e+00
5.590912996934306101e+00 1.183162458795033345e+00 0.000000000000000000e+00
5.614222066876658701e+00 1.181207658872521549e+00 0.000000000000000000e+00
5.637530090596536425e+00 1.178697014440748037e+00 0.000000000000000000e+00
5.660837063825105986e+00 1.178271270187526865e+00 0.000000000000000000e+00
5.684142982294646984e+00 1.178301296722489067e+00 0.000000000000000000e+00
5.707447841738561678e+00 1.177025702450134714e+00 0.000000000000000000e+00
5.730751637891379424e+00 1.178063801823417300e+00 0.000000000000000000e+00
5.754054366488755790e+00 1.183516305977728056e+00 0.000000000000000000e+00
5.777356023267481433e+00 1.179878534384634525e+00 0.000000000000000000e+00
5.800656603965487434e+00 1.186570365627343859e+00 0.000000000000000000e+00
5.823956104321840854e+00 1.191482356721961011e+00 0.000000000000000000e+00
5.847254520076767825e+00 1.184324539594730163e+00 0.000000000000000000e+00
5.870551846971634902e+00 1.184952295633512565e+00 0.000000000000000000e+00
5.893848080748967710e+00 1.187173339164637076e+00 0.000000000000000000e+00
5.917143217152453616e+00 1.186825699804709755e+00 0.000000000000000000e+00
5.940437251926944384e+00 1.188557326114760393e+00 0.000000000000000000e+00
5.963730180818461513e+00 1.189868657225271686e+00 0.000000000000000000e+00
5.987021999574197118e+00 1.190996743010095393e+00 0.000000000000000000e+00
6.010312703942521928e+00 1.194570462214407103e+00 0.000000000000000000e+00
6.033602289672987062e+00 1.191307383096605665e+00 0.000000000000000000e+00
6.056890752516336462e+00 1.195514878157262872e+00 0.000000000000000000e+00
6.080178088224497124e+00 1.190433055591369138e+00 0.000000000000000000e+00
6.103464292550593306e+00 1.197488097543848218e+00 0.000000000000000000e+00
6.126749361248950976e+00 1.194617990637786065e+00 0.000000000000000000e+00
6.150033290075099579e+00 1.199405960175389252e+00 0.000000000000000000e+00
6.173316074785773822e+00 1.197264706042690863e+00 0.000000000000000000e+00
6.196597711138922548e+00 1.199287801590122715e+00 0.000000000000000000e+00
6.219878194893713186e+00 1.197737950676584839e+00 0.000000000000000000e+00
6.243157521810529076e+00 1.203656264978090418e+00 0.000000000000000000e+00
6.266435687650984576e+00 1.204921612929045205e+00 0.000000000000000000e+00
6.289712688177917954e+00 1.201257135313220203e+00 0.000000000000000000e+00
6.312988519155408262e+00 1.205780434960139536e+00 0.000000000000000000e+00
6.336263176348766457e+00 1.209601348745718674e+00 0.000000000000000000e+00
6.359536655524551385e+00 1.215718556813365270e+00 0.000000000000000000e+00
6.382808952450563567e+00 1.215357069116930422e+00 0.000000000000000000e+00
6.406080062895860294e+00 1.219639378694789666e+00 0.000000000000000000e+00
6.429349982630751192e+00 1.222533569809920895e+00 0.000000000000000000e+00
6.452618707426804434e+00 1.226196136228194344e+00 0.000000000000000000e+00
6.475886233056855623e+00 1.229917565147879532e+00 0.000000000000000000e+00
6.499152555295007794e+00 1.230624375019049976e+00 0.000000000000000000e+00
6.522417669916633187e+00 1.237777758965691532e+00 0.000000000000000000e+00
6.545681572698384798e+00 1.237492218480879869e+00 0.000000000000000000e+00
6.568944259418199039e+00 1.240361006916427478e+00 0.000000000000000000e+00
6.592205725855290410e+00 1.238723868593989197e+00 0.000000000000000000e+00
6.615465967790172819e+00 1.244743068733332070e+00 0.000000000000000000e+00
6.638724981004642700e+00 1.245931771032047664e+00 0.000000000000000000e+00
6.661982761281805665e+00 1.247467206540024964e+00 0.000000000000000000e+00
6.685239304406062288e+00 1.252696767142540635e+00 0.000000000000000000e+00
6.708494606163125873e+00 1.255526662729965715e+00 0.000000000000000000e+00
6.731748662340017120e+00 1.258355402819173463e+00 0.000000000000000000e+00
6.755001468725073011e+00 1.260404458623391122e+00 0.000000000000000000e+00
6.778253021107949472e+00 1.265298184749090726e+00 0.000000000000000000e+00
6.801503315279627593e+00 1.268352771627034858e+00 0.000000000000000000e+00
6.824752347032415400e+00 1.267361328878106486e+00 0.000000000000000000e+00
6.848000112159954966e+00 1.268552651612025350e+00 0.000000000000000000e+00
6.871246606457223294e+00 1.275235093875600523e+00 0.000000000000000000e+00
6.894491825720537648e+00 1.280088754165883858e+00 0.000000000000000000e+00
6.917735765747563548e+00 1.281109282280401773e+00 0.000000000000000000e+00
6.940978422337311216e+00 1.281371369966380458e+00 0.000000000000000000e+00
6.964219791290151562e+00 1.286710469219170871e+00 0.000000000000000000e+00
6.987459868407801977e+00 1.289017854313468936e+00 0.000000000000000000e+00
7.010698649493352086e+00 1.293806027591635210e+00 0.000000000000000000e+00
7.033936130351254867e+00 1.298675570192906470e+00 0.000000000000000000e+00
7.057172306787328431e+00 1.301254633006890815e+00 0.000000000000000000e+00
7.080407174608773779e+00 1.297117287646877948e+00 0.000000000000000000e+00
7.103640729624165928e+00 1.303734752193580260e+00 0.000000000000000000e+00
7.126872967643462786e+00 1.310461013622533200e+00 0.000000000000000000e+00
7.150103884478008709e+00 1.311731525360759543e+00 0.000000000000000000e+00
7.173333475940541604e+00 1.314936178099358255e+00 0.000000000000000000e+00
7.196561737845197371e+00 1.322625176091138055e+00 0.000000000000000000e+00
7.219788666007503686e+00 1.321721031250810752e+00 0.000000000000000000e+00
7.243014256244400428e+00 1.326417829003708082e+00 0.000000000000000000e+00
7.266238504374228135e+00 1.327474660856585498e+00 0.000000000000000000e+00
7.289461406216746653e+00 1.336835922634743712e+00 0.000000000000000000e+00
7.312682957593128918e+00 1.340725224699950813e+00 0.000000000000000000e+00
7.335903154325964515e+00 1.338853205100894783e+00 0.000000000000000000e+00
7.359121992239277432e+00 1.348691740092253122e+00 0.000000000000000000e+00
7.382339467158510971e+00 1.351877617695554035e+00 0.000000000000000000e+00
7.405555574910547278e+00 1.355547037545664857e+00 0.000000000000000000e+00
7.428770311323701137e+00 1.363187989355933327e+00 0.000000000000000000e+00
7.451983672227735056e+00 1.360293991962035820e+00 0.000000000000000000e+00
7.475195653453851286e+00 1.367880923448847375e+00 0.000000000000000000e+00
7.498406250834703357e+00 1.371141601769669593e+00 0.000000000000000000e+00
7.521615460204400527e+00 1.377051032726496427e+00 0.000000000000000000e+00
7.544823277398506889e+00 1.378916087573853533e+00 0.000000000000000000e+00
7.568029698254051141e+00 1.384851915066302119e+00 0.000000000000000000e+00
7.591234718609528365e+00 1.389416426424905815e+00 0.000000000000000000e+00
7.614438334304899136e+00 1.393203292297099161e+00 0.000000000000000000e+00
7.637640541181605514e+00 1.399369133939916798e+00 0.000000000000000000e+00
7.660841335082563042e+00 1.400073491300890316e+00 0.000000000000000000e+00
7.684040711852171412e+00 1.409280909106578328e+00 0.000000000000000000e+00
7.707238667336316240e+00 1.415786578279471408e+00 0.000000000000000000e+00
7.730435197382377055e+00 1.418858408144609173e+00 0.000000000000000000e+00
7.753630297839224639e+00 1.422189273124458975e+00 0.000000000000000000e+00
7.776823964557229907e+00 1.424193719346100062e+00 0.000000000000000000e+00
7.800016193388268348e+00 1.430165879896303949e+00 0.000000000000000000e+00
7.823206980185720028e+00 1.438031786188444183e+00 0.000000000000000000e+00
7.846396320804477575e+00 1.442921904533527089e+00 0.000000000000000000e+00
7.869584211100950633e+00 1.447009998393465224e+00 0.000000000000000000e+00
7.892770646933067624e+00 1.457269633483654125e+00 0.000000000000000000e+00
7.915955624160277537e+00 1.459493814904980757e+00 0.000000000000000000e+00
7.939139138643560578e+00 1.464022632836254445e+00 0.000000000000000000e+00
7.962321186245428173e+00 1.473080303545492908e+00 0.000000000000000000e+00
7.985501762829923855e+00 1.476501989107006807e+00 0.000000000000000000e+00
8.008680864262634813e+00 1.482371740296964502e+00 0.000000000000000000e+00
8.031858486410692777e+00 1.487047410151010274e+00 0.000000000000000000e+00
8.055034625142772242e+00 1.493776420875873256e+00 0.000000000000000000e+00
8.078209276329102906e+00 1.503484312574396853e+00 0.000000000000000000e+00
8.101382435841472329e+00 1.513000831333615848e+00 0.000000000000000000e+00
8.124554099553227715e+00 1.512575605437111337e+00 0.000000000000000000e+00
8.147724263339274131e+00 1.524879846684914497e+00 0.000000000000000000e+00
8.170892923076092274e+00 1.529823227320236123e+00 0.000000000000000000e+00
8.194060074641729585e+00 1.534507489249745893e+00 0.000000000000000000e+00
8.217225713915812690e+00 1.540731588546114361e+00 0.000000000000000000e+00
8.240389836779552724e+00 1.547528359079246352e+00 0.000000000000000000e+00
8.263552439115731119e+00 1.557700150961500718e+00 0.000000000000000000e+00
8.286713516808731583e+00 1.563750984241766950e+00 0.000000000000000000e+00
8.309873065744525888e+00 1.569787342448127676e+00 0.000000000000000000e+00
8.333031081810673868e+00 1.572559268231634277e+00 0.000000000000000000e+00
8.356187560896350064e+00 1.579233063540322668e+00 0.000000000000000000e+00
8.379342498892320634e+00 1.591224876009348588e+00 0.000000000000000000e+00
8.402495891690964669e+00 1.594673638934382076e+00 0.000000000000000000e+00
8.425647735186275966e+00 1.608356233330281881e+00 0.000000000000000000e+00
8.448798025273859480e+00 1.614306427715687109e+00 0.000000000000000000e+00
8.471946757850945531e+00 1.623524615945257654e+00 0.000000000000000000e+00
8.495093928816380924e+00 1.631904321467773089e+00 0.000000000000000000e+00
8.518239534070646712e+00 1.641925132654232122e+00 0.000000000000000000e+00
8.541383569515858198e+00 1.645449106548081186e+00 0.000000000000000000e+00
8.564526031055759603e+00 1.662707131928790272e+00 0.000000000000000000e+00
8.587666914595736500e+00 1.670879540832991061e+00 0.000000000000000000e+00
8.610806216042822925e+00 1.677809134539951730e+00 0.000000000000000000e+00
8.633943931305697816e+00 1.687188819793883576e+00 0.000000000000000000e+00
8.657080056294692127e+00 1.695561866034646314e+00 0.000000000000000000e+00
8.680214586921788822e+00 1.703445403513778267e+00 0.000000000000000000e+00
8.703347519100635310e+00 1.713891688159704163e+00 0.000000000000000000e+00
8.726478848746545225e+00 1.721056388420141747e+00 0.000000000000000000e+00
8.749608571776491317e+00 1.728493864596550633e+00 0.000000000000000000e+00
8.772736684109123217e+00 1.743600607415294323e+00 0.000000000000000000e+00
8.795863181664763886e+00 1.755245288980475049e+00 0.000000000000000000e+00
8.818988060365418491e+00 1.770110664686780133e+00 0.000000000000000000e+00
8.842111316134770860e+00 1.779530411694569825e+00 0.000000000000000000e+00
8.865232944898197687e+00 1.787078642371141335e+00 0.000000000000000000e+00
8.888352942582759653e+00 1.793399997311442950e+00 0.000000000000000000e+00
8.911471305117217412e+00 1.807559848835113447e+00 0.000000000000000000e+00
8.934588028432029816e+00 1.818325107027495946e+00 0.000000000000000000e+00
8.957703108459355690e+00 1.829097762883863165e+00 0.000000000000000000e+00
8.980816541133064490e+00 1.841697546678335629e+00 0.000000000000000000e+00
9.003928322388727423e+00 1.853753111094045281e+00 0.000000000000000000e+00
9.027038448163647644e+00 1.867201149271643157e+00 0.000000000000000000e+00
9.050146914396822950e+00 1.880051369836770014e+00 0.000000000000000000e+00
9.073253717028993748e+00 1.895688517066198342e+00 0.000000000000000000e+00
9.096358852002614626e+00 1.906500709815717176e+00 0.000000000000000000e+00
9.119462315261872121e+00 1.917201819653102657e+00 0.000000000000000000e+00
9.142564102752691824e+00 1.932599720769599516e+00 0.000000000000000000e+00
9.165664210422724167e+00 1.943203578393918995e+00 0.000000000000000000e+00
9.188762634221379955e+00 1.957805737319657124e+00 0.000000000000000000e+00
9.211859370099796607e+00 1.970211478651793024e+00 0.000000000000000000e+00
9.234954414010870138e+00 1.986849672217093410e+00 0.000000000000000000e+00
9.258047761909249829e+00 2.003461876392986785e+00 0.000000000000000000e+00
9.281139409751336444e+00 2.016152211330961563e+00 0.000000000000000000e+00
9.304229353495292898e+00 2.028688908895507570e+00 0.000000000000000000e+00
9.327317589101053130e+00 2.043888644053556192e+00 0.000000000000000000e+00
9.350404112530307899e+00 2.067011696781961838e+00 0.000000000000000000e+00
9.373488919746531423e+00 2.078734393803801872e+00 0.000000000000000000e+00
9.396572006714960068e+00 2.094872088429653445e+00 0.000000000000000000e+00
9.419653369402624321e+00 2.107124822370018080e+00 0.000000000000000000e+00
9.442733003778329248e+00 2.132370168450918868e+00 0.000000000000000000e+00
9.465810905812666931e+00 2.146873398338762229e+00 0.000000000000000000e+00
9.488887071478025348e+00 2.165056434052036849e+00 0.000000000000000000e+00
9.511961496748584821e+00 2.182046278126096972e+00 0.000000000000000000e+00
9.535034177600319794e+00 2.200732082382371946e+00 0.000000000000000000e+00
9.558105110011013039e+00 2.221012182350202924e+00 0.000000000000000000e+00
9.581174289960252111e+00 2.237900499271235688e+00 0.000000000000000000e+00
9.604241713429431115e+00 2.256633236705047452e+00 0.000000000000000000e+00
9.627307376401761374e+00 2.274167677402116006e+00 0.000000000000000000e+00
9.650371274862271420e+00 2.301945637648270981e+00 0.000000000000000000e+00
9.673433404797807000e+00 2.311859023008761671e+00 0.000000000000000000e+00
9.696493762197041733e+00 2.334163683648330601e+00 0.000000000000000000e+00
9.719552343050478882e+00 2.356071838876607760e+00 0.000000000000000000e+00
9.742609143350451362e+00 2.376280528548124327e+00 0.000000000000000000e+00
9.765664159091130614e+00 2.399069909558162461e+00 0.000000000000000000e+00
9.788717386268523057e+00 2.422902124966451964e+00 0.000000000000000000e+00
9.811768820880484299e+00 2.447198877063598399e+00 0.000000000000000000e+00
9.834818458926715579e+00 2.472028176320989257e+00 0.000000000000000000e+00
9.857866296408769102e+00 2.493399227285333808e+00 0.000000000000000000e+00
9.880912329330048038e+00 2.521208278674221148e+00 0.000000000000000000e+00
9.903956553695817178e+00 2.545092798009854551e+00 0.000000000000000000e+00
9.926998965513204709e+00 2.570482905221822989e+00 0.000000000000000000e+00
9.950039560791202220e+00 2.600216760145362294e+00 0.000000000000000000e+00
9.973078335540673578e+00 2.624528586649405693e+00 0.000000000000000000e+00
9.996115285774351378e+00 2.646810959122862794e+00 0.000000000000000000e+00
1.001915040750684582e+01 2.676270864437336972e+00 0.000000000000000000e+00
1.004218369675465183e+01 2.705978672461295087e+00 0.000000000000000000e+00
1.006521514953614727e+01 2.732215103653594657e+00 0.000000000000000000e+00
1.008824476187158936e+01 2.764620624762491374e+00 0.000000000000000000e+00
1.011127252978314139e+01 2.794041009142020915e+00 0.000000000000000000e+00
1.013429844929485135e+01 2.822282552056284644e+00 0.000000000000000000e+00
1.015732251643267148e+01 2.848837980277483695e+00 0.000000000000000000e+00
1.018034472722445294e+01 2.878467925218769263e+00 0.000000000000000000e+00
1.020336507769995293e+01 2.917423955802759927e+00 0.000000000000000000e+00
1.022638356389084180e+01 2.951065146527344751e+00 0.000000000000000000e+00
1.024940018183069768e+01 2.985261304640852931e+00 0.000000000000000000e+00
1.027241492755502072e+01 3.019670745518711286e+00 0.000000000000000000e+00
1.029542779710123135e+01 3.055694780305392211e+00 0.000000000000000000e+00
1.031843878650867197e+01 3.086732622911688928e+00 0.000000000000000000e+00
1.034144789181861590e+01 3.124080723104110113e+00 0.000000000000000000e+00
1.036445510907427092e+01 3.164781891988297513e+00 0.000000000000000000e+00
1.038746043432076327e+01 3.201876074313579235e+00 0.000000000000000000e+00
1.041046386360518206e+01 3.231089311873274195e+00 0.000000000000000000e+00
1.043346539297653663e+01 3.271997865206789591e+00 0.000000000000000000e+00
1.045646501848580456e+01 3.307154384129527003e+00 0.000000000000000000e+00
1.047946273618588897e+01 3.348662682814713687e+00 0.000000000000000000e+00
1.050245854213166652e+01 3.386888511057043250e+00 0.000000000000000000e+00
1.052545243237995543e+01 3.433446088861532797e+00 0.000000000000000000e+00
1.054844440298954744e+01 3.474989980829583658e+00 0.000000000000000000e+00
1.057143445002118476e+01 3.512859051973572733e+00 0.000000000000000000e+00
1.059442256953759376e+01 3.558278948093506866e+00 0.000000000000000000e+00
1.061740875760344771e+01 3.601003233329380215e+00 0.000000000000000000e+00
1.064039301028542539e+01 3.655944330428524403e+00 0.000000000000000000e+00
1.066337532365215068e+01 3.705421625123615392e+00 0.000000000000000000e+00
1.068635569377425654e+01 3.748257145197669171e+00 0.000000000000000000e+00
1.070933411672434232e+01 3.805738825494747957e+00 0.000000000000000000e+00
1.073231058857701115e+01 3.858884947928171272e+00 0.000000000000000000e+00
1.075528510540884497e+01 3.906709041751711631e+00 0.000000000000000000e+00
1.077825766329843127e+01 3.956433851768617060e+00 0.000000000000000000e+00
1.080122825832635236e+01 4.017712115387428895e+00 0.000000000000000000e+00
1.082419688657519252e+01 4.070805317248773925e+00 0.000000000000000000e+00
1.084716354412954686e+01 4.136354538032782635e+00 0.000000000000000000e+00
1.087012822707601245e+01 4.189139584679144157e+00 0.000000000000000000e+00
1.089309093150321139e+01 4.264307440465088028e+00 0.000000000000000000e+00
1.091605165350177131e+01 4.330353310946829737e+00 0.000000000000000000e+00
1.093901038916434842e+01 4.391776153874109134e+00 0.000000000000000000e+00
1.096196713458561334e+01 4.459886208931515661e+00 0.000000000000000000e+00
1.098492188586227769e+01 4.526127992004449929e+00 0.000000000000000000e+00
1.100787463909306929e+01 4.602633518445037986e+00 0.000000000000000000e+00
1.103082539037876231e+01 4.671140302594435134e+00 0.000000000000000000e+00
1.105377413582215951e+01 4.747880842195705497e+00 0.000000000000000000e+00
1.107672087152811180e+01 4.810001079253744649e+00 0.000000000000000000e+00
1.109966559360350757e+01 4.886785532710850255e+00 0.000000000000000000e+00
1.112260829815729579e+01 4.967612263690596386e+00 0.000000000000000000e+00
1.114554898130045757e+01 5.040698423968974495e+00 0.000000000000000000e+00
1.116848763914605236e+01 5.117287725290175615e+00 0.000000000000000000e+00
1.119142426780917354e+01 5.206090220884551201e+00 0.000000000000000000e+00
1.121435886340700172e+01 5.288344637161503492e+00 0.000000000000000000e+00
1.123729142205876030e+01 5.371478361322828299e+00 0.000000000000000000e+00
1.126022193988575282e+01 5.452987609561101401e+00 0.000000000000000000e+00
1.128315041301135579e+01 5.540170241229498416e+00 0.000000000000000000e+00
1.130607683756102055e+01 5.631110324006249890e+00 0.000000000000000000e+00
1.132900120966226964e+01 5.720126736909366016e+00 0.000000000000000000e+00
1.135192352544471817e+01 5.821768257660139056e+00 0.000000000000000000e+00
1.137484378104005778e+01 5.910205917636048412e+00 0.000000000000000000e+00
1.139776197258208867e+01 6.004053049712623213e+00 0.000000000000000000e+00
1.142067809620666630e+01 6.099321371009463810e+00 0.000000000000000000e+00
1.144359214805178659e+01 6.203720838860752984e+00 0.000000000000000000e+00
1.146650412425751497e+01 6.334750730091975868e+00 0.000000000000000000e+00
1.148941402096602182e+01 6.396951304473537547e+00 0.000000000000000000e+00
1.151232183432160205e+01 6.511667704135380319e+00 0.000000000000000000e+00
1.153522756047063780e+01 6.608964846856302700e+00 0.000000000000000000e+00
1.155813119556163926e+01 6.716634560580433622e+00 0.000000000000000000e+00
1.158103273574522518e+01 6.828261862168290008e+00 0.000000000000000000e+00
1.160393217717414061e+01 6.941181413338188833e+00 0.000000000000000000e+00
1.162682951600323911e+01 7.042003593805772788e+00 0.000000000000000000e+00
1.164972474838952365e+01 7.160542438360264939e+00 0.000000000000000000e+00
1.167261787049209865e+01 7.269232464024458551e+00 0.000000000000000000e+00
1.169550887847223208e+01 7.378537052971347876e+00 0.000000000000000000e+00
1.171839776849330228e+01 7.492604964092711484e+00 0.000000000000000000e+00
1.174128453672083694e+01 7.617299943226989889e+00 0.000000000000000000e+00
1.176416917932250783e+01 7.739661604565592157e+00 0.000000000000000000e+00
1.178705169246813256e+01 7.844751877054278566e+00 0.000000000000000000e+00
1.180993207232967990e+01 7.970530619510045156e+00 0.000000000000000000e+00
1.183281031508126624e+01 8.077876164036156936e+00 0.000000000000000000e+00
1.185568641689916269e+01 8.197117000442212031e+00 0.000000000000000000e+00
1.187856037396181108e+01 8.316560205272059747e+00 0.000000000000000000e+00
1.190143218244980083e+01 8.435409016603912846e+00 0.000000000000000000e+00
1.192430183854589920e+01 8.551016764415278359e+00 0.000000000000000000e+00
1.194716933843503703e+01 8.669161125791207567e+00 0.000000000000000000e+00
1.197003467830431767e+01 8.772287642153260734e+00 0.000000000000000000e+00
1.199289785434301869e+01 8.884298854511381904e+00 0.000000000000000000e+00
1.201575886274260263e+01 8.994660898513011205e+00 0.000000000000000000e+00
1.203861769969670803e+01 9.097313344446567029e+00 0.000000000000000000e+00
1.206147436140116369e+01 9.209108321988180634e+00 0.000000000000000000e+00
1.208432884405398511e+01 9.318306157983775151e+00 0.000000000000000000e+00
1.210718114385537270e+01 9.412159488291978349e+00 0.000000000000000000e+00
1.213003125700773310e+01 9.506669291893246054e+00 0.000000000000000000e+00
1.215287917971567033e+01 9.609612783055712981e+00 0.000000000000000000e+00
1.217572490818597863e+01 9.696606457774052501e+00 0.000000000000000000e+00
1.219856843862767093e+01 9.781834862290095245e+00 0.000000000000000000e+00
1.222140976725195571e+01 9.863690041712343870e+00 0.000000000000000000e+00
1.224424889027226193e+01 9.951649975277335969e+00 0.000000000000000000e+00
1.226708580390423187e+01 1.001251555908868340e+01 0.000000000000000000e+00
1.228992050436572114e+01 1.008368251805438476e+01 0.000000000000000000e+00
1.231275298787681116e+01 1.013579372087060726e+01 0.000000000000000000e+00
1.233558325065979666e+01 1.018822995531852627e+01 0.000000000000000000e+00
1.235841128893921592e+01 1.025830896834560590e+01 0.000000000000000000e+00
1.238123709894182412e+01 1.029037702130103860e+01 0.000000000000000000e+00
1.240406067689661640e+01 1.034055908341993124e+01 0.000000000000000000e+00
1.242688201903481726e+01 1.036955662078978158e+01 0.000000000000000000e+00
1.244970112158991071e+01 1.039748210216304258e+01 0.000000000000000000e+00
1.247251798079759233e+01 1.041820653663697094e+01 0.000000000000000000e+00
1.249533259289583498e+01 1.041852836614273947e+01 0.000000000000000000e+00
1.251814495412483552e+01 1.043195896930189548e+01 0.000000000000000000e+00
1.254095506072706101e+01 1.043815178614538119e+01 0.000000000000000000e+00
1.256376290894722558e+01 1.043787279004269486e+01 0.000000000000000000e+00
1.258656849503230468e+01 1.040842809653558909e+01 0.000000000000000000e+00
1.260937181523153150e+01 1.038433758153937880e+01 0.000000000000000000e+00
1.263217286579640763e+01 1.035559522578610014e+01 0.000000000000000000e+00
1.265497164298070309e+01 1.034350045265183660e+01 0.000000000000000000e+00
1.267776814304045985e+01 1.030292483268591219e+01 0.000000000000000000e+00
1.270056236223399360e+01 1.024853301571814157e+01 0.000000000000000000e+00
1.272335429682188845e+01 1.020331886078912653e+01 0.000000000000000000e+00
1.274614394306702359e+01 1.014404184772342887e+01 0.000000000000000000e+00
1.276893129723454479e+01 1.008546640568888009e+01 0.000000000000000000e+00
1.279171635559190534e+01 1.001433483590830065e+01 0.000000000000000000e+00
1.281449911440882516e+01 9.945841955270399382e+00 0.000000000000000000e+00
1.283727956995734054e+01 9.874426856368383909e+00 0.000000000000000000e+00
1.286005771851175972e+01 9.795086625103831324e+00 0.000000000000000000e+00
1.288283355634870553e+01 9.707376663664774696e+00 0.000000000000000000e+00
1.290560707974709409e+01 9.625657492845245855e+00 0.000000000000000000e+00
1.292837828498815966e+01 9.531034904863743051e+00 0.000000000000000000e+00
1.295114716835542623e+01 9.440609815361053592e+00 0.000000000000000000e+00
1.297391372613473415e+01 9.336244733435469456e+00 0.000000000000000000e+00
1.299667795461425257e+01 9.231900668545723221e+00 0.000000000000000000e+00
1.301943985008444926e+01 9.136936903100828289e+00 0.000000000000000000e+00
1.304219940883811724e+01 9.014702175793438244e+00 0.000000000000000000e+00
1.306495662717037654e+01 8.920617387099328610e+00 0.000000000000000000e+00
1.308771150137866890e+01 8.814695584176121201e+00 0.000000000000000000e+00
1.311046402776277198e+01 8.695504590482661555e+00 0.000000000000000000e+00
1.313321420262477623e+01 8.593821217253628575e+00 0.000000000000000000e+00
1.315596202226913647e+01 8.482003004075963304e+00 0.000000000000000000e+00
1.317870748300262029e+01 8.361285401781662685e+00 0.000000000000000000e+00
1.320145058113435255e+01 8.261917468996747616e+00 0.000000000000000000e+00
1.322419131297578865e+01 8.145024994119301809e+00 0.000000000000000000e+00
1.324692967484074124e+01 8.031256322270737158e+00 0.000000000000000000e+00
1.326966566304536421e+01 7.916719625762040025e+00 0.000000000000000000e+00
1.329239927390817755e+01 7.802938128247325800e+00 0.000000000000000000e+00
1.331513050375003893e+01 7.697134972543728360e+00 0.000000000000000000e+00
1.333785934889417923e+01 7.573480387465760799e+00 0.000000000000000000e+00
1.336058580566618481e+01 7.472974053905564240e+00 0.000000000000000000e+00
1.338330987039401165e+01 7.369010240074170603e+00 0.000000000000000000e+00
1.340603153940796943e+01 7.249790387469352559e+00 0.000000000000000000e+00
1.342875080904075702e+01 7.146860307486321950e+00 0.000000000000000000e+00
1.345146767562743406e+01 7.046715501538077575e+00 0.000000000000000000e+00
1.347418213550543697e+01 6.943961026501463962e+00 0.000000000000000000e+00
1.349689418501459137e+01 6.838369130753124914e+00 0.000000000000000000e+00
1.351960382049708898e+01 6.742629659117155505e+00 0.000000000000000000e+00
1.354231103829752492e+01 6.640645326958186878e+00 0.000000000000000000e+00
1.356501583476286044e+01 6.534970409244144740e+00 0.000000000000000000e+00
1.358771820624247084e+01 6.446440662436117464e+00 0.000000000000000000e+00
1.361041814908810821e+01 6.348337836392499156e+00 0.000000000000000000e+00
1.363311565965392980e+01 6.239977353605656418e+00 0.000000000000000000e+00
1.365581073429648029e+01 6.156178297650693132e+00 0.000000000000000000e+00
1.367850336937472555e+01 6.067943501703199516e+00 0.000000000000000000e+00
1.370119356125002241e+01 5.977379608946284506e+00 0.000000000000000000e+00
1.372388130628613645e+01 5.884567285924328317e+00 0.000000000000000000e+00
1.374656660084924908e+01 5.803124442328985388e+00 0.000000000000000000e+00
1.376924944130795225e+01 5.713583924052953122e+00 0.000000000000000000e+00
1.379192982403325018e+01 5.624211617612062675e+00 0.000000000000000000e+00
1.381460774539858782e+01 5.552588701151345063e+00 0.000000000000000000e+00
1.383728320177979754e+01 5.471882505181878464e+00 0.000000000000000000e+00
1.385995618955515951e+01 5.388091096640777344e+00 0.000000000000000000e+00
1.388262670510538044e+01 5.315465709779516601e+00 0.000000000000000000e+00
1.390529474481359173e+01 5.244615127605571026e+00 0.000000000000000000e+00
1.392796030506535843e+01 5.167279649410450482e+00 0.000000000000000000e+00
1.395062338224868803e+01 5.097223438510099847e+00 0.000000000000000000e+00
1.397328397275401812e+01 5.031014173017819502e+00 0.000000000000000000e+00
1.399594207297423232e+01 4.956929935839883505e+00 0.000000000000000000e+00
1.401859767930465850e+01 4.888240908978113808e+00 0.000000000000000000e+00
1.404125078814307059e+01 4.828098223459188709e+00 0.000000000000000000e+00
1.406390139588969745e+01 4.758479585459213901e+00 0.000000000000000000e+00
1.408654949894721398e+01 4.694784289481296113e+00 0.000000000000000000e+00
1.410919509372075176e+01 4.630444690433697552e+00 0.000000000000000000e+00
1.413183817661790798e+01 4.573106566142926432e+00 0.000000000000000000e+00
1.415447874404872763e+01 4.516460043031047533e+00 0.000000000000000000e+00
1.417711679242573553e+01 4.455627133751675295e+00 0.000000000000000000e+00
1.419975231816390782e+01 4.405439060666932249e+00 0.000000000000000000e+00
1.422238531768069514e+01 4.349321310803250462e+00 0.000000000000000000e+00
1.424501578739602436e+01 4.291940326987639054e+00 0.000000000000000000e+00
1.426764372373229328e+01 4.248997524955250960e+00 0.000000000000000000e+00
1.429026912311438124e+01 4.200477295043749670e+00 0.000000000000000000e+00
1.431289198196963852e+01 4.142097951502817565e+00 0.000000000000000000e+00
1.433551229672790583e+01 4.098436832837570876e+00 0.000000000000000000e+00
1.435813006382150547e+01 4.045490026649382287e+00 0.000000000000000000e+00
1.438074527968525018e+01 3.999980692361883250e+00 0.000000000000000000e+00
1.440335794075644316e+01 3.954222529758077975e+00 0.000000000000000000e+00
1.442596804347488160e+01 3.902820743354496802e+00 0.000000000000000000e+00
1.444857558428285671e+01 3.864640529154240500e+00 0.000000000000000000e+00
1.447118055962516259e+01 3.825760748697488278e+00 0.000000000000000000e+00
1.449378296594908733e+01 3.783951827727486616e+00 0.000000000000000000e+00
1.451638279970443079e+01 3.743559414199776114e+00 0.000000000000000000e+00
1.453898005734349752e+01 3.709103948739946421e+00 0.000000000000000000e+00
1.456157473532109492e+01 3.667884612276051115e+00 0.000000000000000000e+00
1.458416683009455284e+01 3.626323750443595006e+00 0.000000000000000000e+00
1.460675633812371288e+01 3.590519950843316099e+00 0.000000000000000000e+00
1.462934325587093198e+01 3.553375526648696159e+00 0.000000000000000000e+00
1.465192757980108063e+01 3.520752203668646718e+00 0.000000000000000000e+00
1.467450930638156059e+01 3.485019310445649054e+00 0.000000000000000000e+00
1.469708843208229609e+01 3.455601981768225084e+00 0.000000000000000000e+00
1.471966495337574621e+01 3.418349187765151065e+00 0.000000000000000000e+00
1.474223886673688710e+01 3.383707804458919721e+00 0.000000000000000000e+00
1.476481016864323870e+01 3.349885166198908859e+00 0.000000000000000000e+00
1.478737885557484866e+01 3.330402758257947848e+00 0.000000000000000000e+00
1.480994492401430840e+01 3.292467756761076281e+00 0.000000000000000000e+00
1.483250837044674597e+01 3.268108324781103136e+00 0.000000000000000000e+00
1.485506919135984205e+01 3.234598261823274701e+00 0.000000000000000000e+00
1.487762738324380507e+01 3.206212298745410028e+00 0.000000000000000000e+00
1.490018294259140674e+01 3.180763886060720580e+00 0.000000000000000000e+00
1.492273586589796608e+01 3.157315983843480112e+00 0.000000000000000000e+00
1.494528614966135649e+01 3.127090615613921099e+00 0.000000000000000000e+00
1.496783379038199868e+01 3.100380961754579445e+00 0.000000000000000000e+00
1.499037878456288730e+01 3.075977497625276058e+00 0.000000000000000000e+00
1.501292112870956608e+01 3.050019821938997122e+00 0.000000000000000000e+00
1.503546081933014911e+01 3.021362183498298215e+00 0.000000000000000000e+00
1.505799785293530491e+01 3.004040530825063726e+00 0.000000000000000000e+00
1.508053222603828836e+01 2.982073539027319864e+00 0.000000000000000000e+00
1.510306393515491052e+01 2.955123869682207971e+00 0.000000000000000000e+00
1.512559297680356707e+01 2.936343270138553674e+00 0.000000000000000000e+00
1.514811934750521516e+01 2.911076034237106036e+00 0.000000000000000000e+00
1.517064304378341433e+01 2.894131614086402848e+00 0.000000000000000000e+00
1.519316406216427673e+01 2.871100297737349649e+00 0.000000000000000000e+00
1.521568239917651866e+01 2.847556322081207014e+00 0.000000000000000000e+00
1.523819805135142857e+01 2.829562711327986868e+00 0.000000000000000000e+00
1.526071101522290263e+01 2.812160825413177356e+00 0.000000000000000000e+00
1.528322128732740914e+01 2.793432035096801602e+00 0.000000000000000000e+00
1.530572886420401346e+01 2.773775644578501787e+00 0.000000000000000000e+00
1.532823374239438330e+01 2.756917164358334560e+00 0.000000000000000000e+00
1.535073591844278340e+01 2.737836507332120028e+00 0.000000000000000000e+00
1.537323538889607377e+01 2.714029962119357986e+00 0.000000000000000000e+00
1.539573215030371856e+01 2.705448686520993018e+00 0.000000000000000000e+00
1.541822619921779847e+01 2.685580199066258889e+00 0.000000000000000000e+00
1.544071753219298238e+01 2.669539324010621772e+00 0.000000000000000000e+00
1.546320614578656816e+01 2.650305834092811175e+00 0.000000000000000000e+00
1.548569203655845072e+01 2.637553180398618302e+00 0.000000000000000000e+00
1.550817520107116465e+01 2.627382989569031935e+00 0.000000000000000000e+00
1.553065563588982734e+01 2.615286200635886349e+00 0.000000000000000000e+00
1.555313333758220118e+01 2.599515922033009740e+00 0.000000000000000000e+00
1.557560830271866337e+01 2.577998492953995413e+00 0.000000000000000000e+00
1.559808052787222721e+01 2.567639806266744262e+00 0.000000000000000000e+00
1.562055000961850482e+01 2.555239200626099993e+00 0.000000000000000000e+00
1.564301674453576929e+01 2.542388837392941969e+00 0.000000000000000000e+00
1.566548072920490320e+01 2.521582230275866365e+00 0.000000000000000000e+00
1.568794196020943943e+01 2.514206467878056905e+00 0.000000000000000000e+00
1.571040043413553455e+01 2.499509039646596875e+00 0.000000000000000000e+00
1.573285614757199191e+01 2.489811916046547502e+00 0.000000000000000000e+00
1.575530909711025274e+01 2.475518236092973279e+00 0.000000000000000000e+00
1.577775927934440503e+01 2.464279675531158453e+00 0.000000000000000000e+00
1.580020669087117824e+01 2.453083225509077980e+00 0.000000000000000000e+00
1.582265132828994680e+01 2.435949269922800919e+00 0.000000000000000000e+00
1.584509318820274615e+01 2.429602927401785184e+00 0.000000000000000000e+00
1.586753226721425847e+01 2.421067951214594061e+00 0.000000000000000000e+00
1.588996856193182339e+01 2.410127508483361769e+00 0.000000000000000000e+00
1.591240206896543086e+01 2.395757561607227082e+00 0.000000000000000000e+00
1.593483278492774247e+01 2.386540337936493561e+00 0.000000000000000000e+00
1.595726070643406835e+01 2.373401000599049571e+00 0.000000000000000000e+00
1.597968583010240096e+01 2.363480493035364560e+00 0.000000000000000000e+00
1.600210815255337238e+01 2.353804821652680790e+00 0.000000000000000000e+00
1.602452767041031123e+01 2.349204932443881066e+00 0.000000000000000000e+00
1.604694438029919823e+01 2.333504940057581134e+00 0.000000000000000000e+00
1.606935827884869639e+01 2.328945508907661832e+00 0.000000000000000000e+00
1.609176936269014391e+01 2.316029756779424353e+00 0.000000000000000000e+00
1.611417762845755064e+01 2.312228155766681503e+00 0.000000000000000000e+00
1.613658307278761583e+01 2.304902796825603950e+00 0.000000000000000000e+00
1.615898569231971393e+01 2.293644380277605865e+00 0.000000000000000000e+00
1.618138548369590524e+01 2.286776875814210630e+00 0.000000000000000000e+00
1.620378244356093589e+01 2.281604758860108273e+00 0.000000000000000000e+00
1.622617656856223789e+01 2.266696059558420018e+00 0.000000000000000000e+00
1.624856785534995041e+01 2.262212778962517934e+00 0.000000000000000000e+00
1.627095630057688780e+01 2.254219692754694027e+00 0.000000000000000000e+00
1.629334190089856449e+01 2.244226908627767969e+00 0.000000000000000000e+00
1.631572465297319852e+01 2.239768346057315895e+00 0.000000000000000000e+00
1.633810455346170087e+01 2.234563885498055846e+00 0.000000000000000000e+00
1.636048159902768262e+01 2.225691579118149743e+00 0.000000000000000000e+00
1.638285578633747619e+01 2.218970596172472831e+00 0.000000000000000000e+00
1.640522711206009987e+01 2.212121131025046594e+00 0.000000000000000000e+00
1.642759557286728977e+01 2.204185040259048822e+00 0.000000000000000000e+00
1.644996116543349274e+01 2.200219646637299409e+00 0.000000000000000000e+00
1.647232388643586631e+01 2.193663523272864069e+00 0.000000000000000000e+00
1.649468373255428233e+01 2.188792131379357020e+00 0.000000000000000000e+00
1.651704070047133399e+01 2.181735497702480320e+00 0.000000000000000000e+00
1.653939478687233589e+01 2.174050758442551246e+00 0.000000000000000000e+00
1.656174598844530266e+01 2.170463227656763028e+00 0.000000000000000000e+00
1.658409430188101297e+01 2.158428927042415513e+00 0.000000000000000000e+00
1.660643972387292777e+01 2.157078996499017354e+00 0.000000000000000000e+00
1.662878225111726138e+01 2.153046868162315608e+00 0.000000000000000000e+00
1.665112188031295659e+01 2.147800628101796949e+00 0.000000000000000000e+00
1.667345860816167757e+01 2.134395498754955600e+00 0.000000000000000000e+00
1.669579243136782765e+01 2.130012076326828652e+00 0.000000000000000000e+00
1.671812334663855282e+01 2.118204372070022323e+00 0.000000000000000000e+00
1.674045135068372048e+01 2.112353933371588166e+00 0.000000000000000000e+00
1.676277644021596558e+01 2.110729411709943104e+00 0.000000000000000000e+00
1.678509861195063024e+01 2.103234948230249035e+00 0.000000000000000000e+00
1.680741786260583481e+01 2.097818478008105725e+00 0.000000000000000000e+00
1.682973418890241390e+01 2.099708147020757920e+00 0.000000000000000000e+00
1.685204758756398391e+01 2.090298248406823767e+00 0.000000000000000000e+00
1.687435805531688615e+01 2.080352989554165699e+00 0.000000000000000000e+00
1.689666558889022951e+01 2.076510770558837482e+00 0.000000000000000000e+00
1.691897018501586558e+01 2.070109474586899534e+00 0.000000000000000000e+00
1.694127184042840639e+01 2.070856675203117447e+00 0.000000000000000000e+00
1.696357055186523155e+01 2.063745052836293947e+00 0.000000000000000000e+00
1.698586631606647401e+01 2.061905136431901209e+00 0.000000000000000000e+00
1.700815912977502364e+01 2.061106660720879447e+00 0.000000000000000000e+00
1.703044898973654497e+01 2.045398939618565226e+00 0.000000000000000000e+00
1.705273589269946299e+01 2.045324313649887760e+00 0.000000000000000000e+00
1.707501983541497381e+01 2.043649162525013718e+00 0.000000000000000000e+00
1.709730081463704465e+01 2.041232468938397826e+00 0.000000000000000000e+00
1.711957882712241386e+01 2.043326358478444238e+00 0.000000000000000000e+00
1.714185386963059443e+01 2.043693207179934301e+00 0.000000000000000000e+00
1.716412593892387406e+01 2.043553565511131875e+00 0.000000000000000000e+00
1.718639503176732575e+01 2.045957411294257344e+00 0.000000000000000000e+00
1.720866114492879717e+01 2.045489405648465375e+00 0.000000000000000000e+00
1.723092427517891423e+01 2.047499831037302709e+00 0.000000000000000000e+00
1.725318441929109525e+01 2.050204930704735862e+00 0.000000000000000000e+00
1.727544157404154745e+01 2.046642966976229605e+00 0.000000000000000000e+00
1.729769573620924916e+01 2.054614150859396027e+00 0.000000000000000000e+00
1.731994690257599245e+01 2.059422004637463388e+00 0.000000000000000000e+00
1.734219506992633697e+01 2.057997206110590671e+00 0.000000000000000000e+00
1.736444023504765966e+01 2.063576561114416119e+00 0.000000000000000000e+00
1.738668239473011212e+01 2.061050589983768333e+00 0.000000000000000000e+00
1.740892154576665973e+01 2.063118899824261998e+00 0.000000000000000000e+00
1.743115768495305673e+01 2.068547882896929035e+00 0.000000000000000000e+00
1.745339080908786755e+01 2.063325287743527969e+00 0.000000000000000000e+00
1.747562091497245618e+01 2.069844738539440954e+00 0.000000000000000000e+00
1.749784799941099322e+01 2.061479302802560643e+00 0.000000000000000000e+00
1.752007205921044175e+01 2.062117508874625749e+00 0.000000000000000000e+00
1.754229309118060343e+01 2.058599238337872617e+00 0.000000000000000000e+00
1.756451109213406170e+01 2.050950759978616311e+00 0.000000000000000000e+00
1.758672605888623863e+01 2.050959293832427033e+00 0.000000000000000000e+00
1.760893798825533807e+01 2.041557994790615282e+00 0.000000000000000000e+00
1.763114687706241668e+01 2.034402332125839319e+00 0.000000000000000000e+00
1.765335272213132711e+01 2.040461622497016680e+00 0.000000000000000000e+00
1.767555552028873933e+01 2.026593215369052903e+00 0.000000000000000000e+00
1.769775526836416191e+01 2.017374097745359585e+00 0.000000000000000000e+00
1.771995196318991361e+01 2.014795128390517220e+00 0.000000000000000000e+00
1.774214560160114829e+01 2.005773289067581011e+00 0.000000000000000000e+00
1.776433618043583706e+01 1.993842716159524908e+00 0.000000000000000000e+00
1.778652369653478615e+01 1.990037093404359636e+00 0.000000000000000000e+00
1.780870814674162972e+01 1.981008355340330374e+00 0.000000000000000000e+00
1.783088952790284054e+01 1.975467705196710222e+00 0.000000000000000000e+00
1.785306783686771581e+01 1.973692831085402055e+00 0.000000000000000000e+00
1.787524307048840555e+01 1.964328263136475572e+00 0.000000000000000000e+00
1.789741522561987352e+01 1.963545558612237008e+00 0.000000000000000000e+00
1.791958429911993989e+01 1.958385656078055259e+00 0.000000000000000000e+00
1.794175028784927051e+01 1.953179201483860483e+00 0.000000000000000000e+00
1.796391318867136633e+01 1.948450348681445732e+00 0.000000000000000000e+00
1.798607299845256335e+01 1.950628925838313821e+00 0.000000000000000000e+00
1.800822971406207174e+01 1.946608474381854803e+00 0.000000000000000000e+00
1.803038333237191893e+01 1.946188271024039906e+00 0.000000000000000000e+00
1.805253385025700297e+01 1.944575945011007168e+00 0.000000000000000000e+00
1.807468126459506763e+01 1.941821412839907390e+00 0.000000000000000000e+00
1.809682557226671307e+01 1.941354478100311587e+00 0.000000000000000000e+00
1.811896677015538870e+01 1.937474375210216371e+00 0.000000000000000000e+00
1.814110485514740390e+01 1.933394037670754573e+00 0.000000000000000000e+00
1.816323982413192795e+01 1.935608839002187942e+00 0.000000000000000000e+00
1.818537167400100074e+01 1.937088415601160296e+00 0.000000000000000000e+00
1.820750040164949723e+01 1.933820143576639117e+00 0.000000000000000000e+00
1.822962600397518429e+01 1.934981245922435367e+00 0.000000000000000000e+00
1.825174847787867805e+01 1.937131604409222163e+00 0.000000000000000000e+00
1.827386782026347234e+01 1.937768161542228196e+00 0.000000000000000000e+00
1.829598402803591384e+01 1.932701239424658768e+00 0.000000000000000000e+00
1.831809709810523401e+01 1.935710562133917456e+00 0.000000000000000000e+00
1.834020702738353847e+01 1.932701508471506457e+00 0.000000000000000000e+00
1.836231381278579278e+01 1.936204101128699895e+00 0.000000000000000000e+00
1.838441745122984727e+01 1.931009832172777996e+00 0.000000000000000000e+00
1.840651793963643001e+01 1.933172018853229535e+00 0.000000000000000000e+00
1.842861527492913964e+01 1.934593425772177966e+00 0.000000000000000000e+00
1.845070945403446672e+01 1.935374908246679793e+00 0.000000000000000000e+00
1.847280047388177948e+01 1.933796082121187698e+00 0.000000000000000000e+00
1.849488833140331678e+01 1.935884261419958952e+00 0.000000000000000000e+00
1.851697302353422359e+01 1.936347275730506468e+00 0.000000000000000000e+00
1.853905454721251900e+01 1.935178329817014209e+00 0.000000000000000000e+00
1.856113289937911048e+01 1.928506873379229214e+00 0.000000000000000000e+00
1.858320807697780097e+01 1.929930428166859446e+00 0.000000000000000000e+00
1.860528007695528530e+01 1.931995399207713238e+00 0.000000000000000000e+00
1.862734889626113599e+01 1.927749887181946287e+00 0.000000000000000000e+00
1.864941453184784237e+01 1.935444615273490321e+00 0.000000000000000000e+00
1.867147698067077499e+01 1.931077659457765217e+00 0.000000000000000000e+00
1.869353623968821410e+01 1.930826397725390997e+00 0.000000000000000000e+00
1.871559230586131761e+01 1.930012551968834922e+00 0.000000000000000000e+00
1.873764517615417091e+01 1.928835135025918968e+00 0.000000000000000000e+00
1.875969484753374417e+01 1.931950678425310652e+00 0.000000000000000000e+00
1.878174131696991722e+01 1.927236997807034946e+00 0.000000000000000000e+00
1.880378458143547249e+01 1.932022614263241955e+00 0.000000000000000000e+00
1.882582463790610916e+01 1.930251242990934424e+00 0.000000000000000000e+00
1.884786148336041833e+01 1.929686599106329670e+00 0.000000000000000000e+00
1.886989511477991144e+01 1.931281849768354153e+00 0.000000000000000000e+00
1.889192552914900958e+01 1.924442674604097014e+00 0.000000000000000000e+00
1.891395272345505063e+01 1.924930930214521219e+00 0.000000000000000000e+00
1.893597669468828215e+01 1.925462824815471707e+00 0.000000000000000000e+00
1.895799743984186492e+01 1.925219793064316010e+00 0.000000000000000000e+00
1.898001495591188359e+01 1.924575902509825465e+00 0.000000000000000000e+00
1.900202923989733961e+01 1.920408750330156566e+00 0.000000000000000000e+00
1.902404028880015474e+01 1.921168290346975560e+00 0.000000000000000000e+00
1.904604809962517109e+01 1.918863077555104990e+00 0.000000000000000000e+00
1.906805266938014753e+01 1.918726363469329455e+00 0.000000000000000000e+00
1.909005399507578460e+01 1.916964227190678827e+00 0.000000000000000000e+00
1.911205207372570314e+01 1.919030561627742992e+00 0.000000000000000000e+00
1.913404690234643013e+01 1.917573859491728427e+00 0.000000000000000000e+00
1.915603847795745551e+01 1.919963199651379293e+00 0.000000000000000000e+00
1.917802679758117534e+01 1.917729081737098218e+00 0.000000000000000000e+00
1.920001185824293088e+01 1.915034223548558234e+00 0.000000000000000000e+00
1.922199365697098017e+01 1.915291590256593013e+00 0.000000000000000000e+00
1.924397219079653709e+01 1.911964411991166513e+00 0.000000000000000000e+00
1.926594745675373943e+01 1.903791944541931347e+00 0.000000000000000000e+00
1.928791945187966661e+01 1.910891725024336685e+00 0.000000000000000000e+00
1.930988817321432549e+01 1.908016263574214388e+00 0.000000000000000000e+00
1.933185361780068590e+01 1.906436696350080062e+00 0.000000000000000000e+00
1.935381578268463443e+01 1.902891160170998797e+00 0.000000000000000000e+00
1.937577466491502065e+01 1.900332877910888563e+00 0.000000000000000000e+00
1.939773026154362157e+01 1.907544431750511915e+00 0.000000000000000000e+00
1.941968256962517714e+01 1.900597347128982539e+00 0.000000000000000000e+00
1.944163158621736187e+01 1.899171031475765048e+00 0.000000000000000000e+00
1.946357730838079902e+01 1.898753160698528397e+00 0.000000000000000000e+00
1.948551973317906771e+01 1.898492784136366573e+00 0.000000000000000000e+00
1.950745885767868870e+01 1.898713065696019164e+00 0.000000000000000000e+00
1.952939467894915637e+01 1.892031504072803738e+00 0.000000000000000000e+00
1.955132719406289254e+01 1.894024650387299058e+00 0.000000000000000000e+00
1.957325640009529266e+01 1.890316047748082040e+00 0.000000000000000000e+00
1.959518229412469381e+01 1.887344470737254198e+00 0.000000000000000000e+00
1.961710487323240670e+01 1.889585799930471932e+00 0.000000000000000000e+00
1.963902413450268725e+01 1.882918414642459792e+00 0.000000000000000000e+00
1.966094007502276497e+01 1.884687383493972357e+00 0.000000000000000000e+00
1.968285269188281816e+01 1.883540751975543603e+00 0.000000000000000000e+00
1.970476198217599162e+01 1.879913411166415083e+00 0.000000000000000000e+00
1.972666794299839665e+01 1.875604110423272797e+00 0.000000000000000000e+00
1.974857057144912176e+01 1.877237261652830114e+00 0.000000000000000000e+00
1.977046986463018996e+01 1.878826138879643670e+00 0.000000000000000000e+00
1.979236581964661923e+01 1.872582871106459157e+00 0.000000000000000000e+00
1.981425843360640116e+01 1.871631920507518920e+00 0.000000000000000000e+00
1.983614770362046897e+01 1.872600941188155454e+00 0.000000000000000000e+00
1.985803362680275441e+01 1.870095652317650847e+00 0.000000000000000000e+00
1.987991620027015571e+01 1.868893590166250673e+00 0.000000000000000000e+00
1.990179542114253408e+01 1.860319445850721065e+00 0.000000000000000000e+00
1.992367128654273500e+01 1.858981205675816817e+00 0.000000000000000000e+00
1.994554379359658469e+01 1.860328583005479652e+00 0.000000000000000000e+00
1.996741293943287943e+01 1.857335885885220250e+00 0.000000000000000000e+00
1.998927872118339977e+01 1.860116054337094260e+00 0.000000000000000000e+00
2.001114113598289279e+01 1.856349341476743353e+00 0.000000000000000000e+00
2.003300018096911472e+01 1.857448056280402104e+00 0.000000000000000000e+00
2.005485585328277409e+01 1.853647991707410458e+00 0.000000000000000000e+00
2.007670815006758502e+01 1.852978378681604310e+00 0.000000000000000000e+00
2.009855706847023882e+01 1.849452395162240581e+00 0.000000000000000000e+00
2.012040260564040750e+01 1.845670353880714654e+00 0.000000000000000000e+00
2.014224475873076159e+01 1.845139172353603474e+00 0.000000000000000000e+00
2.016408352489695233e+01 1.844638501732580371e+00 0.000000000000000000e+00
2.018591890129762234e+01 1.844555141754846250e+00 0.000000000000000000e+00
2.020775088509439854e+01 1.840934118373709572e+00 0.000000000000000000e+00
2.022957947345191343e+01 1.841571175980316166e+00 0.000000000000000000e+00
2.025140466353779445e+01 1.836661452628918889e+00 0.000000000000000000e+00
2.027322645252263555e+01 1.837178977318640438e+00 0.000000000000000000e+00
2.029504483758005051e+01 1.832352329988487849e+00 0.000000000000000000e+00
2.031685981588665513e+01 1.827067535787830987e+00 0.000000000000000000e+00
2.033867138462203883e+01 1.827341857479295006e+00 0.000000000000000000e+00
2.036047954096881085e+01 1.826303954631308235e+00 0.000000000000000000e+00
2.038228428211255761e+01 1.825334711358329587e+00 0.000000000000000000e+00
2.040408560524189951e+01 1.826520249802537910e+00 0.000000000000000000e+00
2.042588350754843418e+01 1.824401064991751475e+00 0.000000000000000000e+00
2.044767798622675770e+01 1.820380271650384074e+00 0.000000000000000000e+00
2.046946903847448596e+01 1.816640291230598780e+00 0.000000000000000000e+00
2.049125666149225111e+01 1.819324254079998315e+00 0.000000000000000000e+00
2.051304085248365183e+01 1.812334099364969031e+00 0.000000000000000000e+00
2.053482160865532791e+01 1.812426048465840989e+00 0.000000000000000000e+00
2.055659892721691051e+01 1.813238494181129479e+00 0.000000000000000000e+00
2.057837280538106128e+01 1.812124854638935689e+00 0.000000000000000000e+00
2.060014324036343325e+01 1.809730753954574833e+00 0.000000000000000000e+00
2.062191022938268148e+01 1.806708077798058421e+00 0.000000000000000000e+00
2.064367376966050571e+01 1.802900114840456647e+00 0.000000000000000000e+00
2.066543385842158642e+01 1.801708409720902182e+00 0.000000000000000000e+00
2.068719049289364165e+01 1.803510569161843824e+00 0.000000000000000000e+00
2.070894367030740568e+01 1.798467260735811424e+00 0.000000000000000000e+00
2.073069338789661487e+01 1.795312389642246931e+00 0.000000000000000000e+00
2.075243964289801113e+01 1.792682525029507756e+00 0.000000000000000000e+00
2.077418243255140240e+01 1.795776342749817456e+00 0.000000000000000000e+00
2.079592175409956667e+01 1.788457422909470296e+00 0.000000000000000000e+00
2.081765760478833016e+01 1.791433927353198730e+00 0.000000000000000000e+00
2.083938998186653535e+01 1.785134401272876703e+00 0.000000000000000000e+00
2.086111888258604097e+01 1.788555887639445618e+00 0.000000000000000000e+00
2.088284430420174331e+01 1.783486553992737589e+00 0.000000000000000000e+00
2.090456624397154073e+01 1.784100350484879804e+00 0.000000000000000000e+00
2.092628469915637623e+01 1.781299001248376257e+00 0.000000000000000000e+00
2.094799966702020555e+01 1.778135175009872171e+00 0.000000000000000000e+00
2.096971114483003618e+01 1.780747928336180008e+00 0.000000000000000000e+00
2.099141912985587055e+01 1.776768242775939921e+00 0.000000000000000000e+00
2.101312361937076290e+01 1.776693113817640279e+00 0.000000000000000000e+00
2.103482461065079434e+01 1.776186764750726566e+00 0.000000000000000000e+00
2.105652210097507293e+01 1.773147273040382554e+00 0.000000000000000000e+00
2.107821608762574428e+01 1.773554575228424302e+00 0.000000000000000000e+00
2.109990656788797381e+01 1.767990726037622862e+00 0.000000000000000000e+00
2.112159353904996806e+01 1.770181399353094598e+00 0.000000000000000000e+00
2.114327699840298891e+01 1.769783310315451441e+00 0.000000000000000000e+00
2.116495694324129673e+01 1.765136294705545339e+00 0.000000000000000000e+00
2.118663337086221077e+01 1.767286308806560902e+00 0.000000000000000000e+00
2.120830627856608785e+01 1.761789317134349053e+00 0.000000000000000000e+00
2.122997566365631883e+01 1.758044053713059940e+00 0.000000000000000000e+00
2.125164152343932855e+01 1.762345706995755101e+00 0.000000000000000000e+00
2.127330385522460432e+01 1.758446051104369579e+00 0.000000000000000000e+00
2.129496265632462126e+01 1.755313170075551987e+00 0.000000000000000000e+00
2.131661792405498090e+01 1.750827593021812456e+00 0.000000000000000000e+00
2.133826965573423706e+01 1.749641957514711077e+00 0.000000000000000000e+00
2.135991784868405574e+01 1.750787963915003909e+00 0.000000000000000000e+00
2.138156250022909788e+01 1.742533419499707303e+00 0.000000000000000000e+00
2.140320360769711527e+01 1.746622559628513205e+00 0.000000000000000000e+00
2.142484116841886532e+01 1.743540907328420930e+00 0.000000000000000000e+00
2.144647517972817496e+01 1.747027648951154699e+00 0.000000000000000000e+00
2.146810563896191582e+01 1.744404340836217981e+00 0.000000000000000000e+00
2.148973254346000417e+01 1.743766938521519316e+00 0.000000000000000000e+00
2.151135589056540809e+01 1.740721160310422899e+00 0.000000000000000000e+00
2.153297567762413678e+01 1.744042327164232908e+00 0.000000000000000000e+00
2.155459190198526898e+01 1.739833746605091935e+00 0.000000000000000000e+00
2.157620456100091033e+01 1.736065846568605631e+00 0.000000000000000000e+00
2.159781365202624670e+01 1.737365281933325623e+00 0.000000000000000000e+00
2.161941917241949795e+01 1.733211706709612221e+00 0.000000000000000000e+00
2.164102111954193575e+01 1.735123351157907612e+00 0.000000000000000000e+00
2.166261949075789417e+01 1.729919135438057864e+00 0.000000000000000000e+00
2.168421428343477686e+01 1.726276345441571713e+00 0.000000000000000000e+00
2.170580549494300726e+01 1.727799790516689304e+00 0.000000000000000000e+00
2.172739312265610323e+01 1.728879342797004837e+00 0.000000000000000000e+00
2.174897716395061309e+01 1.722488394745145923e+00 0.000000000000000000e+00
2.177055761620616892e+01 1.723623831344815560e+00 0.000000000000000000e+00
2.179213447680544036e+01 1.720174722065744843e+00 0.000000000000000000e+00
2.181370774313416305e+01 1.721080066432752798e+00 0.000000000000000000e+00
2.183527741258112798e+01 1.720618745298707841e+00 0.000000000000000000e+00
2.185684348253821696e+01 1.719796501118944665e+00 0.000000000000000000e+00
2.187840595040032809e+01 1.717033718698710576e+00 0.000000000000000000e+00
2.189996481356545388e+01 1.716591164664935887e+00 0.000000000000000000e+00
2.192152006943463505e+01 1.710678060212655005e+00 0.000000000000000000e+00
2.194307171541200319e+01 1.708071103779876809e+00 0.000000000000000000e+00
2.196461974890471680e+01 1.706511252054085714e+00 0.000000000000000000e+00
2.198616416732301815e+01 1.711344617740991447e+00 0.000000000000000000e+00
2.200770496808022259e+01 1.705478988204426116e+00 0.000000000000000000e+00
2.202924214859270791e+01 1.706302475263814955e+00 0.000000000000000000e+00
2.205077570627990724e+01 1.704079273564851560e+00 0.000000000000000000e+00
2.207230563856432681e+01 1.701851845504965821e+00 0.000000000000000000e+00
2.209383194287156016e+01 1.701025239247767162e+00 0.000000000000000000e+00
2.211535461663025615e+01 1.700419761210003378e+00 0.000000000000000000e+00
2.213687365727212608e+01 1.700124925589377112e+00 0.000000000000000000e+00
2.215838906223196147e+01 1.696962940075023241e+00 0.000000000000000000e+00
2.217990082894761983e+01 1.695107240023490558e+00 0.000000000000000000e+00
2.220140895486004595e+01 1.692406542680458648e+00 0.000000000000000000e+00
2.222291343741323644e+01 1.690524333129623136e+00 0.000000000000000000e+00
2.224441427405427163e+01 1.687750747149787234e+00 0.000000000000000000e+00
2.226591146223330497e+01 1.686621555631514280e+00 0.000000000000000000e+00
2.228740499940357367e+01 1.686502869153901241e+00 0.000000000000000000e+00
2.230889488302135959e+01 1.683727802687557507e+00 0.000000000000000000e+00
2.233038111054606034e+01 1.683761123039734242e+00 0.000000000000000000e+00
2.235186367944012176e+01 1.680393772712347911e+00 0.000000000000000000e+00
2.237334258716908053e+01 1.684300212877505754e+00 0.000000000000000000e+00
2.239481783120154645e+01 1.680246135893618931e+00 0.000000000000000000e+00
2.241628940900919531e+01 1.676017019091246230e+00 0.000000000000000000e+00
2.243775731806680085e+01 1.676656748292031818e+00 0.000000000000000000e+00
2.245922155585220281e+01 1.671717127819449589e+00 0.000000000000000000e+00
2.248068211984633535e+01 1.676330837853324818e+00 0.000000000000000000e+00
2.250213900753319507e+01 1.669706280683878497e+00 0.000000000000000000e+00
2.252359221639986231e+01 1.672465906515371081e+00 0.000000000000000000e+00
2.254504174393651539e+01 1.666790913654082162e+00 0.000000000000000000e+00
2.256648758763639151e+01 1.664554220345418445e+00 0.000000000000000000e+00
2.258792974499583295e+01 1.661724884897836541e+00 0.000000000000000000e+00
2.260936821351424797e+01 1.665053055787613312e+00 0.000000000000000000e+00
2.263080299069412149e+01 1.662182317029730294e+00 0.000000000000000000e+00
2.265223407404105416e+01 1.661168724739414015e+00 0.000000000000000000e+00
2.267366146106369484e+01 1.658142988523142458e+00 0.000000000000000000e+00
2.269508514927380816e+01 1.653798118035532561e+00 0.000000000000000000e+00
2.271650513618621403e+01 1.651532666003126870e+00 0.000000000000000000e+00
2.273792141931884814e+01 1.653110914659167818e+00 0.000000000000000000e+00
2.275933399619271214e+01 1.653354404848706771e+00 0.000000000000000000e+00
2.278074286433189855e+01 1.648009531983513076e+00 0.000000000000000000e+00
2.280214802126358720e+01 1.649811138395446575e+00 0.000000000000000000e+00
2.282354946451805233e+01 1.648829249397643970e+00 0.000000000000000000e+00
2.284494719162865195e+01 1.651489472426141747e+00 0.000000000000000000e+00
2.286634120013183136e+01 1.646143441602194724e+00 0.000000000000000000e+00
2.288773148756712672e+01 1.641098464365574605e+00 0.000000000000000000e+00
2.290911805147716507e+01 1.638323870675980620e+00 0.000000000000000000e+00
2.293050088940766074e+01 1.637241667973210246e+00 0.000000000000000000e+00
2.295187999890741182e+01 1.640629115338776201e+00 0.000000000000000000e+00
2.297325537752832503e+01 1.640792879502697588e+00 0.000000000000000000e+00
2.299462702282538373e+01 1.637951798782313118e+00 0.000000000000000000e+00
2.301599493235667282e+01 1.636212788620359682e+00 0.000000000000000000e+00
2.303735910368335738e+01 1.640339560291152576e+00 0.000000000000000000e+00
2.305871953436970401e+01 1.636522150682924392e+00 0.000000000000000000e+00
2.308007622198307018e+01 1.635073772479363807e+00 0.000000000000000000e+00
2.310142916409391489e+01 1.632449400324085254e+00 0.000000000000000000e+00
2.312277835827576666e+01 1.631752918035024535e+00 0.000000000000000000e+00
2.314412380210527687e+01 1.633012735962733775e+00 0.000000000000000000e+00
2.316546549316217707e+01 1.634384455279279447e+00 0.000000000000000000e+00
2.318680342902928970e+01 1.630367313972125309e+00 0.000000000000000000e+00
2.320813760729254227e+01 1.628520892675388021e+00 0.000000000000000000e+00
2.322946802554095314e+01 1.622908446714605102e+00 0.000000000000000000e+00
2.325079468136662797e+01 1.622594367648458435e+00 0.000000000000000000e+00
2.327211757236479883e+01 1.626689052923901757e+00 0.000000000000000000e+00
2.329343669613376022e+01 1.628276392988442067e+00 0.000000000000000000e+00
2.331475205027491526e+01 1.624328111845069200e+00 0.000000000000000000e+00
2.333606363239276504e+01 1.627439122681902273e+00 0.000000000000000000e+00
2.335737144009492283e+01 1.624228180118889586e+00 0.000000000000000000e+00
2.337867547099207499e+01 1.622023740950441661e+00 0.000000000000000000e+00
2.339997572269801651e+01 1.611103232140611574e+00 0.000000000000000000e+00
2.342127219282964745e+01 1.624878268782623092e+00 0.000000000000000000e+00
2.344256487900696584e+01 1.616294701862183603e+00 0.000000000000000000e+00
2.346385377885305701e+01 1.608269885099579355e+00 0.000000000000000000e+00
2.348513888999411847e+01 1.609195839148943596e+00 0.000000000000000000e+00
2.350642021005943150e+01 1.614968178554829992e+00 0.000000000000000000e+00
2.352769773668141440e+01 1.614751926062542475e+00 0.000000000000000000e+00
2.354897146749553372e+01 1.611351932600105785e+00 0.000000000000000000e+00
2.357024140014039659e+01 1.610369853759846315e+00 0.000000000000000000e+00
2.359150753225769748e+01 1.601973103842111668e+00 0.000000000000000000e+00
2.361276986149222878e+01 1.606874052466502834e+00 0.000000000000000000e+00
2.363402838549188800e+01 1.605147528972995064e+00 0.000000000000000000e+00
2.365528310190768480e+01 1.604753498808454415e+00 0.000000000000000000e+00
2.367653400839370903e+01 1.602875598346432007e+00 0.000000000000000000e+00
2.369778110260716630e+01 1.606103973986517275e+00 0.000000000000000000e+00
2.371902438220836729e+01 1.603380498522406272e+00 0.000000000000000000e+00
2.374026384486072416e+01 1.604303538572273480e+00 0.000000000000000000e+00
2.376149948823073643e+01 1.602636579258954752e+00 0.000000000000000000e+00
2.378273130998802998e+01 1.595464082369709713e+00 0.000000000000000000e+00
2.380395930780532154e+01 1.595241259820755486e+00 0.000000000000000000e+00
2.382518347935843295e+01 1.600987712500548277e+00 0.000000000000000000e+00
2.384640382232629463e+01 1.590755136526260438e+00 0.000000000000000000e+00
2.386762033439092079e+01 1.587390407213121302e+00 0.000000000000000000e+00
2.388883301323746622e+01 1.586685275937580020e+00 0.000000000000000000e+00
2.391004185655416592e+01 1.591916669171456133e+00 0.000000000000000000e+00
2.393124686203234930e+01 1.587114677433113075e+00 0.000000000000000000e+00
2.395244802736647927e+01 1.581897186831587421e+00 0.000000000000000000e+00
2.397364535025410603e+01 1.585432485058144936e+00 0.000000000000000000e+00
2.399483882839588489e+01 1.575521090612133746e+00 0.000000000000000000e+00
2.401602845949559395e+01 1.578502358744281908e+00 0.000000000000000000e+00
2.403721424126007733e+01 1.575937961306918655e+00 0.000000000000000000e+00
2.405839617139933040e+01 1.574883201208757466e+00 0.000000000000000000e+00
2.407957424762643939e+01 1.573724295270373608e+00 0.000000000000000000e+00
2.410074846765756718e+01 1.563419483205131133e+00 0.000000000000000000e+00
2.412191882921202435e+01 1.568008502555664263e+00 0.000000000000000000e+00
2.414308533001221235e+01 1.563443283979072396e+00 0.000000000000000000e+00
2.416424796778362349e+01 1.563425114093690782e+00 0.000000000000000000e+00
2.418540674025489068e+01 1.555347620547841814e+00 0.000000000000000000e+00
2.420656164515770925e+01 1.558971068676163529e+00 0.000000000000000000e+00
2.422771268022692226e+01 1.558077849867700149e+00 0.000000000000000000e+00
2.424885984320046362e+01 1.549786992825440635e+00 0.000000000000000000e+00
2.427000313181935809e+01 1.555329440187616763e+00 0.000000000000000000e+00
2.429114254382777460e+01 1.551396615577818050e+00 0.000000000000000000e+00
2.431227807697294097e+01 1.545384677191463441e+00 0.000000000000000000e+00
2.433340972900523980e+01 1.547005326467899122e+00 0.000000000000000000e+00
2.435453749767812681e+01 1.543736096499563448e+00 0.000000000000000000e+00
2.437566138074818411e+01 1.547203288294153323e+00 0.000000000000000000e+00
2.439678137597509533e+01 1.541067217327939165e+00 0.000000000000000000e+00
2.441789748112164915e+01 1.539989134868095189e+00 0.000000000000000000e+00
2.443900969395375000e+01 1.531377236955904220e+00 0.000000000000000000e+00
2.446011801224040383e+01 1.534126876183603549e+00 0.000000000000000000e+00
2.448122243375371454e+01 1.527075881014565928e+00 0.000000000000000000e+00
2.450232295626891954e+01 1.526940742718821964e+00 0.000000000000000000e+00
2.452341957756433999e+01 1.528256337551564981e+00 0.000000000000000000e+00
2.454451229542141277e+01 1.528911128373596329e+00 0.000000000000000000e+00
2.456560110762467986e+01 1.520951411456479052e+00 0.000000000000000000e+00
2.458668601196181669e+01 1.520414600664723004e+00 0.000000000000000000e+00
2.460776700622355762e+01 1.518775834255116308e+00 0.000000000000000000e+00
2.462884408820379178e+01 1.522914338872807694e+00 0.000000000000000000e+00
2.464991725569948855e+01 1.515868583106138923e+00 0.000000000000000000e+00
2.467098650651073655e+01 1.515010495975844806e+00 0.000000000000000000e+00
2.469205183844073304e+01 1.508541853740110961e+00 0.000000000000000000e+00
2.471311324929577324e+01 1.515115725244689404e+00 0.000000000000000000e+00
2.473417073688528234e+01 1.513915552495644246e+00 0.000000000000000000e+00
2.475522429902175503e+01 1.502343170203456424e+00 0.000000000000000000e+00
2.477627393352083374e+01 1.493322923208048714e+00 0.000000000000000000e+00
2.479731963820124463e+01 1.497972539133754832e+00 0.000000000000000000e+00
2.481836141088483316e+01 1.494747523759977881e+00 0.000000000000000000e+00
2.483939924939655697e+01 1.498308915291224563e+00 0.000000000000000000e+00
2.486043315156447164e+01 1.493558826103938975e+00 0.000000000000000000e+00
2.488146311521973075e+01 1.496376067294154621e+00 0.000000000000000000e+00
2.490248913819662135e+01 1.489726209182040240e+00 0.000000000000000000e+00
2.492351121833251426e+01 1.485829136792501171e+00 0.000000000000000000e+00
2.494452935346791378e+01 1.482636414063715380e+00 0.000000000000000000e+00
2.496554354144640442e+01 1.487952572725483202e+00 0.000000000000000000e+00
2.498655378011469708e+01 1.483868839510904758e+00 0.000000000000000000e+00
2.500756006732260062e+01 1.478417377812303757e+00 0.000000000000000000e+00
