raw data file is: CM9a.txt
number of data points: 	296
0.05868985617554303	351.6065312488071	35.16065312488071
0.06064618390714829	346.79585645171466	34.679585645171464
0.06260251155931955	342.46942837045844	34.24694283704584
0.06455883912949442	339.81421080854795	33.981421080854794
0.06651516661511052	335.66591864909253	33.566591864909256
0.06847149401360547	331.8441449552004	33.184414495520045
0.07042782132241687	329.56127764316096	32.9561277643161
0.0723841485389824	328.6008787152908	32.86008787152908
0.07434047566073962	325.7812552324209	32.57812552324209
0.07629680268512617	322.2759953421972	32.22759953421972
0.0782531296095797	321.63454620469463	32.163454620469466
0.0802094564315378	319.9706523680592	31.99706523680592
0.08216578314843812	317.7314994566781	31.77314994566781
0.08412210975771828	314.1634694357004	31.41634694357004
0.08607843625681592	314.56297246601116	31.456297246601117
0.08803476264316862	312.69391076899973	31.269391076899975
0.08999108891421406	310.150853252365	31.015085325236498
0.09194741506738988	308.16777895010324	30.816777895010325
0.09390374110013361	307.7209176011337	30.77209176011337
0.095860067009883	305.2798697564637	30.52798697564637
0.09781639279407561	304.461898996247	30.4461898996247
0.0997727184501491	302.8502087562112	30.28502087562112
0.10172904397554113	298.79690134226377	29.87969013422638
0.10368536936768931	298.270716119938	29.8270716119938
0.10564169462403122	296.98478278095666	29.698478278095667
0.10759801974200459	295.314408523723	29.5314408523723
0.10955434471904701	294.3565125500888	29.435651255008878
0.11151066955259614	292.00402752979664	29.200402752979667
0.11346699424008957	290.51742987815	29.051742987815
0.11542331877896501	289.5020741080042	28.95020741080042
0.11737964316666004	286.4875725473968	28.648757254739678
0.11933596740061239	285.93933500426186	28.59393350042619
0.12129229147825962	284.4076403895262	28.440764038952622
0.1232486153970394	282.038384019092	28.203838401909202
0.12520493915438938	279.56425629042553	27.956425629042556
0.12716126274774722	278.90952853497976	27.89095285349798
0.12911758617455055	276.07436319643733	27.607436319643735
0.131073909432237	276.0334433991453	27.603344339914532
0.13303023251824433	274.021933223026	27.4021933223026
0.1349865554300101	271.5417075949862	27.15417075949862
0.13694287816497194	269.2771395742369	26.92771395742369
0.13889920072056755	268.9600784670971	26.89600784670971
0.1408555230942346	265.04686125820365	26.504686125820367
0.14281184528341073	263.9014719534654	26.39014719534654
0.14476816728553366	262.766753063874	26.2766753063874
0.14672448909804095	261.0108247158257	26.101082471582572
0.14868081071837028	259.4307004638787	25.94307004638787
0.15063713214395935	257.2262054382285	25.72262054382285
0.15259345337224586	257.263051975633	25.726305197563303
0.15454977440066744	254.95509338479854	25.495509338479856
0.1565060952266617	251.72256939603008	25.17225693960301
0.15846241584766638	249.93634538381025	24.993634538381027
0.1604187362611192	250.06981750674558	25.00698175067456
0.16237505646445768	246.5130215963981	24.651302159639812
0.1643313764551196	245.41381934197724	24.541381934197727
0.16628769623054274	242.77457790166198	24.2774577901662
0.16824401578816453	241.75352447211225	24.175352447211225
0.17020033512542282	240.22290199327827	24.022290199327827
0.17215665423975526	237.66584954668969	23.76658495466897
0.17411297312859952	236.7059596705852	23.67059596705852
0.17606929178939326	236.00084498747756	23.60008449874776
0.17802561021957425	233.85377580660966	23.38537758066097
0.17998192841658014	231.16884321595677	23.116884321595677
0.18193824637784853	229.07489681900347	22.907489681900348
0.18389456410081728	227.0825161421992	22.708251614219922
0.18585088158292393	225.93431041491516	22.593431041491517
0.18780719882160624	223.28449278944922	22.328449278944923
0.1897635158143019	221.96947169649388	22.19694716964939
0.19171983255844863	219.59761841751006	21.959761841751007
0.19367614905148411	217.9889092915104	21.798890929151042
0.19563246529084605	216.33439016742824	21.633439016742827
0.19758878127397217	214.83011737292776	21.483011737292777
0.19954509699830014	211.9133400479388	21.19133400479388
0.2015014124612677	211.05281099497515	21.105281099497518
0.20345772766031256	208.8038570791275	20.88038570791275
0.20541404259287238	207.05035401546547	20.70503540154655
0.20737035725638495	204.80182146597826	20.480182146597826
0.20932667164828792	203.03641068460945	20.303641068460948
0.2112829857660191	201.6654942565728	20.16654942565728
0.2132392996070161	199.85637947164636	19.985637947164637
0.21519561316871672	197.47347331769856	19.74734733176986
0.21715192644855863	196.72536083151962	19.672536083151964
0.21910823944397967	195.4610457387334	19.54610457387334
0.2210645521524174	193.69829767887427	19.369829767887428
0.2230208645713097	191.27866726088206	19.127866726088207
0.22497717669809425	188.97359021882394	18.897359021882394
0.22693348853020873	188.19334321365258	18.819334321365258
0.22888980006509088	185.44703928755922	18.544703928755922
0.23084611130017857	184.0151402610575	18.40151402610575
0.23280242223290942	182.35272770344795	18.235272770344796
0.23475873286072124	180.82501831758796	18.082501831758798
0.23671504318105177	178.50307432364838	17.85030743236484
0.2386713531913387	177.64581621429508	17.76458162142951
0.24062766288901985	175.04270344125297	17.5042703441253
0.24258397227153286	173.32832385645054	17.332832385645055
0.2445402813363157	171.83973206351445	17.183973206351446
0.24649659008080593	171.24185755211454	17.124185755211453
0.2484528985024414	168.5557405624556	16.855574056245562
0.25040920659865984	166.63491244550775	16.663491244550777
0.252365514366899	165.47516010958174	16.547516010958173
0.2543218218045968	163.52154486503287	16.352154486503288
0.25778121344259675	159.36675469841248	15.936675469841248
0.281215666604255	139.85772455753366	13.985772455753366
0.304650066912831	123.81264147807528	12.381264147807528
0.32808440996415855	109.18791153442956	10.918791153442957
0.3515186913541333	96.05304257228516	9.605304257228518
0.3749529066787172	83.97124107987266	8.397124107987265
0.3983870515339443	74.12449057382781	7.412449057382782
0.42182112151592355	65.97697539971189	6.59769753997119
0.4452551122208454	59.08699490224686	5.908699490224686
0.46868901924498574	53.30330829217516	5.330330829217516
0.49212283818471037	48.579827700424204	4.857982770042421
0.5155565646364808	44.73253831644676	4.4732538316446755
0.5389901941968576	41.44267197031376	4.144267197031376
0.5624237224625064	38.48088960009986	3.848088960009986
0.5858571450302017	36.10934500467701	3.6109345004677014
0.6092904574968323	33.86623527488328	3.3866235274883283
0.6327236554594058	31.849752452177285	3.1849752452177285
0.6561567345150531	30.041885803857827	3.004188580385783
0.6795896902610337	28.333262652661364	2.8333262652661366
0.7030225182947397	26.66392205668597	2.666392205668597
0.7264552142137013	25.248859736492363	2.5248859736492366
0.7498877736155908	23.918953082625904	2.3918953082625904
0.7733201920982286	22.663730851874117	2.266373085187412
0.7967524652595861	21.572537651074654	2.1572537651074657
0.8201845886977921	20.567655609780147	2.0567655609780147
0.843616558011137	19.599181364691407	1.959918136469141
0.8670483687980766	18.748973440349804	1.8748973440349805
0.8904800166572384	17.99917365687277	1.7999173656872771
0.9139114971874258	17.25169460057951	1.725169460057951
0.9373428059876222	16.602305043022056	1.6602305043022056
0.9607739386569958	15.981980209962984	1.5981980209962985
0.9842048907949064	15.387646681044487	1.5387646681044487
1.0076356580009067	14.775412839169682	1.4775412839169684
1.0310662358747495	14.27182645444462	1.427182645444462
1.0544966200163923	13.718519710124463	1.3718519710124464
1.077926806026001	13.210227270387078	1.3210227270387078
1.1013567895039549	12.72099997256383	1.2720999972563831
1.1247865660508523	12.24861137155271	1.2248611371552711
1.1482161312675145	11.83271978697706	1.1832719786977062
1.17164548075499	11.409919001806283	1.1409919001806283
1.1950746101145613	10.995655982021228	1.0995655982021229
1.218503514947747	10.62598132705664	1.0625981327056642
1.2419321908563083	10.241513322529453	1.0241513322529454
1.2653606334422536	9.892537542702888	0.9892537542702888
1.2887888383078414	9.535056763790053	0.9535056763790053
1.312216801055588	9.230788268811496	0.9230788268811496
1.3356445172882712	8.908887968333387	0.8908887968333388
1.3590719826089321	8.606468694305647	0.8606468694305648
1.382499192620885	8.345156429716974	0.8345156429716974
1.4059261429277172	8.060278990163003	0.8060278990163003
1.4293528291332982	7.803811411147479	0.780381141114748
1.45277924684178	7.536627829647694	0.7536627829647694
1.4762053916576057	7.286771909523788	0.7286771909523788
1.4996312591855112	7.070560720903364	0.7070560720903365
1.5230568450305326	6.834846720794571	0.6834846720794572
1.546482144798009	6.632558642762894	0.6632558642762895
1.5699071540935865	6.410478658518338	0.6410478658518338
1.593331868523227	6.228350432465151	0.6228350432465151
1.6167562836932077	6.058360204893178	0.6058360204893178
1.64018039521013	5.867812679065971	0.5867812679065971
1.6636041986809216	5.690471076452884	0.5690471076452884
1.6870276897128422	5.526891468295299	0.55268914682953
1.710450863913488	5.381418795403487	0.5381418795403488
1.7338737168907974	5.22479073311223	0.522479073311223
1.7572962442530546	5.089859375257008	0.5089859375257009
1.7807184416088941	4.95374347485898	0.49537434748589804
1.8041403045673068	4.818908193254889	0.48189081932548894
1.8275618287376425	4.692945643096696	0.4692945643096696
1.8509830097296178	4.575127213327498	0.45751272133274984
1.8744038431533172	4.45746964977609	0.4457469649776091
1.8978243246192004	4.339895059605152	0.4339895059605152
1.9212444497381067	4.258062963385995	0.4258062963385995
1.9446642141212591	4.150162886824553	0.4150162886824553
1.9680836133802682	4.053333612912755	0.4053333612912755
1.9915026431271385	3.9431570915995504	0.39431570915995506
2.014921298974273	3.866952108052299	0.38669521080522995
2.038339576534476	3.7865367470107993	0.37865367470107997
2.06175747142096	3.6999552643366567	0.3699955264336657
2.08517497924735	3.618612019087681	0.36186120190876814
2.108592095627688	3.5475556733547626	0.3547555673354763
2.132008816176435	3.467017197382041	0.34670171973820413
2.155425136508481	3.413552634069441	0.3413552634069441
2.178841052239146	3.333785555479466	0.33337855554794665
2.2022565589841854	3.267565229189764	0.3267565229189764
2.2256716523597944	3.2102363070300752	0.32102363070300755
2.249086327982614	3.148313240572217	0.31483132405722175
2.2725005814697354	3.0917072520535056	0.3091707252053506
2.2959144084387026	3.0191863005969366	0.30191863005969366
2.3193278045075196	2.9655451248825546	0.2965545124882555
2.3427407652946544	2.9212263372183314	0.29212263372183317
2.3661532864190415	2.856305460474571	0.2856305460474571
2.389565363500092	2.8149002472188243	0.28149002472188245
2.412976992157692	2.7579671521100995	0.27579671521100996
2.4363881680122117	2.717068345847992	0.2717068345847992
2.4597988866845073	2.668478685124225	0.2668478685124225
2.4832091437959276	2.6168755155200016	0.2616875515520002
2.506618934968319	2.583003465209849	0.25830034652098494
2.5300282558240257	2.532485422303121	0.25324854223031207
2.5534371019859012	2.497061343441396	0.24970613434413963
2.5768454690773095	2.4527797297246776	0.24527797297246778
2.6002533527221283	2.421124588766428	0.2421124588766428
2.6236607485447556	2.383037452351993	0.23830374523519932
2.6470676521701146	2.3503137142637547	0.23503137142637548
2.670474059223658	2.3076716036041818	0.2307671603604182
2.693879965331372	2.2763217126495423	0.22763217126495425
2.7172853661197816	2.244656978764609	0.2244656978764609
2.740690257215955	2.2074803976789013	0.22074803976789015
2.764094634247509	2.182733730180255	0.21827337301802552
2.7874984928426114	2.151696219549466	0.2151696219549466
2.8109018286299903	2.130737494983896	0.21307374949838961
2.8343046372389322	2.0995468141057136	0.2099546814105714
2.857706914299294	2.0773866510099235	0.20773866510099237
2.8811086554415017	2.045856103805954	0.20458561038059542
2.9045098562965563	2.0265243960129826	0.20265243960129828
2.9279105124960427	2.0033909401920797	0.200339094019208
2.9513106196721277	1.9758846496361926	0.19758846496361926
2.9747101734575714	1.9580445756354365	0.19580445756354367
2.998109169485725	1.9392346716098179	0.1939234671609818
3.021507603390543	1.920312261284994	0.19203122612849943
3.0449054708065786	1.9021299283749902	0.19021299283749904
3.0683027673689987	1.8808168208230513	0.18808168208230513
3.09169948871358	1.856884137234197	0.1856884137234197
3.11509563047672	1.8462494254642496	0.18462494254642497
3.138491188295434	1.8194912722171492	0.18194912722171494
3.1618861578073707	1.806772531636484	0.1806772531636484
3.185280534650806	1.7911755470018382	0.17911755470018384
3.208674314464654	1.775482228372566	0.1775482228372566
3.232067492888469	1.7624562228345135	0.17624562228345136
3.255460065562451	1.74827965916595	0.174827965916595
3.278852028127452	1.7272554453806874	0.17272554453806876
3.302243376224977	1.711362815582861	0.1711362815582861
3.3256341054971914	1.7072380502816977	0.17072380502816978
3.349024211586926	1.6943052670423937	0.1694305267042394
3.3724136901376776	1.6776984420624312	0.16776984420624313
3.395802536793621	1.658878911548952	0.16588789115489522
3.4191907471996035	1.6512460370470265	0.16512460370470267
3.4425783170011575	1.6462654144027573	0.16462654144027575
3.465965241844506	1.6313528216005209	0.1631352821600521
3.4893515173765586	1.6155973104541803	0.16155973104541804
3.512737139244926	1.6122579218831068	0.16122579218831068
3.536122103097918	1.5919506509730996	0.15919506509730996
3.5595064045845493	1.5844310213504118	0.1584431021350412
3.5828900393545466	1.5685665055900675	0.15685665055900677
3.6062730030583507	1.5603528320777382	0.15603528320777382
3.6296552913471243	1.549703567159029	0.1549703567159029
3.65303689987275	1.5386128987887537	0.15386128987887537
3.6764178242878436	1.5351180424795634	0.15351180424795635
3.6997980602457528	1.5179374399452774	0.15179374399452775
3.7231776034005613	1.5129487391247751	0.15129487391247753
3.7465564494070995	1.5063143363161187	0.15063143363161188
3.7699345939209405	1.4955706719199562	0.14955706719199563
3.7933120325984144	1.4846986414164258	0.1484698641416426
3.8166887610966027	1.4807752363829079	0.1480775236382908
3.8400647750733508	1.4679601721623483	0.14679601721623484
3.8634400701872695	1.4546524848448974	0.14546524848448975
3.88681464209774	1.4515419672621779	0.1451541967262178
3.9101884864649143	1.4389496829813138	0.1438949682981314
3.9335615989497317	1.4358138262024316	0.14358138262024317
3.956933975213908	1.424123972992011	0.1424123972992011
3.980305610919952	1.413700665099244	0.14137006650992442
4.003676501731163	1.411724503622386	0.1411724503622386
4.027046643311639	1.4029475253589792	0.14029475253589793
4.050416031326281	1.3918822807352134	0.13918822807352135
4.073784661440795	1.3811996580220312	0.13811996580220312
4.097152529321701	1.3767132142035359	0.1376713214203536
4.120519630636331	1.3632713709799238	0.13632713709799238
4.143885961052842	1.3628698936979893	0.13628698936979894
4.167251516240213	1.3488188354411699	0.13488188354411698
4.190616291868254	1.3480947969817185	0.13480947969817186
4.213980283607609	1.3427613409169044	0.13427613409169045
4.237343487129761	1.333954878261601	0.13339548782616012
4.260705898107035	1.3229721964431842	0.13229721964431843
4.284067512212603	1.3211002280702966	0.13211002280702966
4.307428325120496	1.3105591364955018	0.1310559136495502
4.330788332505593	1.3078706559428779	0.1307870655942878
4.354147530043639	1.297870429111813	0.12978704291118132
4.3775059134112455	1.295257932832607	0.12952579328326072
4.400863478285894	1.2936076447904221	0.1293607644790422
4.424220220345941	1.2857816081884064	0.12857816081884063
4.447576135270619	1.2759332324909174	0.12759332324909176
4.470931218740052	1.2825872973648225	0.12825872973648225
4.4942854664352465	1.2750909734908253	0.12750909734908253
4.517638874038106	1.268680203349197	0.1268680203349197
4.540991437231429	1.2684651623819525	0.12684651623819526
4.5643431516989175	1.264304294970824	0.1264304294970824
4.587694013125182	1.2589669324942363	0.12589669324942362
4.611044017195741	1.2597080132859395	0.12597080132859395
4.634393159597032	1.2564473103627674	0.12564473103627674
4.657741436016409	1.2477808103866361	0.12477808103866361
4.681088842142154	1.2441550299191735	0.12441550299191735
4.704435373663478	1.2444267787228973	0.12444267787228974
4.7277810262705255	1.2381481919074036	0.12381481919074036
4.751125795654378	1.2379775864785327	0.12379775864785328
4.774469677507064	1.2332390793728434	0.12332390793728434
4.797812667521553	1.2335118561060452	0.12335118561060453
