1.369430231831915423e-02 9.671854475241769251e+03 0.000000000000000000e+00
1.565063116968836224e-02 7.080124419535379275e+03 0.000000000000000000e+00
1.760696000055845742e-02 4.725444296713144468e+03 0.000000000000000000e+00
1.956328880836704157e-02 3.351382675596652007e+03 0.000000000000000000e+00
2.151961759055171647e-02 2.501524437769005544e+03 0.000000000000000000e+00
2.347594634455010473e-02 2.103523359217385405e+03 0.000000000000000000e+00
2.543227506779981162e-02 1.624147439483147309e+03 0.000000000000000000e+00
2.738860375773844932e-02 1.283859753983579594e+03 0.000000000000000000e+00
2.934493241180363005e-02 1.032352874118696036e+03 0.000000000000000000e+00
3.130126102743296251e-02 8.438676232151759677e+02 0.000000000000000000e+00
3.325758960206406240e-02 7.068040735565753039e+02 0.000000000000000000e+00
3.521391813313454189e-02 5.935355545800000527e+02 0.000000000000000000e+00
3.717024661808200625e-02 5.052952424640914728e+02 0.000000000000000000e+00
3.912657505434408156e-02 4.360322030209414947e+02 0.000000000000000000e+00
4.108290343935835226e-02 3.753329157454977008e+02 0.000000000000000000e+00
4.303923177056248606e-02 3.249320663654049213e+02 0.000000000000000000e+00
4.499556004539402576e-02 2.858410802211192276e+02 0.000000000000000000e+00
4.695188826129064602e-02 2.499219649824909482e+02 0.000000000000000000e+00
4.890821641568993128e-02 2.214155851755017466e+02 0.000000000000000000e+00
5.086454450602952149e-02 1.989835744174806109e+02 0.000000000000000000e+00
5.282087252974701497e-02 1.762781973802336495e+02 0.000000000000000000e+00
5.477720048428001698e-02 1.574956208783700902e+02 0.000000000000000000e+00
5.673352836706613972e-02 1.409022136166493908e+02 0.000000000000000000e+00
5.868985617554303008e-02 1.292890017295153200e+02 0.000000000000000000e+00
6.064618390714829332e-02 1.166627454605655032e+02 0.000000000000000000e+00
6.260251155931954858e-02 1.049332111615427294e+02 0.000000000000000000e+00
6.455883912949442194e-02 9.563789334536186004e+01 0.000000000000000000e+00
6.651516661511051864e-02 8.793581135236738078e+01 0.000000000000000000e+00
6.847149401360547172e-02 8.059663280101199234e+01 0.000000000000000000e+00
7.042782132241687254e-02 7.430276222649260376e+01 0.000000000000000000e+00
7.238414853898239576e-02 6.782032578380810151e+01 0.000000000000000000e+00
7.434047566073961888e-02 6.308195276217981018e+01 0.000000000000000000e+00
7.629680268512617491e-02 5.794320166342875922e+01 0.000000000000000000e+00
7.825312960957969688e-02 5.427377473570813748e+01 0.000000000000000000e+00
8.020945643153780391e-02 4.981286448138263268e+01 0.000000000000000000e+00
8.216578314843811515e-02 4.711594964023602472e+01 0.000000000000000000e+00
8.412210975771827748e-02 4.401766899702941060e+01 0.000000000000000000e+00
8.607843625681592392e-02 4.151341282713694625e+01 0.000000000000000000e+00
8.803476264316861810e-02 3.812810420401600453e+01 0.000000000000000000e+00
8.999108891421406242e-02 3.584114395734955139e+01 0.000000000000000000e+00
9.194741506738987602e-02 3.368022196647796562e+01 0.000000000000000000e+00
9.390374110013360864e-02 3.194141056318812844e+01 0.000000000000000000e+00
9.586006700988300433e-02 2.970478785755007678e+01 0.000000000000000000e+00
9.781639279407561283e-02 2.855830174814694189e+01 0.000000000000000000e+00
9.977271845014909490e-02 2.695124982878267161e+01 0.000000000000000000e+00
1.017290439755411252e-01 2.507183573646786456e+01 0.000000000000000000e+00
1.036853693676893090e-01 2.366328298881301961e+01 0.000000000000000000e+00
1.056416946240312238e-01 2.261146278275402466e+01 0.000000000000000000e+00
1.075980197420045859e-01 2.164945570123112262e+01 0.000000000000000000e+00
1.095543447190470143e-01 2.074179391975321352e+01 0.000000000000000000e+00
1.115106695525961422e-01 1.935706090394666745e+01 0.000000000000000000e+00
1.134669942400895748e-01 1.811451219656971290e+01 0.000000000000000000e+00
1.154233187789650145e-01 1.784232188307936795e+01 0.000000000000000000e+00
1.173796431666600387e-01 1.684079098166731114e+01 0.000000000000000000e+00
1.193359674006123916e-01 1.634807662244274695e+01 0.000000000000000000e+00
1.212922914782596229e-01 1.558603895067797929e+01 0.000000000000000000e+00
1.232486153970393933e-01 1.487294665481948641e+01 0.000000000000000000e+00
1.252049391543893775e-01 1.413751794229409064e+01 0.000000000000000000e+00
1.271612627477472224e-01 1.368248336887673666e+01 0.000000000000000000e+00
1.291175861745505471e-01 1.291271993517221972e+01 0.000000000000000000e+00
1.310739094322370124e-01 1.247450171298123500e+01 0.000000000000000000e+00
1.330302325182443346e-01 1.177369635761450617e+01 0.000000000000000000e+00
1.349865554300100912e-01 1.183426743014440063e+01 0.000000000000000000e+00
1.369428781649719429e-01 1.118324045683884727e+01 0.000000000000000000e+00
1.388992007205675505e-01 1.078213757031350717e+01 0.000000000000000000e+00
1.408555230942346026e-01 1.042426776275583933e+01 0.000000000000000000e+00
1.428118452834107321e-01 1.001969941385036300e+01 0.000000000000000000e+00
1.447681672855336554e-01 9.832929676776688055e+00 0.000000000000000000e+00
1.467244890980409500e-01 9.512536298060179973e+00 0.000000000000000000e+00
1.486808107183702765e-01 9.447246568908848730e+00 0.000000000000000000e+00
1.506371321439593514e-01 9.054232738454150109e+00 0.000000000000000000e+00
1.525934533722458630e-01 8.867789302697245191e+00 0.000000000000000000e+00
1.545497744006674445e-01 8.494596279873309896e+00 0.000000000000000000e+00
1.565060952266617011e-01 8.348895143570958410e+00 0.000000000000000000e+00
1.584624158476663769e-01 7.934403001445320847e+00 0.000000000000000000e+00
1.604187362611191880e-01 7.993362660241727369e+00 0.000000000000000000e+00
1.623750564644576844e-01 7.648322250547659351e+00 0.000000000000000000e+00
1.643313764551196099e-01 7.425153321570581610e+00 0.000000000000000000e+00
1.662876962305427364e-01 7.267532408135595645e+00 0.000000000000000000e+00
1.682440157881645304e-01 7.238923872796943826e+00 0.000000000000000000e+00
1.702003351254228192e-01 7.010603683794061958e+00 0.000000000000000000e+00
1.721566542397552635e-01 6.756641514788462644e+00 0.000000000000000000e+00
1.741129731285995241e-01 6.738918218633598300e+00 0.000000000000000000e+00
1.760692917893932619e-01 6.724299886559174766e+00 0.000000000000000000e+00
1.780256102195742485e-01 6.391689030092184254e+00 0.000000000000000000e+00
1.799819284165801447e-01 6.280720043785098738e+00 0.000000000000000000e+00
1.819382463778485282e-01 6.252706876162595684e+00 0.000000000000000000e+00
1.838945641008172815e-01 5.932952277719184764e+00 0.000000000000000000e+00
1.858508815829239269e-01 5.731808656329474339e+00 0.000000000000000000e+00
1.878071988216062360e-01 6.038413490024477248e+00 0.000000000000000000e+00
1.897635158143018974e-01 5.871640314096628899e+00 0.000000000000000000e+00
1.917198325584486274e-01 5.834624627105137407e+00 0.000000000000000000e+00
1.936761490514841144e-01 5.593727616180978579e+00 0.000000000000000000e+00
1.956324652908460471e-01 5.519133672790565548e+00 0.000000000000000000e+00
1.975887812739721694e-01 5.387516826062725528e+00 0.000000000000000000e+00
1.995450969983001421e-01 5.429989263770148789e+00 0.000000000000000000e+00
2.015014124612677093e-01 5.226126027266788654e+00 0.000000000000000000e+00
2.034577276603125595e-01 5.258168172085538217e+00 0.000000000000000000e+00
2.054140425928723812e-01 5.022850855399662251e+00 0.000000000000000000e+00
2.073703572563849462e-01 5.115121123775049128e+00 0.000000000000000000e+00
2.093266716482879153e-01 4.948437875513458373e+00 0.000000000000000000e+00
2.112829857660190880e-01 4.918273686281964707e+00 0.000000000000000000e+00
2.132392996070160973e-01 4.792505557893834478e+00 0.000000000000000000e+00
2.151956131687167151e-01 4.784063724841214338e+00 0.000000000000000000e+00
2.171519264485586298e-01 4.941132623841360427e+00 0.000000000000000000e+00
2.191082394439796688e-01 4.670515168284821605e+00 0.000000000000000000e+00
2.210645521524174095e-01 4.685409276084422814e+00 0.000000000000000000e+00
2.230208645713097071e-01 4.468917138668103917e+00 0.000000000000000000e+00
2.249771766980942500e-01 4.464678532171753034e+00 0.000000000000000000e+00
2.269334885302087268e-01 4.683671262858512208e+00 0.000000000000000000e+00
2.288898000650908815e-01 4.597523071721209220e+00 0.000000000000000000e+00
2.308461113001785692e-01 4.340046148002342008e+00 0.000000000000000000e+00
2.328024222329094228e-01 4.523570033085264619e+00 0.000000000000000000e+00
2.347587328607212420e-01 4.439547370329970377e+00 0.000000000000000000e+00
2.367150431810517708e-01 4.327582793294153518e+00 0.000000000000000000e+00
2.386713531913386976e-01 4.435531816012515449e+00 0.000000000000000000e+00
2.406276628890198499e-01 4.354426194446061160e+00 0.000000000000000000e+00
2.425839722715328606e-01 4.243663945446651375e+00 0.000000000000000000e+00
2.445402813363156957e-01 4.311973455372485553e+00 0.000000000000000000e+00
2.464965900808059329e-01 4.289950537919669848e+00 0.000000000000000000e+00
2.484528985024413994e-01 4.339366408150107546e+00 0.000000000000000000e+00
2.504092065986598392e-01 4.247603761329743932e+00 0.000000000000000000e+00
2.523655143668990242e-01 4.236753663902211642e+00 0.000000000000000000e+00
2.543218218045967816e-01 4.349079864519164396e+00 0.000000000000000000e+00
2.562781289091908277e-01 4.321861511021114488e+00 0.000000000000000000e+00
2.582344356781188788e-01 4.347410179717074996e+00 0.000000000000000000e+00
2.601907421088188177e-01 4.146794293014319344e+00 0.000000000000000000e+00
2.621470481987283607e-01 4.334546554806036234e+00 0.000000000000000000e+00
2.641033539452853351e-01 4.239834040231576395e+00 0.000000000000000000e+00
2.660596593459274017e-01 4.393684720559900114e+00 0.000000000000000000e+00
2.680159643980924988e-01 4.367712335047689187e+00 0.000000000000000000e+00
2.699722690992183982e-01 4.392783694062078581e+00 0.000000000000000000e+00
2.719285734467428162e-01 4.351705008177271239e+00 0.000000000000000000e+00
2.738848774381035800e-01 4.276600454187576617e+00 0.000000000000000000e+00
2.758411810707385170e-01 4.500354475843112212e+00 0.000000000000000000e+00
2.777974843420853990e-01 4.423360504008049254e+00 0.000000000000000000e+00
2.797537872495819422e-01 4.494790165903891577e+00 0.000000000000000000e+00
2.817100897906660850e-01 4.400515616938841745e+00 0.000000000000000000e+00
2.836663919627755992e-01 4.497021810025931821e+00 0.000000000000000000e+00
2.856226937633483121e-01 4.284084346366338281e+00 0.000000000000000000e+00
2.875789951898219954e-01 4.300215208605970396e+00 0.000000000000000000e+00
2.895352962396344765e-01 4.285264884658397833e+00 0.000000000000000000e+00
2.914915969102235271e-01 4.323641451235588740e+00 0.000000000000000000e+00
2.934478971990269747e-01 4.232407605323114552e+00 0.000000000000000000e+00
2.954041971034828129e-01 4.149329957747514896e+00 0.000000000000000000e+00
2.973604966210287026e-01 4.046197695398377370e+00 0.000000000000000000e+00
2.993167957491024711e-01 4.027747696579121239e+00 0.000000000000000000e+00
3.012730944851420567e-01 3.993552690144327677e+00 0.000000000000000000e+00
3.032293928265851757e-01 3.800843949260277022e+00 0.000000000000000000e+00
3.051856907708697664e-01 3.653803797117581631e+00 0.000000000000000000e+00
3.071419883154336561e-01 3.448768281416653370e+00 0.000000000000000000e+00
3.090982854577146721e-01 3.512013662748287857e+00 0.000000000000000000e+00
3.110545821951506418e-01 3.298264093066920477e+00 0.000000000000000000e+00
3.130108785251793924e-01 3.210133848242350929e+00 0.000000000000000000e+00
3.149671744452388067e-01 3.151260346515977862e+00 0.000000000000000000e+00
3.169234699527668231e-01 3.156670272004984845e+00 0.000000000000000000e+00
3.188797650452012689e-01 2.914906910797504302e+00 0.000000000000000000e+00
3.208360597199798603e-01 2.903922234860004004e+00 0.000000000000000000e+00
3.227923539745405912e-01 2.824992176528009047e+00 0.000000000000000000e+00
3.247486478063213444e-01 2.810025906748133906e+00 0.000000000000000000e+00
3.267049412127599473e-01 2.791181099850485126e+00 0.000000000000000000e+00
3.286612341912942825e-01 2.692948174426579744e+00 0.000000000000000000e+00
3.306175267393622885e-01 2.490494566348144367e+00 0.000000000000000000e+00
3.325738188544019036e-01 2.540951850713327964e+00 0.000000000000000000e+00
3.345301105338507330e-01 2.512091281093252526e+00 0.000000000000000000e+00
3.364864017751469927e-01 2.435472647261607282e+00 0.000000000000000000e+00
3.384426925757282878e-01 2.463536478812123232e+00 0.000000000000000000e+00
3.403989829330327233e-01 2.331592625823369680e+00 0.000000000000000000e+00
3.423552728444981264e-01 2.426467902430442081e+00 0.000000000000000000e+00
3.443115623075623799e-01 2.262524323749006694e+00 0.000000000000000000e+00
3.462678513196634222e-01 2.377381399834736175e+00 0.000000000000000000e+00
3.482241398782391917e-01 2.370428755225231221e+00 0.000000000000000000e+00
3.501804279807275710e-01 2.199861984929772696e+00 0.000000000000000000e+00
3.521367156245663876e-01 2.350080102952739836e+00 0.000000000000000000e+00
3.540930028071937463e-01 2.281242111559250496e+00 0.000000000000000000e+00
3.560492895260474189e-01 2.276690503690084633e+00 0.000000000000000000e+00
3.580055757785654547e-01 2.290170757765518594e+00 0.000000000000000000e+00
3.599618615621855144e-01 2.158993682240833323e+00 0.000000000000000000e+00
3.619181468743459251e-01 2.244033555120275913e+00 0.000000000000000000e+00
3.638744317124843475e-01 2.277111830199349374e+00 0.000000000000000000e+00
3.658307160740387753e-01 2.284346135757192364e+00 0.000000000000000000e+00
3.677869999564473136e-01 2.161198624561053272e+00 0.000000000000000000e+00
3.697432833571476229e-01 2.173750981267965621e+00 0.000000000000000000e+00
3.716995662735778638e-01 2.120742223302046092e+00 0.000000000000000000e+00
3.736558487031759190e-01 2.149415233493040311e+00 0.000000000000000000e+00
3.756121306433798379e-01 2.094873990226612470e+00 0.000000000000000000e+00
3.775684120916273923e-01 2.147012697082065991e+00 0.000000000000000000e+00
3.795246930453568535e-01 2.075545500748817496e+00 0.000000000000000000e+00
3.814809735020058823e-01 2.176290622733247027e+00 0.000000000000000000e+00
3.834372534590125836e-01 2.134938313000703580e+00 0.000000000000000000e+00
3.853935329138149513e-01 2.085657762097813617e+00 0.000000000000000000e+00
3.873498118638508680e-01 2.054337711872772587e+00 0.000000000000000000e+00
3.893060903065586054e-01 2.132927489152688594e+00 0.000000000000000000e+00
3.912623682393757130e-01 2.048684150730223585e+00 0.000000000000000000e+00
3.932186456597404067e-01 2.031408257576523546e+00 0.000000000000000000e+00
3.951749225650907915e-01 1.975671310390005875e+00 0.000000000000000000e+00
3.983870515339443252e-01 2.022706925746617479e+00 0.000000000000000000e+00
4.218211215159235472e-01 1.927853006596564001e+00 0.000000000000000000e+00
4.452551122208454060e-01 1.832982176058079782e+00 0.000000000000000000e+00
4.686890192449857384e-01 1.782870801659254933e+00 0.000000000000000000e+00
4.921228381847103650e-01 1.733694773591636151e+00 0.000000000000000000e+00
5.155565646364808075e-01 1.675699183872396247e+00 0.000000000000000000e+00
5.389901941968575638e-01 1.672936374861317965e+00 0.000000000000000000e+00
5.624237224625063813e-01 1.663807474243992557e+00 0.000000000000000000e+00
5.858571450302016981e-01 1.637695146412282199e+00 0.000000000000000000e+00
6.092904574968323050e-01 1.595985314608610039e+00 0.000000000000000000e+00
6.327236554594057871e-01 1.538615040631681419e+00 0.000000000000000000e+00
6.561567345150530750e-01 1.516425570765054243e+00 0.000000000000000000e+00
6.795896902610336632e-01 1.496895571710920692e+00 0.000000000000000000e+00
7.030225182947397178e-01 1.485122666425207516e+00 0.000000000000000000e+00
7.264552142137012947e-01 1.467759922521722382e+00 0.000000000000000000e+00
7.498877736155907803e-01 1.465768268149160614e+00 0.000000000000000000e+00
7.733201920982285538e-01 1.454636488075369050e+00 0.000000000000000000e+00
7.967524652595860957e-01 1.434815404236241099e+00 0.000000000000000000e+00
8.201845886977920941e-01 1.431426459396601736e+00 0.000000000000000000e+00
8.436165580111369966e-01 1.418472621056055871e+00 0.000000000000000000e+00
8.670483687980765630e-01 1.421068871635363662e+00 0.000000000000000000e+00
8.904800166572384157e-01 1.406468853654260220e+00 0.000000000000000000e+00
9.139114971874258142e-01 1.404036653902603682e+00 0.000000000000000000e+00
9.373428059876222074e-01 1.398986702607809551e+00 0.000000000000000000e+00
9.607739386569957851e-01 1.397811382439361871e+00 0.000000000000000000e+00
9.842048907949063619e-01 1.399129256841989299e+00 0.000000000000000000e+00
1.007635658000906709e+00 1.411132173610460061e+00 0.000000000000000000e+00
1.031066235874749548e+00 1.419350600657682815e+00 0.000000000000000000e+00
1.054496620016392328e+00 1.418672628879640740e+00 0.000000000000000000e+00
1.077926806026000994e+00 1.436558400646491540e+00 0.000000000000000000e+00
1.101356789503954881e+00 1.450469505988977614e+00 0.000000000000000000e+00
1.124786566050852255e+00 1.471646752951718984e+00 0.000000000000000000e+00
1.148216131267514539e+00 1.529979882284561166e+00 0.000000000000000000e+00
1.171645480754990087e+00 1.627087642849741833e+00 0.000000000000000000e+00
1.195074610114561287e+00 1.845585605268420082e+00 0.000000000000000000e+00
1.218503514947747002e+00 2.431860422055618809e+00 0.000000000000000000e+00
1.241932190856308349e+00 3.676785908682617787e+00 0.000000000000000000e+00
1.265360633442253580e+00 4.123489024311981055e+00 0.000000000000000000e+00
1.288788838307841411e+00 2.860050002219276966e+00 0.000000000000000000e+00
1.312216801055587911e+00 1.945768097260235585e+00 0.000000000000000000e+00
1.335644517288271160e+00 1.647910650411602118e+00 0.000000000000000000e+00
1.359071982608932139e+00 1.553075806021199323e+00 0.000000000000000000e+00
1.382499192620884942e+00 1.465463401333926274e+00 0.000000000000000000e+00
1.405926142927717226e+00 1.394355020394516309e+00 0.000000000000000000e+00
1.429352829133298197e+00 1.363432938140584527e+00 0.000000000000000000e+00
1.452779246841779948e+00 1.333860949533592688e+00 0.000000000000000000e+00
1.476205391657605670e+00 1.315939869720018196e+00 0.000000000000000000e+00
1.499631259185511212e+00 1.303007233550678379e+00 0.000000000000000000e+00
1.523056845030532624e+00 1.288702696723582841e+00 0.000000000000000000e+00
1.546482144798009051e+00 1.278085203131677838e+00 0.000000000000000000e+00
1.569907154093586499e+00 1.270127794607729621e+00 0.000000000000000000e+00
1.593331868523226946e+00 1.262657276150662256e+00 0.000000000000000000e+00
1.616756283693207674e+00 1.257525282701906999e+00 0.000000000000000000e+00
1.640180395210129927e+00 1.245517180677378599e+00 0.000000000000000000e+00
1.663604198680921575e+00 1.252058081255147393e+00 0.000000000000000000e+00
1.687027689712842227e+00 1.237365816434063071e+00 0.000000000000000000e+00
1.710450863913488107e+00 1.238314075236169876e+00 0.000000000000000000e+00
1.733873716890797390e+00 1.230414402646363481e+00 0.000000000000000000e+00
1.757296244253054640e+00 1.228230109428615213e+00 0.000000000000000000e+00
1.780718441608894143e+00 1.224760609712567172e+00 0.000000000000000000e+00
1.804140304567306785e+00 1.218368372954207635e+00 0.000000000000000000e+00
1.827561828737642502e+00 1.219080511159728486e+00 0.000000000000000000e+00
1.850983009729617823e+00 1.216420680332240378e+00 0.000000000000000000e+00
1.874403843153317206e+00 1.211574139507958447e+00 0.000000000000000000e+00
1.897824324619200365e+00 1.208376457824865247e+00 0.000000000000000000e+00
1.921244449738106708e+00 1.213707505182592739e+00 0.000000000000000000e+00
1.944664214121259116e+00 1.206082684685450435e+00 0.000000000000000000e+00
1.968083613380268160e+00 1.207364786159965453e+00 0.000000000000000000e+00
1.991502643127138539e+00 1.203639656940948210e+00 0.000000000000000000e+00
2.014921298974273078e+00 1.209740454512154395e+00 0.000000000000000000e+00
2.038339576534475839e+00 1.202902843411694400e+00 0.000000000000000000e+00
2.061757471420960108e+00 1.203147334220592279e+00 0.000000000000000000e+00
2.085174979247350180e+00 1.201617454471146651e+00 0.000000000000000000e+00
2.108592095627687790e+00 1.199119125979089873e+00 0.000000000000000000e+00
2.132008816176434784e+00 1.198948758410642634e+00 0.000000000000000000e+00
2.155425136508481110e+00 1.200254161282061416e+00 0.000000000000000000e+00
2.178841052239146148e+00 1.202050840315762592e+00 0.000000000000000000e+00
2.202256558984185375e+00 1.196841782603634163e+00 0.000000000000000000e+00
2.225671652359794361e+00 1.204374983866970394e+00 0.000000000000000000e+00
2.249086327982614097e+00 1.197393462991128699e+00 0.000000000000000000e+00
2.272500581469735437e+00 1.201940202456115658e+00 0.000000000000000000e+00
2.295914408438702647e+00 1.200601861947672155e+00 0.000000000000000000e+00
2.319327804507519630e+00 1.210216986705590081e+00 0.000000000000000000e+00
2.342740765294654359e+00 1.207469863691212897e+00 0.000000000000000000e+00
2.366153286419041546e+00 1.222562378800825078e+00 0.000000000000000000e+00
2.389565363500091966e+00 1.244519767078899886e+00 0.000000000000000000e+00
2.412976992157692013e+00 1.283810580356053999e+00 0.000000000000000000e+00
2.436388168012211697e+00 1.363057677137927914e+00 0.000000000000000000e+00
2.459798886684507302e+00 1.427828540353587750e+00 0.000000000000000000e+00
2.483209143795927609e+00 1.397645437251495482e+00 0.000000000000000000e+00
2.506618934968318779e+00 1.340646367916789039e+00 0.000000000000000000e+00
2.530028255824025685e+00 1.279767326369303015e+00 0.000000000000000000e+00
2.553437101985901236e+00 1.242499802324156466e+00 0.000000000000000000e+00
2.576845469077309492e+00 1.220587515316804650e+00 0.000000000000000000e+00
2.600253352722128319e+00 1.210996889300645529e+00 0.000000000000000000e+00
2.623660748544755617e+00 1.207294153148662730e+00 0.000000000000000000e+00
2.647067652170114638e+00 1.192432200064978076e+00 0.000000000000000000e+00
2.670474059223657992e+00 1.200665218133502021e+00 0.000000000000000000e+00
2.693879965331372084e+00 1.199635782226734504e+00 0.000000000000000000e+00
2.717285366119781553e+00 1.189628338910164729e+00 0.000000000000000000e+00
2.740690257215955050e+00 1.186236028893082217e+00 0.000000000000000000e+00
2.764094634247508786e+00 1.189898023213160627e+00 0.000000000000000000e+00
2.787498492842611419e+00 1.189836547796568000e+00 0.000000000000000000e+00
2.810901828629990273e+00 1.183326895244539267e+00 0.000000000000000000e+00
2.834304637238932223e+00 1.185295060234677234e+00 0.000000000000000000e+00
2.857706914299293910e+00 1.187192848364827302e+00 0.000000000000000000e+00
2.881108655441501742e+00 1.186186517503387883e+00 0.000000000000000000e+00
2.904509856296556336e+00 1.180421408201205891e+00 0.000000000000000000e+00
2.927910512496042728e+00 1.180672893391222278e+00 0.000000000000000000e+00
2.951310619672127711e+00 1.183122114586347307e+00 0.000000000000000000e+00
2.974710173457571383e+00 1.183771672557320187e+00 0.000000000000000000e+00
2.998109169485724923e+00 1.178727445448618294e+00 0.000000000000000000e+00
3.021507603390543029e+00 1.179917220637382913e+00 0.000000000000000000e+00
3.044905470806578585e+00 1.182028635861323229e+00 0.000000000000000000e+00
3.068302767368998651e+00 1.184544712821679502e+00 0.000000000000000000e+00
3.091699488713580024e+00 1.183344382417767182e+00 0.000000000000000000e+00
3.115095630476719890e+00 1.183472605816666912e+00 0.000000000000000000e+00
3.138491188295434053e+00 1.175122863447729094e+00 0.000000000000000000e+00
3.161886157807370701e+00 1.177743921067494703e+00 0.000000000000000000e+00
3.185280534650805961e+00 1.182429639083122375e+00 0.000000000000000000e+00
3.208674314464654120e+00 1.177273266207037761e+00 0.000000000000000000e+00
3.232067492888468951e+00 1.184352368768645469e+00 0.000000000000000000e+00
3.255460065562450822e+00 1.183037627531373204e+00 0.000000000000000000e+00
3.278852028127452023e+00 1.181528267399737153e+00 0.000000000000000000e+00
3.302243376224977212e+00 1.182218948131940728e+00 0.000000000000000000e+00
3.325634105497191406e+00 1.182888532149611649e+00 0.000000000000000000e+00
3.349024211586926203e+00 1.186777512884020114e+00 0.000000000000000000e+00
3.372413690137677555e+00 1.183702819509510951e+00 0.000000000000000000e+00
3.395802536793620874e+00 1.179023755873972235e+00 0.000000000000000000e+00
3.419190747199603475e+00 1.178522995307480281e+00 0.000000000000000000e+00
3.442578317001157462e+00 1.182171459473772890e+00 0.000000000000000000e+00
3.465965241844505940e+00 1.185905640356376134e+00 0.000000000000000000e+00
3.489351517376558576e+00 1.187292997210262602e+00 0.000000000000000000e+00
3.512737139244925810e+00 1.189472569547003644e+00 0.000000000000000000e+00
3.536122103097917968e+00 1.185960395901375364e+00 0.000000000000000000e+00
3.559506404584549255e+00 1.186328808238409360e+00 0.000000000000000000e+00
3.582890039354546641e+00 1.192595542287227195e+00 0.000000000000000000e+00
3.606273003058350746e+00 1.193191267380486087e+00 0.000000000000000000e+00
3.629655291347124280e+00 1.200215056471375608e+00 0.000000000000000000e+00
3.653036899872749821e+00 1.205197581567803100e+00 0.000000000000000000e+00
3.676417824287843583e+00 1.223381140150722857e+00 0.000000000000000000e+00
3.699798060245752751e+00 1.222896811277382811e+00 0.000000000000000000e+00
3.723177603400561253e+00 1.222963794888809019e+00 0.000000000000000000e+00
3.746556449407099532e+00 1.216519887409087008e+00 0.000000000000000000e+00
3.769934593920940546e+00 1.205422335579264592e+00 0.000000000000000000e+00
3.793312032598414429e+00 1.200727853192145922e+00 0.000000000000000000e+00
3.816688761096602711e+00 1.194686901269607526e+00 0.000000000000000000e+00
3.840064775073350756e+00 1.194248337164542484e+00 0.000000000000000000e+00
3.863440070187269537e+00 1.195132650474796332e+00 0.000000000000000000e+00
3.886814642097740080e+00 1.193275292077036198e+00 0.000000000000000000e+00
3.910188486464914348e+00 1.190833202887630060e+00 0.000000000000000000e+00
3.933561598949731675e+00 1.192856030634837472e+00 0.000000000000000000e+00
3.956933975213908106e+00 1.197074648427968402e+00 0.000000000000000000e+00
3.980305610919951942e+00 1.188583589829303788e+00 0.000000000000000000e+00
4.003676501731162851e+00 1.189284564791950549e+00 0.000000000000000000e+00
4.027046643311638974e+00 1.188393486993700066e+00 0.000000000000000000e+00
4.050416031326281363e+00 1.192600553187030066e+00 0.000000000000000000e+00
4.073784661440795318e+00 1.192441086979886267e+00 0.000000000000000000e+00
4.097152529321700598e+00 1.193803813088835764e+00 0.000000000000000000e+00
4.120519630636331421e+00 1.192511253952337480e+00 0.000000000000000000e+00
4.143885961052841793e+00 1.190115515652036438e+00 0.000000000000000000e+00
4.167251516240212617e+00 1.186343111584674093e+00 0.000000000000000000e+00
4.190616291868254351e+00 1.194814856341491538e+00 0.000000000000000000e+00
4.213980283607608790e+00 1.186281332087583351e+00 0.000000000000000000e+00
4.237343487129760611e+00 1.194513661881284161e+00 0.000000000000000000e+00
4.260705898107034706e+00 1.188845902499331642e+00 0.000000000000000000e+00
4.284067512212603290e+00 1.191538354766733088e+00 0.000000000000000000e+00
4.307428325120495671e+00 1.190366968770157685e+00 0.000000000000000000e+00
4.330788332505592919e+00 1.196445853867434961e+00 0.000000000000000000e+00
4.354147530043639414e+00 1.188268832464834279e+00 0.000000000000000000e+00
4.377505913411245508e+00 1.192200898331494674e+00 0.000000000000000000e+00
4.400863478285893748e+00 1.192155899832040733e+00 0.000000000000000000e+00
4.424220220345940646e+00 1.196207319537413660e+00 0.000000000000000000e+00
4.447576135270619346e+00 1.192429785739812287e+00 0.000000000000000000e+00
4.470931218740052060e+00 1.195724698860513024e+00 0.000000000000000000e+00
4.494285466435246512e+00 1.203437787121931279e+00 0.000000000000000000e+00
4.517638874038105712e+00 1.205232536923904973e+00 0.000000000000000000e+00
4.540991437231428840e+00 1.210991833553660690e+00 0.000000000000000000e+00
4.564343151698917467e+00 1.208933977207457877e+00 0.000000000000000000e+00
4.587694013125181769e+00 1.211598491873369987e+00 0.000000000000000000e+00
4.611044017195741418e+00 1.215362476913219414e+00 0.000000000000000000e+00
4.634393159597031797e+00 1.218218074367487969e+00 0.000000000000000000e+00
4.657741436016409331e+00 1.216856564021435716e+00 0.000000000000000000e+00
4.681088842142154149e+00 1.218101683230772281e+00 0.000000000000000000e+00
4.704435373663478082e+00 1.215059893034355687e+00 0.000000000000000000e+00
4.727781026270525544e+00 1.221430693325588956e+00 0.000000000000000000e+00
4.751125795654377981e+00 1.220863233968652262e+00 0.000000000000000000e+00
4.774469677507063636e+00 1.226570674201794331e+00 0.000000000000000000e+00
4.797812667521553109e+00 1.231952102329892940e+00 0.000000000000000000e+00
4.821154761391771792e+00 1.231389704269471252e+00 0.000000000000000000e+00
4.844495954812600758e+00 1.233705863611738396e+00 0.000000000000000000e+00
4.867836243479882974e+00 1.236337729744433567e+00 0.000000000000000000e+00
4.891175623090425084e+00 1.238901815352310587e+00 0.000000000000000000e+00
4.914514089342004510e+00 1.234719854976487285e+00 0.000000000000000000e+00
4.937851637933373894e+00 1.239998988567686977e+00 0.000000000000000000e+00
4.961188264564261985e+00 1.242480116273894319e+00 0.000000000000000000e+00
4.984523964935383411e+00 1.245248860365748111e+00 0.000000000000000000e+00
5.007858734748439566e+00 1.250689488059927967e+00 0.000000000000000000e+00
5.031192569706123052e+00 1.251048607950339342e+00 0.000000000000000000e+00
5.054525465512124782e+00 1.252014017837664861e+00 0.000000000000000000e+00
5.077857417871136647e+00 1.246775146004470702e+00 0.000000000000000000e+00
5.101188422488855068e+00 1.254788162965282172e+00 0.000000000000000000e+00
5.124518475071987211e+00 1.257004612570427504e+00 0.000000000000000000e+00
5.147847571328255434e+00 1.262371493265271205e+00 0.000000000000000000e+00
5.171175706966400831e+00 1.265496475402105414e+00 0.000000000000000000e+00
5.194502877696188570e+00 1.268810121465362428e+00 0.000000000000000000e+00
5.217829079228408773e+00 1.269837004947920400e+00 0.000000000000000000e+00
5.241154307274884516e+00 1.270985255340823850e+00 0.000000000000000000e+00
5.264478557548480708e+00 1.277564377434694309e+00 0.000000000000000000e+00
5.287801825763097874e+00 1.277000505393839580e+00 0.000000000000000000e+00
5.311124107633683700e+00 1.280464676995725748e+00 0.000000000000000000e+00
5.334445398876239253e+00 1.278346816013468779e+00 0.000000000000000000e+00
5.357765695207817203e+00 1.281832967793983258e+00 0.000000000000000000e+00
5.381084992346525375e+00 1.283611415178228965e+00 0.000000000000000000e+00
5.404403286011544516e+00 1.287962700632129476e+00 0.000000000000000000e+00
5.427720571923114967e+00 1.293946835511932347e+00 0.000000000000000000e+00
5.451036845802555320e+00 1.291932827137519446e+00 0.000000000000000000e+00
5.474352103372251754e+00 1.297679123102014165e+00 0.000000000000000000e+00
5.497666340355684689e+00 1.300584410294128190e+00 0.000000000000000000e+00
5.520979552477410124e+00 1.303983522124233740e+00 0.000000000000000000e+00
5.544291735463077408e+00 1.302886236611686455e+00 0.000000000000000000e+00
5.567602885039427463e+00 1.309318185999810646e+00 0.000000000000000000e+00
5.590912996934306101e+00 1.312933800250293048e+00 0.000000000000000000e+00
5.614222066876658701e+00 1.315205714045895036e+00 0.000000000000000000e+00
5.637530090596536425e+00 1.320887851058548002e+00 0.000000000000000000e+00
5.660837063825105986e+00 1.320828504339105702e+00 0.000000000000000000e+00
5.684142982294646984e+00 1.323042628904266271e+00 0.000000000000000000e+00
5.707447841738561678e+00 1.329255394672029578e+00 0.000000000000000000e+00
5.730751637891379424e+00 1.334325873843745125e+00 0.000000000000000000e+00
5.754054366488755790e+00 1.338823940035322568e+00 0.000000000000000000e+00
5.777356023267481433e+00 1.345482811382508137e+00 0.000000000000000000e+00
5.800656603965487434e+00 1.345677970849860960e+00 0.000000000000000000e+00
5.823956104321840854e+00 1.353310196477589544e+00 0.000000000000000000e+00
5.847254520076767825e+00 1.356398617132617002e+00 0.000000000000000000e+00
5.870551846971634902e+00 1.353343739068236351e+00 0.000000000000000000e+00
5.893848080748967710e+00 1.362072489074539927e+00 0.000000000000000000e+00
5.917143217152453616e+00 1.366589812488529843e+00 0.000000000000000000e+00
5.940437251926944384e+00 1.371504250030195271e+00 0.000000000000000000e+00
5.963730180818461513e+00 1.372602947637220572e+00 0.000000000000000000e+00
5.987021999574197118e+00 1.379967547817429807e+00 0.000000000000000000e+00
6.010312703942521928e+00 1.383752057415802428e+00 0.000000000000000000e+00
6.033602289672987062e+00 1.386748424447571404e+00 0.000000000000000000e+00
6.056890752516336462e+00 1.390279528446850543e+00 0.000000000000000000e+00
6.080178088224497124e+00 1.396072414868895217e+00 0.000000000000000000e+00
6.103464292550593306e+00 1.401510268360520506e+00 0.000000000000000000e+00
6.126749361248950976e+00 1.401733373441021779e+00 0.000000000000000000e+00
6.150033290075099579e+00 1.409803728578580273e+00 0.000000000000000000e+00
6.173316074785773822e+00 1.412446485923709139e+00 0.000000000000000000e+00
6.196597711138922548e+00 1.416517045393264285e+00 0.000000000000000000e+00
6.219878194893713186e+00 1.424571680075600755e+00 0.000000000000000000e+00
6.243157521810529076e+00 1.425829188159573047e+00 0.000000000000000000e+00
6.266435687650984576e+00 1.431745624359423319e+00 0.000000000000000000e+00
6.289712688177917954e+00 1.435824602170055142e+00 0.000000000000000000e+00
6.312988519155408262e+00 1.436279884911042304e+00 0.000000000000000000e+00
6.336263176348766457e+00 1.446839268151562719e+00 0.000000000000000000e+00
6.359536655524551385e+00 1.452053459198441532e+00 0.000000000000000000e+00
6.382808952450563567e+00 1.458843917485327379e+00 0.000000000000000000e+00
6.406080062895860294e+00 1.466006294121440900e+00 0.000000000000000000e+00
6.429349982630751192e+00 1.469982255655717607e+00 0.000000000000000000e+00
6.452618707426804434e+00 1.478393471005649884e+00 0.000000000000000000e+00
6.475886233056855623e+00 1.484331049546772752e+00 0.000000000000000000e+00
6.499152555295007794e+00 1.496049767700870392e+00 0.000000000000000000e+00
6.522417669916633187e+00 1.502319455156122530e+00 0.000000000000000000e+00
6.545681572698384798e+00 1.500522787509606992e+00 0.000000000000000000e+00
6.568944259418199039e+00 1.510751180675169225e+00 0.000000000000000000e+00
6.592205725855290410e+00 1.513772258105200885e+00 0.000000000000000000e+00
6.615465967790172819e+00 1.521197466505552987e+00 0.000000000000000000e+00
6.638724981004642700e+00 1.527288459035534895e+00 0.000000000000000000e+00
6.661982761281805665e+00 1.533287700641110307e+00 0.000000000000000000e+00
6.685239304406062288e+00 1.539350321545144284e+00 0.000000000000000000e+00
6.708494606163125873e+00 1.546006642912748807e+00 0.000000000000000000e+00
6.731748662340017120e+00 1.555311076113570223e+00 0.000000000000000000e+00
6.755001468725073011e+00 1.562616727857105703e+00 0.000000000000000000e+00
6.778253021107949472e+00 1.564589224086791797e+00 0.000000000000000000e+00
6.801503315279627593e+00 1.576877961613540435e+00 0.000000000000000000e+00
6.824752347032415400e+00 1.574801666252124255e+00 0.000000000000000000e+00
6.848000112159954966e+00 1.583779314446038811e+00 0.000000000000000000e+00
6.871246606457223294e+00 1.591855751356260562e+00 0.000000000000000000e+00
6.894491825720537648e+00 1.597412982435661322e+00 0.000000000000000000e+00
6.917735765747563548e+00 1.606262631358727599e+00 0.000000000000000000e+00
6.940978422337311216e+00 1.612218363045056835e+00 0.000000000000000000e+00
6.964219791290151562e+00 1.618729512405787663e+00 0.000000000000000000e+00
6.987459868407801977e+00 1.630344114956063573e+00 0.000000000000000000e+00
7.010698649493352086e+00 1.637429683891348686e+00 0.000000000000000000e+00
7.033936130351254867e+00 1.640190986101164539e+00 0.000000000000000000e+00
7.057172306787328431e+00 1.651414712212411429e+00 0.000000000000000000e+00
7.080407174608773779e+00 1.662070028583408909e+00 0.000000000000000000e+00
7.103640729624165928e+00 1.663581124619255780e+00 0.000000000000000000e+00
7.126872967643462786e+00 1.674071917445433710e+00 0.000000000000000000e+00
7.150103884478008709e+00 1.679039878986245737e+00 0.000000000000000000e+00
7.173333475940541604e+00 1.686608388595667307e+00 0.000000000000000000e+00
7.196561737845197371e+00 1.695451549198343066e+00 0.000000000000000000e+00
7.219788666007503686e+00 1.708786944157229204e+00 0.000000000000000000e+00
7.243014256244400428e+00 1.713388873633193699e+00 0.000000000000000000e+00
7.266238504374228135e+00 1.717214649739736254e+00 0.000000000000000000e+00
7.289461406216746653e+00 1.728693099153145507e+00 0.000000000000000000e+00
7.312682957593128918e+00 1.738092537100576873e+00 0.000000000000000000e+00
7.335903154325964515e+00 1.741368251394424860e+00 0.000000000000000000e+00
7.359121992239277432e+00 1.749912230306468475e+00 0.000000000000000000e+00
7.382339467158510971e+00 1.763085226572038477e+00 0.000000000000000000e+00
7.405555574910547278e+00 1.769234472410628367e+00 0.000000000000000000e+00
7.428770311323701137e+00 1.779647764010866107e+00 0.000000000000000000e+00
7.451983672227735056e+00 1.787188583399155428e+00 0.000000000000000000e+00
7.475195653453851286e+00 1.794150123263812624e+00 0.000000000000000000e+00
7.498406250834703357e+00 1.803965587466811682e+00 0.000000000000000000e+00
7.521615460204400527e+00 1.816782371173315092e+00 0.000000000000000000e+00
7.544823277398506889e+00 1.819975992526309483e+00 0.000000000000000000e+00
7.568029698254051141e+00 1.830198614389694001e+00 0.000000000000000000e+00
7.591234718609528365e+00 1.842059711362308727e+00 0.000000000000000000e+00
7.614438334304899136e+00 1.848545128147276451e+00 0.000000000000000000e+00
7.637640541181605514e+00 1.864493270676500725e+00 0.000000000000000000e+00
7.660841335082563042e+00 1.870090953882364682e+00 0.000000000000000000e+00
7.684040711852171412e+00 1.882873934831505114e+00 0.000000000000000000e+00
7.707238667336316240e+00 1.891934979428229191e+00 0.000000000000000000e+00
7.730435197382377055e+00 1.897942927675504210e+00 0.000000000000000000e+00
7.753630297839224639e+00 1.914096757231855683e+00 0.000000000000000000e+00
7.776823964557229907e+00 1.923889149234243812e+00 0.000000000000000000e+00
7.800016193388268348e+00 1.934061794102005738e+00 0.000000000000000000e+00
7.823206980185720028e+00 1.942060222935409364e+00 0.000000000000000000e+00
7.846396320804477575e+00 1.955569285396906665e+00 0.000000000000000000e+00
7.869584211100950633e+00 1.963472147073280771e+00 0.000000000000000000e+00
7.892770646933067624e+00 1.968952416793685822e+00 0.000000000000000000e+00
7.915955624160277537e+00 1.989821908913223636e+00 0.000000000000000000e+00
7.939139138643560578e+00 1.995033081048221968e+00 0.000000000000000000e+00
7.962321186245428173e+00 2.009474989054421012e+00 0.000000000000000000e+00
7.985501762829923855e+00 2.019533085683035356e+00 0.000000000000000000e+00
8.008680864262634813e+00 2.032642411049915054e+00 0.000000000000000000e+00
8.031858486410692777e+00 2.038497247286910063e+00 0.000000000000000000e+00
8.055034625142772242e+00 2.047914601231764831e+00 0.000000000000000000e+00
8.078209276329102906e+00 2.064532799172346778e+00 0.000000000000000000e+00
8.101382435841472329e+00 2.079960170393535535e+00 0.000000000000000000e+00
8.124554099553227715e+00 2.089612040389976055e+00 0.000000000000000000e+00
8.147724263339274131e+00 2.101937356170436644e+00 0.000000000000000000e+00
8.170892923076092274e+00 2.114695929604508251e+00 0.000000000000000000e+00
8.194060074641729585e+00 2.127454882435613204e+00 0.000000000000000000e+00
8.217225713915812690e+00 2.140700351552700553e+00 0.000000000000000000e+00
8.240389836779552724e+00 2.152632574639821605e+00 0.000000000000000000e+00
8.263552439115731119e+00 2.169730099354786113e+00 0.000000000000000000e+00
8.286713516808731583e+00 2.181045950842067427e+00 0.000000000000000000e+00
8.309873065744525888e+00 2.191382858994897376e+00 0.000000000000000000e+00
8.333031081810673868e+00 2.206830821842058032e+00 0.000000000000000000e+00
8.356187560896350064e+00 2.222174577868614165e+00 0.000000000000000000e+00
8.379342498892320634e+00 2.240075759685037582e+00 0.000000000000000000e+00
8.402495891690964669e+00 2.247975144334340758e+00 0.000000000000000000e+00
8.425647735186275966e+00 2.270246355204942112e+00 0.000000000000000000e+00
8.448798025273859480e+00 2.281720036537645768e+00 0.000000000000000000e+00
8.471946757850945531e+00 2.291952690329136288e+00 0.000000000000000000e+00
8.495093928816380924e+00 2.307154771198786758e+00 0.000000000000000000e+00
8.518239534070646712e+00 2.322611216412330482e+00 0.000000000000000000e+00
8.541383569515858198e+00 2.338487935400401341e+00 0.000000000000000000e+00
8.564526031055759603e+00 2.349770854318507851e+00 0.000000000000000000e+00
8.587666914595736500e+00 2.370805507048996397e+00 0.000000000000000000e+00
8.610806216042822925e+00 2.376455807392416020e+00 0.000000000000000000e+00
8.633943931305697816e+00 2.398919843131724683e+00 0.000000000000000000e+00
8.657080056294692127e+00 2.417410862769524993e+00 0.000000000000000000e+00
8.680214586921788822e+00 2.426926942575928781e+00 0.000000000000000000e+00
8.703347519100635310e+00 2.449959328997028951e+00 0.000000000000000000e+00
8.726478848746545225e+00 2.467634180205673822e+00 0.000000000000000000e+00
8.749608571776491317e+00 2.481853941534949648e+00 0.000000000000000000e+00
8.772736684109123217e+00 2.495309325078760132e+00 0.000000000000000000e+00
8.795863181664763886e+00 2.512586919160657573e+00 0.000000000000000000e+00
8.818988060365418491e+00 2.533175747925898058e+00 0.000000000000000000e+00
8.842111316134770860e+00 2.545952378858451937e+00 0.000000000000000000e+00
8.865232944898197687e+00 2.570228444699101278e+00 0.000000000000000000e+00
8.888352942582759653e+00 2.582991921501990529e+00 0.000000000000000000e+00
8.911471305117217412e+00 2.602999381685412228e+00 0.000000000000000000e+00
8.934588028432029816e+00 2.622045065845281631e+00 0.000000000000000000e+00
8.957703108459355690e+00 2.635359539150738062e+00 0.000000000000000000e+00
8.980816541133064490e+00 2.653955202868747865e+00 0.000000000000000000e+00
9.003928322388727423e+00 2.678170186620975279e+00 0.000000000000000000e+00
9.027038448163647644e+00 2.699093730207878128e+00 0.000000000000000000e+00
9.050146914396822950e+00 2.719753742588743251e+00 0.000000000000000000e+00
9.073253717028993748e+00 2.731555052556132512e+00 0.000000000000000000e+00
9.096358852002614626e+00 2.759015175965439326e+00 0.000000000000000000e+00
9.119462315261872121e+00 2.774155861798804690e+00 0.000000000000000000e+00
9.142564102752691824e+00 2.799357110230136225e+00 0.000000000000000000e+00
9.165664210422724167e+00 2.819202722652934590e+00 0.000000000000000000e+00
9.188762634221379955e+00 2.833759156801872070e+00 0.000000000000000000e+00
9.211859370099796607e+00 2.854502381797524801e+00 0.000000000000000000e+00
9.234954414010870138e+00 2.875422670534499847e+00 0.000000000000000000e+00
9.258047761909249829e+00 2.899435756776136852e+00 0.000000000000000000e+00
9.281139409751336444e+00 2.915821242230668631e+00 0.000000000000000000e+00
9.304229353495292898e+00 2.938933677321957205e+00 0.000000000000000000e+00
9.327317589101053130e+00 2.961315175962674573e+00 0.000000000000000000e+00
9.350404112530307899e+00 2.987696947021902805e+00 0.000000000000000000e+00
9.373488919746531423e+00 3.005560593906288602e+00 0.000000000000000000e+00
9.396572006714960068e+00 3.030056427997423363e+00 0.000000000000000000e+00
9.419653369402624321e+00 3.048162665056672438e+00 0.000000000000000000e+00
9.442733003778329248e+00 3.077884474548007621e+00 0.000000000000000000e+00
9.465810905812666931e+00 3.095281440659408467e+00 0.000000000000000000e+00
9.488887071478025348e+00 3.123617897311276703e+00 0.000000000000000000e+00
9.511961496748584821e+00 3.148637476415193426e+00 0.000000000000000000e+00
9.535034177600319794e+00 3.170692050790245187e+00 0.000000000000000000e+00
9.558105110011013039e+00 3.199397216297913182e+00 0.000000000000000000e+00
9.581174289960252111e+00 3.227489480947402178e+00 0.000000000000000000e+00
9.604241713429431115e+00 3.242981629851461101e+00 0.000000000000000000e+00
9.627307376401761374e+00 3.276266271757488635e+00 0.000000000000000000e+00
9.650371274862271420e+00 3.298198875588489898e+00 0.000000000000000000e+00
9.673433404797807000e+00 3.320563826404737462e+00 0.000000000000000000e+00
9.696493762197041733e+00 3.343224065027125214e+00 0.000000000000000000e+00
9.719552343050478882e+00 3.376619249183786309e+00 0.000000000000000000e+00
9.742609143350451362e+00 3.403147362447862534e+00 0.000000000000000000e+00
9.765664159091130614e+00 3.428631767090107640e+00 0.000000000000000000e+00
9.788717386268523057e+00 3.453124506116382886e+00 0.000000000000000000e+00
9.811768820880484299e+00 3.479516236095203219e+00 0.000000000000000000e+00
9.834818458926715579e+00 3.510923744986945483e+00 0.000000000000000000e+00
9.857866296408769102e+00 3.543071888279468507e+00 0.000000000000000000e+00
9.880912329330048038e+00 3.567944106115088498e+00 0.000000000000000000e+00
9.903956553695817178e+00 3.594344068915155788e+00 0.000000000000000000e+00
9.926998965513204709e+00 3.620871205864293785e+00 0.000000000000000000e+00
9.950039560791202220e+00 3.646196678023773785e+00 0.000000000000000000e+00
9.973078335540673578e+00 3.684954844044370681e+00 0.000000000000000000e+00
9.996115285774351378e+00 3.711156591193876864e+00 0.000000000000000000e+00
1.001915040750684582e+01 3.735997768227752314e+00 0.000000000000000000e+00
1.004218369675465183e+01 3.765752356463622164e+00 0.000000000000000000e+00
1.006521514953614727e+01 3.800366102844944916e+00 0.000000000000000000e+00
1.008824476187158936e+01 3.833147967545849522e+00 0.000000000000000000e+00
1.011127252978314139e+01 3.859001898158989530e+00 0.000000000000000000e+00
1.013429844929485135e+01 3.889591948409282463e+00 0.000000000000000000e+00
1.015732251643267148e+01 3.922675415183178416e+00 0.000000000000000000e+00
1.018034472722445294e+01 3.957005263055043631e+00 0.000000000000000000e+00
1.020336507769995293e+01 3.981096659712653363e+00 0.000000000000000000e+00
1.022638356389084180e+01 4.014513044616967896e+00 0.000000000000000000e+00
1.024940018183069768e+01 4.048866926480035211e+00 0.000000000000000000e+00
1.027241492755502072e+01 4.081514386084275081e+00 0.000000000000000000e+00
1.029542779710123135e+01 4.110301767416652652e+00 0.000000000000000000e+00
1.031843878650867197e+01 4.143251092788097445e+00 0.000000000000000000e+00
1.034144789181861590e+01 4.178650001178913165e+00 0.000000000000000000e+00
1.036445510907427092e+01 4.211212275807784344e+00 0.000000000000000000e+00
1.038746043432076327e+01 4.237977846549747518e+00 0.000000000000000000e+00
1.041046386360518206e+01 4.266474271990099432e+00 0.000000000000000000e+00
1.043346539297653663e+01 4.297362249898515785e+00 0.000000000000000000e+00
1.045646501848580456e+01 4.335632780972066946e+00 0.000000000000000000e+00
1.047946273618588897e+01 4.354999194454030942e+00 0.000000000000000000e+00
1.050245854213166652e+01 4.385895326416281215e+00 0.000000000000000000e+00
1.052545243237995543e+01 4.418877734447738348e+00 0.000000000000000000e+00
1.054844440298954744e+01 4.458667509800628537e+00 0.000000000000000000e+00
1.057143445002118476e+01 4.485443556162732825e+00 0.000000000000000000e+00
1.059442256953759376e+01 4.512592599488941758e+00 0.000000000000000000e+00
1.061740875760344771e+01 4.552549598975637046e+00 0.000000000000000000e+00
1.064039301028542539e+01 4.592640031237597675e+00 0.000000000000000000e+00
1.066337532365215068e+01 4.620699236699184809e+00 0.000000000000000000e+00
1.068635569377425654e+01 4.654808393795572208e+00 0.000000000000000000e+00
1.070933411672434232e+01 4.683766919340732748e+00 0.000000000000000000e+00
1.073231058857701115e+01 4.730345189927050775e+00 0.000000000000000000e+00
1.075528510540884497e+01 4.765286358275885092e+00 0.000000000000000000e+00
1.077825766329843127e+01 4.795922110338629807e+00 0.000000000000000000e+00
1.080122825832635236e+01 4.835880588965125959e+00 0.000000000000000000e+00
1.082419688657519252e+01 4.861827265922186392e+00 0.000000000000000000e+00
1.084716354412954686e+01 4.900710875867341443e+00 0.000000000000000000e+00
1.087012822707601245e+01 4.944016110950141041e+00 0.000000000000000000e+00
1.089309093150321139e+01 4.989504825373921371e+00 0.000000000000000000e+00
1.091605165350177131e+01 5.021882289307892933e+00 0.000000000000000000e+00
1.093901038916434842e+01 5.059420875643946047e+00 0.000000000000000000e+00
1.096196713458561334e+01 5.100645613974299053e+00 0.000000000000000000e+00
1.098492188586227769e+01 5.132975001126908410e+00 0.000000000000000000e+00
1.100787463909306929e+01 5.171315442306512189e+00 0.000000000000000000e+00
1.103082539037876231e+01 5.201476243439503655e+00 0.000000000000000000e+00
1.105377413582215951e+01 5.250428303875463776e+00 0.000000000000000000e+00
1.107672087152811180e+01 5.287806624094601560e+00 0.000000000000000000e+00
1.109966559360350757e+01 5.318334174298136041e+00 0.000000000000000000e+00
1.112260829815729579e+01 5.355249984950883224e+00 0.000000000000000000e+00
1.114554898130045757e+01 5.390322495394017643e+00 0.000000000000000000e+00
1.116848763914605236e+01 5.422292867978045550e+00 0.000000000000000000e+00
1.119142426780917354e+01 5.459048513701523220e+00 0.000000000000000000e+00
1.121435886340700172e+01 5.509209721358555356e+00 0.000000000000000000e+00
1.123729142205876030e+01 5.532924139462733315e+00 0.000000000000000000e+00
1.126022193988575282e+01 5.564465667207342037e+00 0.000000000000000000e+00
1.128315041301135579e+01 5.609005977879812477e+00 0.000000000000000000e+00
1.130607683756102055e+01 5.648487394138511419e+00 0.000000000000000000e+00
1.132900120966226964e+01 5.677198119309815993e+00 0.000000000000000000e+00
1.135192352544471817e+01 5.714110009271503365e+00 0.000000000000000000e+00
1.137484378104005778e+01 5.743936778760422079e+00 0.000000000000000000e+00
1.139776197258208867e+01 5.772659800562624177e+00 0.000000000000000000e+00
1.142067809620666630e+01 5.813714518983283064e+00 0.000000000000000000e+00
1.144359214805178659e+01 5.844827304264116563e+00 0.000000000000000000e+00
1.146650412425751497e+01 5.919254086288344041e+00 0.000000000000000000e+00
1.148941402096602182e+01 5.918489612253781118e+00 0.000000000000000000e+00
1.151232183432160205e+01 5.946672339749673242e+00 0.000000000000000000e+00
1.153522756047063780e+01 5.980067472361387360e+00 0.000000000000000000e+00
1.155813119556163926e+01 6.010570958916449769e+00 0.000000000000000000e+00
1.158103273574522518e+01 6.039235428989044863e+00 0.000000000000000000e+00
1.160393217717414061e+01 6.073264030181055873e+00 0.000000000000000000e+00
1.162682951600323911e+01 6.110828789398556005e+00 0.000000000000000000e+00
1.164972474838952365e+01 6.130192466092817760e+00 0.000000000000000000e+00
1.167261787049209865e+01 6.162380029170626550e+00 0.000000000000000000e+00
1.169550887847223208e+01 6.190535463540516758e+00 0.000000000000000000e+00
1.171839776849330228e+01 6.216380102814870412e+00 0.000000000000000000e+00
1.174128453672083694e+01 6.245680403200470465e+00 0.000000000000000000e+00
1.176416917932250783e+01 6.280023175536786795e+00 0.000000000000000000e+00
1.178705169246813256e+01 6.299737890832881604e+00 0.000000000000000000e+00
1.180993207232967990e+01 6.321744848029352326e+00 0.000000000000000000e+00
1.183281031508126624e+01 6.356911467363801194e+00 0.000000000000000000e+00
1.185568641689916269e+01 6.374181318708694199e+00 0.000000000000000000e+00
1.187856037396181108e+01 6.407340339199262047e+00 0.000000000000000000e+00
1.190143218244980083e+01 6.432751703240314534e+00 0.000000000000000000e+00
1.192430183854589920e+01 6.449169863172229178e+00 0.000000000000000000e+00
1.194716933843503703e+01 6.475305360459444159e+00 0.000000000000000000e+00
1.197003467830431767e+01 6.499308193965126712e+00 0.000000000000000000e+00
1.199289785434301869e+01 6.520921889523591197e+00 0.000000000000000000e+00
1.201575886274260263e+01 6.547644729385226903e+00 0.000000000000000000e+00
1.203861769969670803e+01 6.561674002797689198e+00 0.000000000000000000e+00
1.206147436140116369e+01 6.586019134384374141e+00 0.000000000000000000e+00
1.208432884405398511e+01 6.608624390934911830e+00 0.000000000000000000e+00
1.210718114385537270e+01 6.616947991673026053e+00 0.000000000000000000e+00
1.213003125700773310e+01 6.638334370021903297e+00 0.000000000000000000e+00
1.215287917971567033e+01 6.650060532970254457e+00 0.000000000000000000e+00
1.217572490818597863e+01 6.658980004324819291e+00 0.000000000000000000e+00
1.219856843862767093e+01 6.687225742080744162e+00 0.000000000000000000e+00
1.222140976725195571e+01 6.707694942870236154e+00 0.000000000000000000e+00
1.224424889027226193e+01 6.707645244452027811e+00 0.000000000000000000e+00
1.226708580390423187e+01 6.729277791676240739e+00 0.000000000000000000e+00
1.228992050436572114e+01 6.740771134236826612e+00 0.000000000000000000e+00
1.231275298787681116e+01 6.755519640768278933e+00 0.000000000000000000e+00
1.233558325065979666e+01 6.756877563090316841e+00 0.000000000000000000e+00
1.235841128893921592e+01 6.772088714614391769e+00 0.000000000000000000e+00
1.238123709894182412e+01 6.776314303873096634e+00 0.000000000000000000e+00
1.240406067689661640e+01 6.780403346709650947e+00 0.000000000000000000e+00
1.242688201903481726e+01 6.789429619032723018e+00 0.000000000000000000e+00
1.244970112158991071e+01 6.795562367873293041e+00 0.000000000000000000e+00
1.247251798079759233e+01 6.800037952274587738e+00 0.000000000000000000e+00
1.249533259289583498e+01 6.800983706814037966e+00 0.000000000000000000e+00
1.251814495412483552e+01 6.802637418293104865e+00 0.000000000000000000e+00
1.254095506072706101e+01 6.808680172982447765e+00 0.000000000000000000e+00
1.256376290894722558e+01 6.813763143412330692e+00 0.000000000000000000e+00
1.258656849503230468e+01 6.812530011946510200e+00 0.000000000000000000e+00
1.260937181523153150e+01 6.816014473216642777e+00 0.000000000000000000e+00
1.263217286579640763e+01 6.812418270357285088e+00 0.000000000000000000e+00
1.265497164298070309e+01 6.810988586865584615e+00 0.000000000000000000e+00
1.267776814304045985e+01 6.812846755826258871e+00 0.000000000000000000e+00
1.270056236223399360e+01 6.806608692497797541e+00 0.000000000000000000e+00
1.272335429682188845e+01 6.809653767350356546e+00 0.000000000000000000e+00
1.274614394306702359e+01 6.799293421533415760e+00 0.000000000000000000e+00
1.276893129723454479e+01 6.794767491368101986e+00 0.000000000000000000e+00
1.279171635559190534e+01 6.795297836466076546e+00 0.000000000000000000e+00
1.281449911440882516e+01 6.784244933465540583e+00 0.000000000000000000e+00
1.283727956995734054e+01 6.771941970739770333e+00 0.000000000000000000e+00
1.286005771851175972e+01 6.761970064598405550e+00 0.000000000000000000e+00
1.288283355634870553e+01 6.754853049253665809e+00 0.000000000000000000e+00
1.290560707974709409e+01 6.746631059331253510e+00 0.000000000000000000e+00
1.292837828498815966e+01 6.727874961773640194e+00 0.000000000000000000e+00
1.295114716835542623e+01 6.730724202240060627e+00 0.000000000000000000e+00
1.297391372613473415e+01 6.714004474619027718e+00 0.000000000000000000e+00
1.299667795461425257e+01 6.706251642422509818e+00 0.000000000000000000e+00
1.301943985008444926e+01 6.691839358177966268e+00 0.000000000000000000e+00
1.304219940883811724e+01 6.676173513949779093e+00 0.000000000000000000e+00
1.306495662717037654e+01 6.664020406077164616e+00 0.000000000000000000e+00
1.308771150137866890e+01 6.647806814693146826e+00 0.000000000000000000e+00
1.311046402776277198e+01 6.633889034907705096e+00 0.000000000000000000e+00
1.313321420262477623e+01 6.614181288390194702e+00 0.000000000000000000e+00
1.315596202226913647e+01 6.596019492608494517e+00 0.000000000000000000e+00
1.317870748300262029e+01 6.588188982437265473e+00 0.000000000000000000e+00
1.320145058113435255e+01 6.576975422488740008e+00 0.000000000000000000e+00
1.322419131297578865e+01 6.561020750868014950e+00 0.000000000000000000e+00
1.324692967484074124e+01 6.541534483552687185e+00 0.000000000000000000e+00
1.326966566304536421e+01 6.519599950839971569e+00 0.000000000000000000e+00
1.329239927390817755e+01 6.506644173556084709e+00 0.000000000000000000e+00
1.331513050375003893e+01 6.488018924305968049e+00 0.000000000000000000e+00
1.333785934889417923e+01 6.470299186873117669e+00 0.000000000000000000e+00
1.336058580566618481e+01 6.446379311445713078e+00 0.000000000000000000e+00
1.338330987039401165e+01 6.423773327702050118e+00 0.000000000000000000e+00
1.340603153940796943e+01 6.401812950419046189e+00 0.000000000000000000e+00
1.342875080904075702e+01 6.384300833846903167e+00 0.000000000000000000e+00
1.345146767562743406e+01 6.370997346939304862e+00 0.000000000000000000e+00
1.347418213550543697e+01 6.347181552845870378e+00 0.000000000000000000e+00
1.349689418501459137e+01 6.320845309346637464e+00 0.000000000000000000e+00
1.351960382049708898e+01 6.309767086526646196e+00 0.000000000000000000e+00
1.354231103829752492e+01 6.282650165538564480e+00 0.000000000000000000e+00
1.356501583476286044e+01 6.254542864909518940e+00 0.000000000000000000e+00
1.358771820624247084e+01 6.243961833120366123e+00 0.000000000000000000e+00
1.361041814908810821e+01 6.218618025525550763e+00 0.000000000000000000e+00
1.363311565965392980e+01 6.187955048267766323e+00 0.000000000000000000e+00
1.365581073429648029e+01 6.159906726143192124e+00 0.000000000000000000e+00
1.367850336937472555e+01 6.146029000687568633e+00 0.000000000000000000e+00
1.370119356125002241e+01 6.119977439373286643e+00 0.000000000000000000e+00
1.372388130628613645e+01 6.099511262759767405e+00 0.000000000000000000e+00
1.374656660084924908e+01 6.076980227608091312e+00 0.000000000000000000e+00
1.376924944130795225e+01 6.048071932642292481e+00 0.000000000000000000e+00
1.379192982403325018e+01 6.031493354256809880e+00 0.000000000000000000e+00
1.381460774539858782e+01 6.000687001198577342e+00 0.000000000000000000e+00
1.383728320177979754e+01 5.990304339137896505e+00 0.000000000000000000e+00
1.385995618955515951e+01 5.951674987740362077e+00 0.000000000000000000e+00
1.388262670510538044e+01 5.943602218070036969e+00 0.000000000000000000e+00
1.390529474481359173e+01 5.901274352634023224e+00 0.000000000000000000e+00
1.392796030506535843e+01 5.888388446012797317e+00 0.000000000000000000e+00
1.395062338224868803e+01 5.853877460883062156e+00 0.000000000000000000e+00
1.397328397275401812e+01 5.840150543538376482e+00 0.000000000000000000e+00
1.399594207297423232e+01 5.814357564790147315e+00 0.000000000000000000e+00
1.401859767930465850e+01 5.789003525493417790e+00 0.000000000000000000e+00
1.404125078814307059e+01 5.760217204002795910e+00 0.000000000000000000e+00
1.406390139588969745e+01 5.741553963551417006e+00 0.000000000000000000e+00
1.408654949894721398e+01 5.708900939098403349e+00 0.000000000000000000e+00
1.410919509372075176e+01 5.686563473537712632e+00 0.000000000000000000e+00
1.413183817661790798e+01 5.667252974409059618e+00 0.000000000000000000e+00
1.415447874404872763e+01 5.639927206592002307e+00 0.000000000000000000e+00
1.417711679242573553e+01 5.608577591275522245e+00 0.000000000000000000e+00
1.419975231816390782e+01 5.596975860727157581e+00 0.000000000000000000e+00
1.422238531768069514e+01 5.577940288094171528e+00 0.000000000000000000e+00
1.424501578739602436e+01 5.553253287353639323e+00 0.000000000000000000e+00
1.426764372373229328e+01 5.531349337376253672e+00 0.000000000000000000e+00
1.429026912311438124e+01 5.512520948688285571e+00 0.000000000000000000e+00
1.431289198196963852e+01 5.475179527381301092e+00 0.000000000000000000e+00
1.433551229672790583e+01 5.462431534721417847e+00 0.000000000000000000e+00
1.435813006382150547e+01 5.433277589505048688e+00 0.000000000000000000e+00
1.438074527968525018e+01 5.414857834688972638e+00 0.000000000000000000e+00
1.440335794075644316e+01 5.388669460828642954e+00 0.000000000000000000e+00
1.442596804347488160e+01 5.361651034437959318e+00 0.000000000000000000e+00
1.444857558428285671e+01 5.346492934429007526e+00 0.000000000000000000e+00
1.447118055962516259e+01 5.320824922070808149e+00 0.000000000000000000e+00
1.449378296594908733e+01 5.302971189481961112e+00 0.000000000000000000e+00
1.451638279970443079e+01 5.284344720805273177e+00 0.000000000000000000e+00
1.453898005734349752e+01 5.261111800262257887e+00 0.000000000000000000e+00
1.456157473532109492e+01 5.236193946704906566e+00 0.000000000000000000e+00
1.458416683009455284e+01 5.217243389745838122e+00 0.000000000000000000e+00
1.460675633812371288e+01 5.196412437165542464e+00 0.000000000000000000e+00
1.462934325587093198e+01 5.171456055000504648e+00 0.000000000000000000e+00
1.465192757980108063e+01 5.149518242352431940e+00 0.000000000000000000e+00
1.467450930638156059e+01 5.132477279720896846e+00 0.000000000000000000e+00
1.469708843208229609e+01 5.107370492467315337e+00 0.000000000000000000e+00
1.471966495337574621e+01 5.088690013417655145e+00 0.000000000000000000e+00
1.474223886673688710e+01 5.069822302495698985e+00 0.000000000000000000e+00
1.476481016864323870e+01 5.055677026214139502e+00 0.000000000000000000e+00
1.478737885557484866e+01 5.033685993232424494e+00 0.000000000000000000e+00
1.480994492401430840e+01 5.009490920779718692e+00 0.000000000000000000e+00
1.483250837044674597e+01 4.988012945298457623e+00 0.000000000000000000e+00
1.485506919135984205e+01 4.976093744483429226e+00 0.000000000000000000e+00
1.487762738324380507e+01 4.951229491142131955e+00 0.000000000000000000e+00
1.490018294259140674e+01 4.939133140609312633e+00 0.000000000000000000e+00
1.492273586589796608e+01 4.920130453820636518e+00 0.000000000000000000e+00
1.494528614966135649e+01 4.893460741034103556e+00 0.000000000000000000e+00
1.496783379038199868e+01 4.877550812001070213e+00 0.000000000000000000e+00
1.499037878456288730e+01 4.857143480680059966e+00 0.000000000000000000e+00
1.501292112870956608e+01 4.846589312742794142e+00 0.000000000000000000e+00
1.503546081933014911e+01 4.829063925527382395e+00 0.000000000000000000e+00
1.505799785293530491e+01 4.810893723377072995e+00 0.000000000000000000e+00
1.508053222603828836e+01 4.791203610277928071e+00 0.000000000000000000e+00
1.510306393515491052e+01 4.772410244512339084e+00 0.000000000000000000e+00
1.512559297680356707e+01 4.753970370167672321e+00 0.000000000000000000e+00
1.514811934750521516e+01 4.742622167408812039e+00 0.000000000000000000e+00
1.517064304378341433e+01 4.723099770395776886e+00 0.000000000000000000e+00
1.519316406216427673e+01 4.705919991985440198e+00 0.000000000000000000e+00
1.521568239917651866e+01 4.686835368385532163e+00 0.000000000000000000e+00
1.523819805135142857e+01 4.674669104829233035e+00 0.000000000000000000e+00
1.526071101522290263e+01 4.664652763928621937e+00 0.000000000000000000e+00
1.528322128732740914e+01 4.641052078618107757e+00 0.000000000000000000e+00
1.530572886420401346e+01 4.621466379460253293e+00 0.000000000000000000e+00
1.532823374239438330e+01 4.609254352309672065e+00 0.000000000000000000e+00
1.535073591844278340e+01 4.600135212969497900e+00 0.000000000000000000e+00
1.537323538889607377e+01 4.581420147787762076e+00 0.000000000000000000e+00
1.539573215030371856e+01 4.563509713741710883e+00 0.000000000000000000e+00
1.541822619921779847e+01 4.551890455365321664e+00 0.000000000000000000e+00
1.544071753219298238e+01 4.532001140941702033e+00 0.000000000000000000e+00
1.546320614578656816e+01 4.525222569614975932e+00 0.000000000000000000e+00
1.548569203655845072e+01 4.509143236780181141e+00 0.000000000000000000e+00
1.550817520107116465e+01 4.493172885704614039e+00 0.000000000000000000e+00
1.553065563588982734e+01 4.484725214309714048e+00 0.000000000000000000e+00
1.555313333758220118e+01 4.465793193138703820e+00 0.000000000000000000e+00
1.557560830271866337e+01 4.452132085234932646e+00 0.000000000000000000e+00
1.559808052787222721e+01 4.434549262496318534e+00 0.000000000000000000e+00
1.562055000961850482e+01 4.428298875115742383e+00 0.000000000000000000e+00
1.564301674453576929e+01 4.411417850722868295e+00 0.000000000000000000e+00
1.566548072920490320e+01 4.396686131091974481e+00 0.000000000000000000e+00
1.568794196020943943e+01 4.385295790597715460e+00 0.000000000000000000e+00
1.571040043413553455e+01 4.378956049357784153e+00 0.000000000000000000e+00
1.573285614757199191e+01 4.360381725946549381e+00 0.000000000000000000e+00
1.575530909711025274e+01 4.351028650061357084e+00 0.000000000000000000e+00
1.577775927934440503e+01 4.336680717137642915e+00 0.000000000000000000e+00
1.580020669087117824e+01 4.320089673964338850e+00 0.000000000000000000e+00
1.582265132828994680e+01 4.312011367055387900e+00 0.000000000000000000e+00
1.584509318820274615e+01 4.300388330970032591e+00 0.000000000000000000e+00
1.586753226721425847e+01 4.284279066852759499e+00 0.000000000000000000e+00
1.588996856193182339e+01 4.275565178286225176e+00 0.000000000000000000e+00
1.591240206896543086e+01 4.262065896176242319e+00 0.000000000000000000e+00
1.593483278492774247e+01 4.250146502798452630e+00 0.000000000000000000e+00
1.595726070643406835e+01 4.238052568378468443e+00 0.000000000000000000e+00
1.597968583010240096e+01 4.225218180421141945e+00 0.000000000000000000e+00
1.600210815255337238e+01 4.211133063782602548e+00 0.000000000000000000e+00
1.602452767041031123e+01 4.204354269249996001e+00 0.000000000000000000e+00
1.604694438029919823e+01 4.190947282375443450e+00 0.000000000000000000e+00
1.606935827884869639e+01 4.181188112823075897e+00 0.000000000000000000e+00
1.609176936269014391e+01 4.174324080613977195e+00 0.000000000000000000e+00
1.611417762845755064e+01 4.162131359915275830e+00 0.000000000000000000e+00
1.613658307278761583e+01 4.154908672142937576e+00 0.000000000000000000e+00
1.615898569231971393e+01 4.144663851149177347e+00 0.000000000000000000e+00
1.618138548369590524e+01 4.135689439901188535e+00 0.000000000000000000e+00
1.620378244356093589e+01 4.122893384449145771e+00 0.000000000000000000e+00
1.622617656856223789e+01 4.113727704499891225e+00 0.000000000000000000e+00
1.624856785534995041e+01 4.100387163704017901e+00 0.000000000000000000e+00
1.627095630057688780e+01 4.088018079123084902e+00 0.000000000000000000e+00
1.629334190089856449e+01 4.079474698255912912e+00 0.000000000000000000e+00
1.631572465297319852e+01 4.068470024233123539e+00 0.000000000000000000e+00
1.633810455346170087e+01 4.063237695294921181e+00 0.000000000000000000e+00
1.636048159902768262e+01 4.048553320183381210e+00 0.000000000000000000e+00
1.638285578633747619e+01 4.044559436915184492e+00 0.000000000000000000e+00
1.640522711206009987e+01 4.037930880095179198e+00 0.000000000000000000e+00
1.642759557286728977e+01 4.018388215294995902e+00 0.000000000000000000e+00
1.644996116543349274e+01 4.013570936090943952e+00 0.000000000000000000e+00
1.647232388643586631e+01 4.001376330104003287e+00 0.000000000000000000e+00
1.649468373255428233e+01 3.987864687812358255e+00 0.000000000000000000e+00
1.651704070047133399e+01 3.988383489160754802e+00 0.000000000000000000e+00
1.653939478687233589e+01 3.975555618511741773e+00 0.000000000000000000e+00
1.656174598844530266e+01 3.970791934791986666e+00 0.000000000000000000e+00
1.658409430188101297e+01 3.960272621493243772e+00 0.000000000000000000e+00
1.660643972387292777e+01 3.944767941791759380e+00 0.000000000000000000e+00
1.662878225111726138e+01 3.940662184182242900e+00 0.000000000000000000e+00
1.665112188031295659e+01 3.926801227780801984e+00 0.000000000000000000e+00
1.667345860816167757e+01 3.909368744853138011e+00 0.000000000000000000e+00
1.669579243136782765e+01 3.906068974294707008e+00 0.000000000000000000e+00
1.671812334663855282e+01 3.888303308106041634e+00 0.000000000000000000e+00
1.674045135068372048e+01 3.877694708168372362e+00 0.000000000000000000e+00
1.676277644021596558e+01 3.870127022094969949e+00 0.000000000000000000e+00
1.678509861195063024e+01 3.859130462476471291e+00 0.000000000000000000e+00
1.680741786260583481e+01 3.846721470099864870e+00 0.000000000000000000e+00
1.682973418890241390e+01 3.836067523225929587e+00 0.000000000000000000e+00
1.685204758756398391e+01 3.825002884256703428e+00 0.000000000000000000e+00
1.687435805531688615e+01 3.819532439795704004e+00 0.000000000000000000e+00
1.689666558889022951e+01 3.816203759574479548e+00 0.000000000000000000e+00
1.691897018501586558e+01 3.800276075825318678e+00 0.000000000000000000e+00
1.694127184042840639e+01 3.786553897115333189e+00 0.000000000000000000e+00
1.696357055186523155e+01 3.780708140795593142e+00 0.000000000000000000e+00
1.698586631606647401e+01 3.768415089856252731e+00 0.000000000000000000e+00
1.700815912977502364e+01 3.762828509924903475e+00 0.000000000000000000e+00
1.703044898973654497e+01 3.745470794845675577e+00 0.000000000000000000e+00
1.705273589269946299e+01 3.743298880602385470e+00 0.000000000000000000e+00
1.707501983541497381e+01 3.734016942550748563e+00 0.000000000000000000e+00
1.709730081463704465e+01 3.729014865072243889e+00 0.000000000000000000e+00
1.711957882712241386e+01 3.725465085981562563e+00 0.000000000000000000e+00
1.714185386963059443e+01 3.717971891632755099e+00 0.000000000000000000e+00
1.716412593892387406e+01 3.705249751461535013e+00 0.000000000000000000e+00
1.718639503176732575e+01 3.704428188723881465e+00 0.000000000000000000e+00
1.720866114492879717e+01 3.688907122367432123e+00 0.000000000000000000e+00
1.723092427517891423e+01 3.675178764990963298e+00 0.000000000000000000e+00
1.725318441929109525e+01 3.670498923522888202e+00 0.000000000000000000e+00
1.727544157404154745e+01 3.667962576921397044e+00 0.000000000000000000e+00
1.729769573620924916e+01 3.654747399014190545e+00 0.000000000000000000e+00
1.731994690257599245e+01 3.648579100674074649e+00 0.000000000000000000e+00
1.734219506992633697e+01 3.641548797653254788e+00 0.000000000000000000e+00
1.736444023504765966e+01 3.630870007904252184e+00 0.000000000000000000e+00
1.738668239473011212e+01 3.627153563269416292e+00 0.000000000000000000e+00
1.740892154576665973e+01 3.610713929161700531e+00 0.000000000000000000e+00
1.743115768495305673e+01 3.600408820086804074e+00 0.000000000000000000e+00
1.745339080908786755e+01 3.592922728245509845e+00 0.000000000000000000e+00
1.747562091497245618e+01 3.583679885459008840e+00 0.000000000000000000e+00
1.749784799941099322e+01 3.583272639745012977e+00 0.000000000000000000e+00
1.752007205921044175e+01 3.573011939203293963e+00 0.000000000000000000e+00
1.754229309118060343e+01 3.556179587530400976e+00 0.000000000000000000e+00
1.756451109213406170e+01 3.547650592463904129e+00 0.000000000000000000e+00
1.758672605888623863e+01 3.541951492650750488e+00 0.000000000000000000e+00
1.760893798825533807e+01 3.536170174442715641e+00 0.000000000000000000e+00
1.763114687706241668e+01 3.528782452007116710e+00 0.000000000000000000e+00
1.765335272213132711e+01 3.517273992634795121e+00 0.000000000000000000e+00
1.767555552028873933e+01 3.517019985937489768e+00 0.000000000000000000e+00
1.769775526836416191e+01 3.505993748190247228e+00 0.000000000000000000e+00
1.771995196318991361e+01 3.495453583685301790e+00 0.000000000000000000e+00
1.774214560160114829e+01 3.486327300141882635e+00 0.000000000000000000e+00
1.776433618043583706e+01 3.474723162786917285e+00 0.000000000000000000e+00
1.778652369653478615e+01 3.472739191712063800e+00 0.000000000000000000e+00
1.780870814674162972e+01 3.454687182001026535e+00 0.000000000000000000e+00
1.783088952790284054e+01 3.447841220477565471e+00 0.000000000000000000e+00
1.785306783686771581e+01 3.447328137622378108e+00 0.000000000000000000e+00
1.787524307048840555e+01 3.429155604719030137e+00 0.000000000000000000e+00
1.789741522561987352e+01 3.422682119638131404e+00 0.000000000000000000e+00
1.791958429911993989e+01 3.416546461502704801e+00 0.000000000000000000e+00
1.794175028784927051e+01 3.404778588642885850e+00 0.000000000000000000e+00
1.796391318867136633e+01 3.397432521633466873e+00 0.000000000000000000e+00
1.798607299845256335e+01 3.391742217727079289e+00 0.000000000000000000e+00
1.800822971406207174e+01 3.382044665516433124e+00 0.000000000000000000e+00
1.803038333237191893e+01 3.365964453341372842e+00 0.000000000000000000e+00
1.805253385025700297e+01 3.358307882521097021e+00 0.000000000000000000e+00
1.807468126459506763e+01 3.349212366812818420e+00 0.000000000000000000e+00
1.809682557226671307e+01 3.339893813499452691e+00 0.000000000000000000e+00
1.811896677015538870e+01 3.332831839417520481e+00 0.000000000000000000e+00
1.814110485514740390e+01 3.319017999124679985e+00 0.000000000000000000e+00
1.816323982413192795e+01 3.315981029593771279e+00 0.000000000000000000e+00
1.818537167400100074e+01 3.300553745136852068e+00 0.000000000000000000e+00
1.820750040164949723e+01 3.289054718572030023e+00 0.000000000000000000e+00
1.822962600397518429e+01 3.285750535535755468e+00 0.000000000000000000e+00
1.825174847787867805e+01 3.274405359786046965e+00 0.000000000000000000e+00
1.827386782026347234e+01 3.264539595680986395e+00 0.000000000000000000e+00
1.829598402803591384e+01 3.249585654649545408e+00 0.000000000000000000e+00
1.831809709810523401e+01 3.238229871253284209e+00 0.000000000000000000e+00
1.834020702738353847e+01 3.232482912619653259e+00 0.000000000000000000e+00
1.836231381278579278e+01 3.219356134370302769e+00 0.000000000000000000e+00
1.838441745122984727e+01 3.220191266657488782e+00 0.000000000000000000e+00
1.840651793963643001e+01 3.204194567658037673e+00 0.000000000000000000e+00
1.842861527492913964e+01 3.197578299387624057e+00 0.000000000000000000e+00
1.845070945403446672e+01 3.183306922604931088e+00 0.000000000000000000e+00
1.847280047388177948e+01 3.176837028419996489e+00 0.000000000000000000e+00
1.849488833140331678e+01 3.168760651876360246e+00 0.000000000000000000e+00
1.851697302353422359e+01 3.151296396852326431e+00 0.000000000000000000e+00
1.853905454721251900e+01 3.150259569289146189e+00 0.000000000000000000e+00
1.856113289937911048e+01 3.137289148848717790e+00 0.000000000000000000e+00
1.858320807697780097e+01 3.127783553142397643e+00 0.000000000000000000e+00
1.860528007695528530e+01 3.120875484241426356e+00 0.000000000000000000e+00
1.862734889626113599e+01 3.107202292723216797e+00 0.000000000000000000e+00
1.864941453184784237e+01 3.098206542633245242e+00 0.000000000000000000e+00
1.867147698067077499e+01 3.085577473692752815e+00 0.000000000000000000e+00
1.869353623968821410e+01 3.077948165945326942e+00 0.000000000000000000e+00
1.871559230586131761e+01 3.066230222786657578e+00 0.000000000000000000e+00
1.873764517615417091e+01 3.060579343669675989e+00 0.000000000000000000e+00
1.875969484753374417e+01 3.052513207354065283e+00 0.000000000000000000e+00
1.878174131696991722e+01 3.040474569139699934e+00 0.000000000000000000e+00
1.880378458143547249e+01 3.028599158688643378e+00 0.000000000000000000e+00
1.882582463790610916e+01 3.021015270831316712e+00 0.000000000000000000e+00
1.884786148336041833e+01 3.015244601929972568e+00 0.000000000000000000e+00
1.886989511477991144e+01 3.004020534669246789e+00 0.000000000000000000e+00
1.889192552914900958e+01 2.988290360765314624e+00 0.000000000000000000e+00
1.891395272345505063e+01 2.974496971329868789e+00 0.000000000000000000e+00
1.893597669468828215e+01 2.969859761508037099e+00 0.000000000000000000e+00
1.895799743984186492e+01 2.957480033864044344e+00 0.000000000000000000e+00
1.898001495591188359e+01 2.947117333169999132e+00 0.000000000000000000e+00
1.900202923989733961e+01 2.939165109260815978e+00 0.000000000000000000e+00
1.902404028880015474e+01 2.926603919484828786e+00 0.000000000000000000e+00
1.904604809962517109e+01 2.921666256102592563e+00 0.000000000000000000e+00
1.906805266938014753e+01 2.906291356089592437e+00 0.000000000000000000e+00
1.909005399507578460e+01 2.900034353561537159e+00 0.000000000000000000e+00
1.911205207372570314e+01 2.889065870686624571e+00 0.000000000000000000e+00
1.913404690234643013e+01 2.884358125885461366e+00 0.000000000000000000e+00
1.915603847795745551e+01 2.863547667035117428e+00 0.000000000000000000e+00
1.917802679758117534e+01 2.854884200449164133e+00 0.000000000000000000e+00
1.920001185824293088e+01 2.847570447008753280e+00 0.000000000000000000e+00
1.922199365697098017e+01 2.843801870224625716e+00 0.000000000000000000e+00
1.924397219079653709e+01 2.826893330148369632e+00 0.000000000000000000e+00
1.926594745675373943e+01 2.823714000147029779e+00 0.000000000000000000e+00
1.928791945187966661e+01 2.817127818444250753e+00 0.000000000000000000e+00
1.930988817321432549e+01 2.805134652934060391e+00 0.000000000000000000e+00
1.933185361780068590e+01 2.790301417544557516e+00 0.000000000000000000e+00
1.935381578268463443e+01 2.785550093546286909e+00 0.000000000000000000e+00
1.937577466491502065e+01 2.772594435594292417e+00 0.000000000000000000e+00
1.939773026154362157e+01 2.761778588781859334e+00 0.000000000000000000e+00
1.941968256962517714e+01 2.756546012608191987e+00 0.000000000000000000e+00
1.944163158621736187e+01 2.740715695910607597e+00 0.000000000000000000e+00
1.946357730838079902e+01 2.733274326439810498e+00 0.000000000000000000e+00
1.948551973317906771e+01 2.727917742743884322e+00 0.000000000000000000e+00
1.950745885767868870e+01 2.719119748853280338e+00 0.000000000000000000e+00
1.952939467894915637e+01 2.708620564445397338e+00 0.000000000000000000e+00
1.955132719406289254e+01 2.695048460250791589e+00 0.000000000000000000e+00
1.957325640009529266e+01 2.689224567498269103e+00 0.000000000000000000e+00
1.959518229412469381e+01 2.683872764883338924e+00 0.000000000000000000e+00
1.961710487323240670e+01 2.671882315496712845e+00 0.000000000000000000e+00
1.963902413450268725e+01 2.659212760100622575e+00 0.000000000000000000e+00
1.966094007502276497e+01 2.652720036463167119e+00 0.000000000000000000e+00
1.968285269188281816e+01 2.641068739764964146e+00 0.000000000000000000e+00
1.970476198217599162e+01 2.637521170262662640e+00 0.000000000000000000e+00
1.972666794299839665e+01 2.621804559543708280e+00 0.000000000000000000e+00
1.974857057144912176e+01 2.613839581795308842e+00 0.000000000000000000e+00
1.977046986463018996e+01 2.611724509163513730e+00 0.000000000000000000e+00
1.979236581964661923e+01 2.593814208176450808e+00 0.000000000000000000e+00
1.981425843360640116e+01 2.592758376739351611e+00 0.000000000000000000e+00
1.983614770362046897e+01 2.580717968100021409e+00 0.000000000000000000e+00
1.985803362680275441e+01 2.569627622165599146e+00 0.000000000000000000e+00
1.987991620027015571e+01 2.566159230903592547e+00 0.000000000000000000e+00
1.990179542114253408e+01 2.554154170940111435e+00 0.000000000000000000e+00
1.992367128654273500e+01 2.542053669975992136e+00 0.000000000000000000e+00
1.994554379359658469e+01 2.535213735260083645e+00 0.000000000000000000e+00
1.996741293943287943e+01 2.535986219928663132e+00 0.000000000000000000e+00
1.998927872118339977e+01 2.518243172322138790e+00 0.000000000000000000e+00
2.001114113598289279e+01 2.510682125817775390e+00 0.000000000000000000e+00
2.003300018096911472e+01 2.497487973952447149e+00 0.000000000000000000e+00
2.005485585328277409e+01 2.497699400027240113e+00 0.000000000000000000e+00
2.007670815006758502e+01 2.484860864863227992e+00 0.000000000000000000e+00
2.009855706847023882e+01 2.479645016362480803e+00 0.000000000000000000e+00
2.012040260564040750e+01 2.467397225918347203e+00 0.000000000000000000e+00
2.014224475873076159e+01 2.463095095655273070e+00 0.000000000000000000e+00
2.016408352489695233e+01 2.453543317073270114e+00 0.000000000000000000e+00
2.018591890129762234e+01 2.442177300124606543e+00 0.000000000000000000e+00
2.020775088509439854e+01 2.440828151440145533e+00 0.000000000000000000e+00
2.022957947345191343e+01 2.428696032739189548e+00 0.000000000000000000e+00
2.025140466353779445e+01 2.426005386584240142e+00 0.000000000000000000e+00
2.027322645252263555e+01 2.412544110176235268e+00 0.000000000000000000e+00
2.029504483758005051e+01 2.399185345280673953e+00 0.000000000000000000e+00
2.031685981588665513e+01 2.394183384918529889e+00 0.000000000000000000e+00
2.033867138462203883e+01 2.390251765535719830e+00 0.000000000000000000e+00
2.036047954096881085e+01 2.378425953747981048e+00 0.000000000000000000e+00
2.038228428211255761e+01 2.374634155782298972e+00 0.000000000000000000e+00
2.040408560524189951e+01 2.368520545046021830e+00 0.000000000000000000e+00
2.042588350754843418e+01 2.356234244519392451e+00 0.000000000000000000e+00
2.044767798622675770e+01 2.352426343313927859e+00 0.000000000000000000e+00
2.046946903847448596e+01 2.341276496845633659e+00 0.000000000000000000e+00
2.049125666149225111e+01 2.335538362653991395e+00 0.000000000000000000e+00
2.051304085248365183e+01 2.328118778362387342e+00 0.000000000000000000e+00
2.053482160865532791e+01 2.317580579122542783e+00 0.000000000000000000e+00
2.055659892721691051e+01 2.318294016919313805e+00 0.000000000000000000e+00
2.057837280538106128e+01 2.302004637990841651e+00 0.000000000000000000e+00
2.060014324036343325e+01 2.301268896446794887e+00 0.000000000000000000e+00
2.062191022938268148e+01 2.292816861947999829e+00 0.000000000000000000e+00
2.064367376966050571e+01 2.287291117798311735e+00 0.000000000000000000e+00
2.066543385842158642e+01 2.273366858814425129e+00 0.000000000000000000e+00
2.068719049289364165e+01 2.269419710929594824e+00 0.000000000000000000e+00
2.070894367030740568e+01 2.265036913492623150e+00 0.000000000000000000e+00
2.073069338789661487e+01 2.251768283505337642e+00 0.000000000000000000e+00
2.075243964289801113e+01 2.248409387540341697e+00 0.000000000000000000e+00
2.077418243255140240e+01 2.243079973698732577e+00 0.000000000000000000e+00
2.079592175409956667e+01 2.234573454275046167e+00 0.000000000000000000e+00
2.081765760478833016e+01 2.227668815624603393e+00 0.000000000000000000e+00
2.083938998186653535e+01 2.225587740301847806e+00 0.000000000000000000e+00
2.086111888258604097e+01 2.218830670603465727e+00 0.000000000000000000e+00
2.088284430420174331e+01 2.210949112490376844e+00 0.000000000000000000e+00
2.090456624397154073e+01 2.200873019824178822e+00 0.000000000000000000e+00
2.092628469915637623e+01 2.197560249544174393e+00 0.000000000000000000e+00
2.094799966702020555e+01 2.188909196176665350e+00 0.000000000000000000e+00
2.096971114483003618e+01 2.181236859192803745e+00 0.000000000000000000e+00
2.099141912985587055e+01 2.176897380034206186e+00 0.000000000000000000e+00
2.101312361937076290e+01 2.168689744367761740e+00 0.000000000000000000e+00
2.103482461065079434e+01 2.161800375665685614e+00 0.000000000000000000e+00
2.105652210097507293e+01 2.161828825871845883e+00 0.000000000000000000e+00
2.107821608762574428e+01 2.150815119783725304e+00 0.000000000000000000e+00
2.109990656788797381e+01 2.152981562083622791e+00 0.000000000000000000e+00
2.112159353904996806e+01 2.139098926832299963e+00 0.000000000000000000e+00
2.114327699840298891e+01 2.140210426497560547e+00 0.000000000000000000e+00
2.116495694324129673e+01 2.128947040491234510e+00 0.000000000000000000e+00
2.118663337086221077e+01 2.125260356537086004e+00 0.000000000000000000e+00
2.120830627856608785e+01 2.118764885114851726e+00 0.000000000000000000e+00
2.122997566365631883e+01 2.114750414375851317e+00 0.000000000000000000e+00
2.125164152343932855e+01 2.105728943533660580e+00 0.000000000000000000e+00
2.127330385522460432e+01 2.102627683618116361e+00 0.000000000000000000e+00
2.129496265632462126e+01 2.099671025084958398e+00 0.000000000000000000e+00
2.131661792405498090e+01 2.086088323541689604e+00 0.000000000000000000e+00
2.133826965573423706e+01 2.085637365855125935e+00 0.000000000000000000e+00
2.135991784868405574e+01 2.076482346031499837e+00 0.000000000000000000e+00
2.138156250022909788e+01 2.074250995416600851e+00 0.000000000000000000e+00
2.140320360769711527e+01 2.069502971674133995e+00 0.000000000000000000e+00
2.142484116841886532e+01 2.059648252083916997e+00 0.000000000000000000e+00
2.144647517972817496e+01 2.062234317757100754e+00 0.000000000000000000e+00
2.146810563896191582e+01 2.050786876695763983e+00 0.000000000000000000e+00
2.148973254346000417e+01 2.047065833303709503e+00 0.000000000000000000e+00
2.151135589056540809e+01 2.043106475100095132e+00 0.000000000000000000e+00
2.153297567762413678e+01 2.038832755177420353e+00 0.000000000000000000e+00
2.155459190198526898e+01 2.030161300139003089e+00 0.000000000000000000e+00
2.157620456100091033e+01 2.025058843180884249e+00 0.000000000000000000e+00
2.159781365202624670e+01 2.023984449708553512e+00 0.000000000000000000e+00
2.161941917241949795e+01 2.015032671111506080e+00 0.000000000000000000e+00
2.164102111954193575e+01 2.011281329612754298e+00 0.000000000000000000e+00
2.166261949075789417e+01 2.008018537035815676e+00 0.000000000000000000e+00
2.168421428343477686e+01 2.000386674860986425e+00 0.000000000000000000e+00
2.170580549494300726e+01 1.995356310815027179e+00 0.000000000000000000e+00
2.172739312265610323e+01 1.991620048933962384e+00 0.000000000000000000e+00
2.174897716395061309e+01 1.986317546225729425e+00 0.000000000000000000e+00
2.177055761620616892e+01 1.979912434110088881e+00 0.000000000000000000e+00
2.179213447680544036e+01 1.976646969534148868e+00 0.000000000000000000e+00
2.181370774313416305e+01 1.969275776370885689e+00 0.000000000000000000e+00
2.183527741258112798e+01 1.962235930735648726e+00 0.000000000000000000e+00
2.185684348253821696e+01 1.960320254665184780e+00 0.000000000000000000e+00
2.187840595040032809e+01 1.956503605168098625e+00 0.000000000000000000e+00
2.189996481356545388e+01 1.953604907666009360e+00 0.000000000000000000e+00
2.192152006943463505e+01 1.944531761671212999e+00 0.000000000000000000e+00
2.194307171541200319e+01 1.941532201944753622e+00 0.000000000000000000e+00
2.196461974890471680e+01 1.937214696725281238e+00 0.000000000000000000e+00
2.198616416732301815e+01 1.926394442363220882e+00 0.000000000000000000e+00
2.200770496808022259e+01 1.929539840867377620e+00 0.000000000000000000e+00
2.202924214859270791e+01 1.922129792181908714e+00 0.000000000000000000e+00
2.205077570627990724e+01 1.921374988730339961e+00 0.000000000000000000e+00
2.207230563856432681e+01 1.913008627913765025e+00 0.000000000000000000e+00
2.209383194287156016e+01 1.910040437210354325e+00 0.000000000000000000e+00
2.211535461663025615e+01 1.905870708242076494e+00 0.000000000000000000e+00
2.213687365727212608e+01 1.897516448223979912e+00 0.000000000000000000e+00
2.215838906223196147e+01 1.895523014600310807e+00 0.000000000000000000e+00
2.217990082894761983e+01 1.891233066125408646e+00 0.000000000000000000e+00
2.220140895486004595e+01 1.888343681505161298e+00 0.000000000000000000e+00
2.222291343741323644e+01 1.879138180260252033e+00 0.000000000000000000e+00
2.224441427405427163e+01 1.877673221261829895e+00 0.000000000000000000e+00
2.226591146223330497e+01 1.874419662900752348e+00 0.000000000000000000e+00
2.228740499940357367e+01 1.878936948397523343e+00 0.000000000000000000e+00
2.230889488302135959e+01 1.870849344145511184e+00 0.000000000000000000e+00
2.233038111054606034e+01 1.862870204866206914e+00 0.000000000000000000e+00
2.235186367944012176e+01 1.860634719228611011e+00 0.000000000000000000e+00
2.237334258716908053e+01 1.854034705097134861e+00 0.000000000000000000e+00
2.239481783120154645e+01 1.851220282749932000e+00 0.000000000000000000e+00
2.241628940900919531e+01 1.845270507727626796e+00 0.000000000000000000e+00
2.243775731806680085e+01 1.844726841451313604e+00 0.000000000000000000e+00
2.245922155585220281e+01 1.833949640698564032e+00 0.000000000000000000e+00
2.248068211984633535e+01 1.831594091980776051e+00 0.000000000000000000e+00
2.250213900753319507e+01 1.832019236789497185e+00 0.000000000000000000e+00
2.252359221639986231e+01 1.826644120096390100e+00 0.000000000000000000e+00
2.254504174393651539e+01 1.821234633670569369e+00 0.000000000000000000e+00
2.256648758763639151e+01 1.818395910063154819e+00 0.000000000000000000e+00
2.258792974499583295e+01 1.816089788945244754e+00 0.000000000000000000e+00
2.260936821351424797e+01 1.814832324165731370e+00 0.000000000000000000e+00
2.263080299069412149e+01 1.804674298156157652e+00 0.000000000000000000e+00
2.265223407404105416e+01 1.796662206160685393e+00 0.000000000000000000e+00
2.267366146106369484e+01 1.797522369353170779e+00 0.000000000000000000e+00
2.269508514927380816e+01 1.790590003801076913e+00 0.000000000000000000e+00
2.271650513618621403e+01 1.786492522728078791e+00 0.000000000000000000e+00
2.273792141931884814e+01 1.787744900236204693e+00 0.000000000000000000e+00
2.275933399619271214e+01 1.783062728777346839e+00 0.000000000000000000e+00
2.278074286433189855e+01 1.779306848693363641e+00 0.000000000000000000e+00
2.280214802126358720e+01 1.773772670220293168e+00 0.000000000000000000e+00
2.282354946451805233e+01 1.766319514197985052e+00 0.000000000000000000e+00
2.284494719162865195e+01 1.773999602439613632e+00 0.000000000000000000e+00
2.286634120013183136e+01 1.762088933442908401e+00 0.000000000000000000e+00
2.288773148756712672e+01 1.761272582204559622e+00 0.000000000000000000e+00
2.290911805147716507e+01 1.761009053689564841e+00 0.000000000000000000e+00
2.293050088940766074e+01 1.754971647984898020e+00 0.000000000000000000e+00
2.295187999890741182e+01 1.753173351260682411e+00 0.000000000000000000e+00
2.297325537752832503e+01 1.748054081649098590e+00 0.000000000000000000e+00
2.299462702282538373e+01 1.750320024542867614e+00 0.000000000000000000e+00
2.301599493235667282e+01 1.743469617048546194e+00 0.000000000000000000e+00
2.303735910368335738e+01 1.743567040915342758e+00 0.000000000000000000e+00
2.305871953436970401e+01 1.737702463268514297e+00 0.000000000000000000e+00
2.308007622198307018e+01 1.731328922065137776e+00 0.000000000000000000e+00
2.310142916409391489e+01 1.735885882779543365e+00 0.000000000000000000e+00
2.312277835827576666e+01 1.728399253851674588e+00 0.000000000000000000e+00
2.314412380210527687e+01 1.723883063688743222e+00 0.000000000000000000e+00
2.316546549316217707e+01 1.726551480730962540e+00 0.000000000000000000e+00
2.318680342902928970e+01 1.712157988529862118e+00 0.000000000000000000e+00
2.320813760729254227e+01 1.716572874707892993e+00 0.000000000000000000e+00
2.322946802554095314e+01 1.710441196693043064e+00 0.000000000000000000e+00
2.325079468136662797e+01 1.720533723859348552e+00 0.000000000000000000e+00
2.327211757236479883e+01 1.715333489536424061e+00 0.000000000000000000e+00
2.329343669613376022e+01 1.707808085908242290e+00 0.000000000000000000e+00
2.331475205027491526e+01 1.704047204345120026e+00 0.000000000000000000e+00
2.333606363239276504e+01 1.701147856550221604e+00 0.000000000000000000e+00
2.335737144009492283e+01 1.694955000358681740e+00 0.000000000000000000e+00
2.337867547099207499e+01 1.694352461961213807e+00 0.000000000000000000e+00
2.339997572269801651e+01 1.697115738842301713e+00 0.000000000000000000e+00
2.342127219282964745e+01 1.697201072183781356e+00 0.000000000000000000e+00
2.344256487900696584e+01 1.692223595896264809e+00 0.000000000000000000e+00
2.346385377885305701e+01 1.693789779051650290e+00 0.000000000000000000e+00
2.348513888999411847e+01 1.686167288146555032e+00 0.000000000000000000e+00
2.350642021005943150e+01 1.684516322555396739e+00 0.000000000000000000e+00
2.352769773668141440e+01 1.680197515275567932e+00 0.000000000000000000e+00
2.354897146749553372e+01 1.680046006786638735e+00 0.000000000000000000e+00
2.357024140014039659e+01 1.675523465288294878e+00 0.000000000000000000e+00
2.359150753225769748e+01 1.674776067291685155e+00 0.000000000000000000e+00
2.361276986149222878e+01 1.670089730933280503e+00 0.000000000000000000e+00
2.363402838549188800e+01 1.672338053311034578e+00 0.000000000000000000e+00
2.365528310190768480e+01 1.669074995510960724e+00 0.000000000000000000e+00
2.367653400839370903e+01 1.668419886596608226e+00 0.000000000000000000e+00
2.369778110260716630e+01 1.662076747351705075e+00 0.000000000000000000e+00
2.371902438220836729e+01 1.655388077914975220e+00 0.000000000000000000e+00
2.374026384486072416e+01 1.659210755556613126e+00 0.000000000000000000e+00
2.376149948823073643e+01 1.656718974194744787e+00 0.000000000000000000e+00
2.378273130998802998e+01 1.655008745308911511e+00 0.000000000000000000e+00
2.380395930780532154e+01 1.657249463464358419e+00 0.000000000000000000e+00
2.382518347935843295e+01 1.652537381126144123e+00 0.000000000000000000e+00
2.384640382232629463e+01 1.644956770385411549e+00 0.000000000000000000e+00
2.386762033439092079e+01 1.644684194836109503e+00 0.000000000000000000e+00
2.388883301323746622e+01 1.636804716912541036e+00 0.000000000000000000e+00
2.391004185655416592e+01 1.633486642284014634e+00 0.000000000000000000e+00
2.393124686203234930e+01 1.631883423401410571e+00 0.000000000000000000e+00
2.395244802736647927e+01 1.635187343706904439e+00 0.000000000000000000e+00
2.397364535025410603e+01 1.629369595621930511e+00 0.000000000000000000e+00
2.399483882839588489e+01 1.628773957539876527e+00 0.000000000000000000e+00
2.401602845949559395e+01 1.626936300893818688e+00 0.000000000000000000e+00
2.403721424126007733e+01 1.619970480095242360e+00 0.000000000000000000e+00
2.405839617139933040e+01 1.616714222512356969e+00 0.000000000000000000e+00
2.407957424762643939e+01 1.625664614474872760e+00 0.000000000000000000e+00
2.410074846765756718e+01 1.610638057238465981e+00 0.000000000000000000e+00
2.412191882921202435e+01 1.615087460853170009e+00 0.000000000000000000e+00
2.414308533001221235e+01 1.604068836152026556e+00 0.000000000000000000e+00
2.416424796778362349e+01 1.608907670697055536e+00 0.000000000000000000e+00
2.418540674025489068e+01 1.608875024118510577e+00 0.000000000000000000e+00
2.420656164515770925e+01 1.600402050970062717e+00 0.000000000000000000e+00
2.422771268022692226e+01 1.601619397796416600e+00 0.000000000000000000e+00
2.424885984320046362e+01 1.599656763048664221e+00 0.000000000000000000e+00
2.427000313181935809e+01 1.595637156383326483e+00 0.000000000000000000e+00
2.429114254382777460e+01 1.588520354845057270e+00 0.000000000000000000e+00
2.431227807697294097e+01 1.585480178093162884e+00 0.000000000000000000e+00
2.433340972900523980e+01 1.591254467588362864e+00 0.000000000000000000e+00
2.435453749767812681e+01 1.584203618954498793e+00 0.000000000000000000e+00
2.437566138074818411e+01 1.583835257163711097e+00 0.000000000000000000e+00
2.439678137597509533e+01 1.580245609678563756e+00 0.000000000000000000e+00
2.441789748112164915e+01 1.579079771776683794e+00 0.000000000000000000e+00
2.443900969395375000e+01 1.586013500283430577e+00 0.000000000000000000e+00
2.446011801224040383e+01 1.564524328114454299e+00 0.000000000000000000e+00
2.448122243375371454e+01 1.573479888903777768e+00 0.000000000000000000e+00
2.450232295626891954e+01 1.569850934236549422e+00 0.000000000000000000e+00
2.452341957756433999e+01 1.562436744741895200e+00 0.000000000000000000e+00
2.454451229542141277e+01 1.570941699381380730e+00 0.000000000000000000e+00
2.456560110762467986e+01 1.557691075977771344e+00 0.000000000000000000e+00
2.458668601196181669e+01 1.558133009729782970e+00 0.000000000000000000e+00
2.460776700622355762e+01 1.563763893903056035e+00 0.000000000000000000e+00
2.462884408820379178e+01 1.560390658049168655e+00 0.000000000000000000e+00
2.464991725569948855e+01 1.554838891196980155e+00 0.000000000000000000e+00
2.467098650651073655e+01 1.548885739277221951e+00 0.000000000000000000e+00
2.469205183844073304e+01 1.549264100132310196e+00 0.000000000000000000e+00
2.471311324929577324e+01 1.548372733351246922e+00 0.000000000000000000e+00
2.473417073688528234e+01 1.545775302266093831e+00 0.000000000000000000e+00
2.475522429902175503e+01 1.551153952938458147e+00 0.000000000000000000e+00
2.477627393352083374e+01 1.542836053141673380e+00 0.000000000000000000e+00
2.479731963820124463e+01 1.542083012197824399e+00 0.000000000000000000e+00
2.481836141088483316e+01 1.536867023836086199e+00 0.000000000000000000e+00
2.483939924939655697e+01 1.544525562650089334e+00 0.000000000000000000e+00
2.486043315156447164e+01 1.542978643279597550e+00 0.000000000000000000e+00
2.488146311521973075e+01 1.535432932126717498e+00 0.000000000000000000e+00
2.490248913819662135e+01 1.528158132816332948e+00 0.000000000000000000e+00
2.492351121833251426e+01 1.534057556838414271e+00 0.000000000000000000e+00
2.494452935346791378e+01 1.525595175748408749e+00 0.000000000000000000e+00
2.496554354144640442e+01 1.522079708296085965e+00 0.000000000000000000e+00
2.498655378011469708e+01 1.520676676374097092e+00 0.000000000000000000e+00
2.500756006732260062e+01 1.510832392151274295e+00 0.000000000000000000e+00
