#   DataFileName=25janv24_002.tif
#   DataFileType=.tif
#   
#   DataFilePath=D:SAXS-Cu:Claire:SAXS Cu 2024:20240125:
#   
#   Processed on=ven. 26 janv. 2024,08:52:52
#   Units=Arbitrary
#   SampleThickness=2.9
#   SampleTransmission=0.36738
#   CorrectionFactor=2.72
#   SampleMeasurementTime=1
#   EmptyMeasurementTime=1
#   BackgroundMeasTime=1
#   SampleI0=3600
#   EmptyI0=1
#   Nika_SampleToDetectorDistacne=1616
#   Nika_Wavelength=1.542
#   Nika_XrayEnergy=8.0405
#   Nika_PixelSizeX=0.172
#   Nika_PixelSizeY=0.172
#   Nika_HorizontalTilt=0
#   Nika_VerticalTilt=0
#   Nika_BeamCenterX=277.17
#   Nika_BeamCenterY=169.37
#   Nika_BeamSizeX=0
#   Nika_BeamSizeY=0
#   CalibrationFormula=1*((Sa2D))
#   CurrentMaskFileName=jan24_mask.hdf
#   QvectorMaxNumPnts=0
#   QvectorNumberPoints=500
#   CircularAverage=1
#   PolarizationCorrection=None
#   UncertainityCalculationMethod=OldNikaMethod

0.0090713194	12948.632	3225.9526	0.00041012454
0.0091191828	13173.125	3636.0774	0.00041013741
0.009167294	12989.071	3891.1016	0.00041015071
0.0092156595	12953.214	3880.3293	0.00041016436
0.0092642847	12668	4428.7344	0.00041017766
0.0093131615	12636.421	3148.7297	0.00041019166
0.0093623018	12642.353	3364.6389	0.00041020423
0.0094116954	11842.929	3540.6963	0.00041021823
0.0094613498	12418.523	2919.3276	0.00041023357
0.0095112715	12275.688	3388.3577	0.00041024663
0.0095614512	12193.818	4262.8291	0.00041026229
0.0096119009	12013.062	3315.8621	0.00041027571
0.0096626123	11923.667	3067.3066	0.00041029038
0.0097135901	11802.15	2854.0203	0.0004103065
0.0097648427	11720.071	3510.9712	0.00041032035
0.0098163607	11715.588	3117.9756	0.00041033557
0.0098681506	11495.375	3172.9775	0.00041035117
0.009920218	11407.947	2842.6086	0.00041036645
0.0099725556	11195.75	3089.4692	0.00041038232
0.010025172	10939.685	2725.5024	0.00041039812
0.010078066	11097.15	2683.5449	0.00041041418
0.010131239	10914.438	3012.6172	0.00041042943
0.010184692	10816.579	2695.2695	0.00041044565
0.010238425	10846.6	3113.8225	0.00041046331
0.010292444	10701.782	2387.781	0.00041047813
0.010346748	10150.263	2526.6428	0.00041049506
0.010401339	10501.105	2616.6433	0.00041051209
0.010456217	10303.667	2957.9905	0.00041052917
0.010511382	10208.857	2399.873	0.00041054678
0.010566842	10113.363	2314.6082	0.00041056532
0.010622594	9974.4375	2753.1753	0.00041058313
0.01067864	10003.852	2038.8613	0.00041059998
0.010734978	9838.875	2715.7451	0.00041061838
0.010791617	9719.2725	2224.4089	0.00041063668
0.010848555	9587.167	2466.25	0.00041065528
0.010905793	9562.0869	2133.4832	0.00041067408
0.010963334	9285.1504	2245.1143	0.0004106928
0.011021174	9314.208	2028.4932	0.00041071215
0.011079323	9198.3496	2224.3674	0.00041073147
0.011137779	9227.5459	2111.853	0.00041075103
0.011196543	9003.5215	2008.8464	0.00041077062
0.011255614	8931.2402	1900.6632	0.00041079085
0.011315	8443.4121	2244.5071	0.00041081096
0.011374699	8711.417	1897.1932	0.00041083139
0.011434713	8550.2959	1742.6171	0.00041085103
0.011495044	8547.0498	2066.8491	0.00041087266
0.01155569	8455.2695	1760.0582	0.00041089294
0.011616659	8359.7822	1865.2183	0.00041091512
0.01167795	8266.6523	1844.4396	0.00041093573
0.011739564	8121.8501	1964.04	0.0004109572
0.0118015	8010.4668	1539.702	0.00041098031
0.011863766	7943.1602	1690.3969	0.00041100153
0.01192636	7740.7915	1685.6976	0.00041102397
0.011989285	7803.5	1699.4692	0.00041104658
0.012052542	7686.25	1535.0413	0.00041106931
0.01211613	7595.8335	1654.251	0.00041109262
0.012180055	7528.3638	1722.9795	0.00041111599
0.012244319	7229.875	1340.6794	0.0004111396
0.012308921	7292.6001	1551.9434	0.00041116439
0.012373864	7179.2729	1643.0951	0.00041118739
0.012439147	7200.6362	1313.3048	0.00041121195
0.012504777	7035.6875	1305.0452	0.00041123654
0.012570753	6922.9585	1507.7032	0.00041126151
0.012637078	6845.4287	1367.1151	0.0004112864
0.012703749	6799.2173	1517.0347	0.00041131204
0.012770776	6624.0884	1188.5863	0.00041133765
0.012838155	6583.8931	1314.8102	0.0004113637
0.012905891	6521.355	1230.9889	0.00041138986
0.012973984	6381.0415	1389.6835	0.00041141611
0.013042432	6351.3335	1158.4081	0.00041144318
0.013111246	6249.3999	1201.2018	0.00041147019
0.013180422	5987.4688	1110.2731	0.0004114976
0.013249964	6072.0869	1354.793	0.00041152394
0.013319868	6034.7896	1019.2879	0.00041155313
0.013390145	5917.7417	1117.0529	0.00041158128
0.013460793	5860.4668	1126.4293	0.00041160986
0.013531813	5721.4517	1079.9967	0.00041163864
0.013603209	5636.5835	980.36652	0.00041166658
0.013674977	5586.7144	1115.733	0.00041169624
0.013747128	5551.2432	951.26147	0.00041172598
0.013819659	5371.9414	963.81573	0.00041175602
0.013892573	5333.8335	1025.2161	0.00041178599
0.013965867	5266	853.70166	0.00041181617
0.014039554	5187.25	962.20282	0.00041184798
0.014113627	5088.4062	943.86438	0.00041187936
0.014188092	4971.1177	891.79205	0.00041191099
0.01426295	4980.1709	807.36206	0.00041194269
0.014338199	4892.2256	923.47064	0.00041197534
0.014413849	4772.6841	806.1123	0.00041200704
0.014489898	4690.3237	841.59741	0.00041204007
0.014566349	4647.3862	725.39124	0.00041207302
0.014643198	4601.7222	800.3725	0.00041210715
0.014720458	4514.7178	751.90851	0.00041214115
0.014798124	4396.1763	788.80414	0.00041217555
0.014876201	4375.4751	718.82971	0.00041221123
0.014954689	4302.6001	706.85779	0.00041224514
0.015033588	4283.25	744.97467	0.00041228096
0.015112907	4064.8223	626.76898	0.00041231682
0.015192644	4102.8975	683.32208	0.00041235308
0.015272802	4027.6411	670.79065	0.0004123894
0.015353379	3942.0715	630.84473	0.00041242578
0.015434384	3896.5134	667.7063	0.0004124642
0.015515818	3825.1887	540.75458	0.00041250198
0.015597682	3777.6667	657.0473	0.00041253917
0.015679976	3666.5854	594.41254	0.00041257843
0.015762702	3599.4565	548.61621	0.00041261676
0.015845867	3564.1462	577.80255	0.00041265626
0.015929472	3520.2083	524.51465	0.0004126961
0.016013518	3431.6428	549.1615	0.00041273583
0.016098002	3312.6809	499.07617	0.00041277695
0.016182937	3308.0625	492.9043	0.00041281627
0.01626832	3221.4751	529.2439	0.00041285949
0.016354153	3216.1521	490.20322	0.00041290157
0.01644044	3135.2727	434.6279	0.00041294337
0.016527176	3079.3953	486.60672	0.00041298679
0.016614376	3004.3542	447.65002	0.00041303007
0.016702035	2932.6201	427.57028	0.00041307375
0.016790157	2922.5098	421.65015	0.00041311784
0.016878743	2831.6667	408.54523	0.00041316217
0.016967792	2775.0232	438.50967	0.00041320594
0.017057316	2685.1755	365.24411	0.00041325326
0.017147312	2688.6274	387.90784	0.0004132977
0.017237784	2617.0386	373.71103	0.00041334366
0.017328728	2578.0833	384.13416	0.00041339299
0.017420156	2518.5964	342.62299	0.00041344052
0.017512066	2455.9231	350.70535	0.00041348668
0.017604461	2395.75	342.10306	0.00041353729
0.017697345	2356.7378	309.36017	0.00041358371
0.017790712	2315.5779	357.10815	0.00041363394
0.017884579	2271.8071	309.04987	0.00041368403
0.01797894	2179.1936	283.59967	0.00041373458
0.018073799	2183.9814	305.70386	0.00041378519
0.018169153	2124.2222	297.33829	0.00041383741
0.018265016	2084.6191	269.04889	0.00041388767
0.018361384	2034.25	269.36154	0.00041394227
0.01845826	1976.2241	266.38751	0.00041399384
0.018555649	1932.3226	251.49614	0.00041404899
0.018653546	1884.9517	245.32646	0.00041410374
0.018751962	1836.0927	257.00888	0.00041415897
0.0188509	1813.0781	232.07887	0.00041421448
0.01895036	1746.723	221.75781	0.00041427009
0.019050339	1725.2969	220.84314	0.00041432717
0.019150849	1690.4918	221.9072	0.00041438476
0.019251892	1642.3135	205.23941	0.00041444265
0.019353468	1603	205.18849	0.0004144992
0.019455578	1564.8572	191.13525	0.0004145597
0.019558223	1509.7612	188.67168	0.00041461809
0.019661414	1479.8125	189.41994	0.00041467859
0.01976515	1446.8334	174.14168	0.00041473942
0.019869432	1420.5072	174.81201	0.00041480057
0.01997426	1355.7969	173.53244	0.00041486532
0.020079646	1341.1216	159.13005	0.00041492653
0.02018559	1309.9166	157.66232	0.00041498989
0.02029209	1277.4265	158.40756	0.0004150524
0.020399153	1243.3889	149.65511	0.00041511684
0.020506777	1198.5658	140.25374	0.00041518474
0.020614972	1182.0416	142.27124	0.00041525112
0.02072374	1148.1266	131.67603	0.00041531809
0.020833081	1122.1765	139.15598	0.00041538311
0.020942992	1065.125	121.35368	0.00041545412
0.021053489	1057.359	122.07127	0.00041552138
0.02116457	1025.0526	119.95055	0.00041559106
0.021276236	1000.5316	114.74863	0.00041566175
0.021388492	963.29071	105.71913	0.00041573236
0.021501334	937.91998	110.51154	0.00041580488
0.021614777	918.52441	103.3252	0.00041587595
0.021728819	894.32098	101.24492	0.0004159513
0.021843463	853.75	97.270653	0.00041602473
0.021958705	842.73035	90.861198	0.00041610061
0.022074562	815.92047	88.486336	0.00041617639
0.022191029	792.06171	89.668152	0.00041625329
0.022308113	763.55817	83.798889	0.00041632849
0.022425812	741.0575	80.842873	0.00041640797
0.022544127	724.78412	78.6026	0.00041648769
0.022663072	699.79572	73.755615	0.00041656574
0.022782644	670.61798	72.300407	0.00041664651
0.022902848	658.85419	68.311607	0.00041672718
0.02302368	635.23077	67.706573	0.00041681045
0.023145156	617.61957	65.458771	0.00041689366
0.023267273	601.07776	64.43351	0.00041697753
0.023390032	578.22339	60.605946	0.00041706281
0.023513442	565.40204	58.309772	0.00041714753
0.023637494	543.16833	54.862247	0.00041723513
0.023762207	524.20203	53.49258	0.00041732113
0.02388758	513.47424	52.954533	0.00041741147
0.024013614	491.89001	49.938393	0.00041749887
0.024140311	480.50961	47.807426	0.00041758851
0.024267672	464.19193	47.370918	0.00041768092
0.024395712	446.3909	43.149796	0.000417773
0.024524426	434.89999	44.152428	0.00041786607
0.024653818	417.75455	40.381897	0.00041795964
0.024783889	407.40567	40.138783	0.00041805362
0.02491465	391.18811	39.511547	0.00041815176
0.025046103	380.79166	35.20134	0.00041824725
0.02517825	365.95328	35.8811	0.00041834507
0.025311092	355.37384	34.843365	0.00041844544
0.025444631	343.17273	33.172626	0.00041854454
0.025578879	333.15256	31.064003	0.00041864568
0.025713835	322.50443	30.746717	0.00041874815
0.025849504	311.14035	29.529394	0.00041885034
0.025985882	303.08871	27.551315	0.00041895598
0.026122987	290.57797	28.220604	0.00041906111
0.026260814	283.30234	25.236467	0.00041916783
0.026399368	270.49573	25.331762	0.00041927563
0.026538655	266.16934	24.195311	0.00041938134
0.026678668	258.0661	23.75494	0.00041949426
0.026819428	248.71318	22.155451	0.00041960328
0.02696093	239.50414	22.046288	0.00041971551
0.027103178	232.36296	20.223297	0.00041982802
0.027246172	226.3622	20.326208	0.00041994336
0.027389925	219.80916	19.427177	0.00042005716
0.027534436	213.50746	18.652966	0.00042017605
0.027679712	208.70769	18.518518	0.00042029217
0.027825752	200.86029	17.415632	0.00042041039
0.027972557	194.77612	17.016476	0.0004205321
0.028120143	190.41135	16.207895	0.00042065384
0.028268509	183.72519	16.237856	0.00042077678
0.028417656	180.95973	14.975469	0.00042089794
0.028567582	174.71428	15.322384	0.00042102658
0.028718308	169.61745	14.036816	0.00042115344
0.028869828	165.0845	14.001383	0.00042128001
0.02902215	163.88742	13.470675	0.00042140935
0.029175274	158.34932	13.240947	0.00042153869
0.029329197	155.6732	12.709943	0.00042167204
0.02948394	151.09723	12.723827	0.00042180574
0.029639501	147.8642	11.72581	0.00042193889
0.029795883	144.44	11.912496	0.00042207542
0.029953081	143.07007	11.528273	0.0004222127
0.030111117	138.81818	11.29622	0.00042235156
0.030269986	136.27058	10.544394	0.00042249236
0.030429695	134.9079	11.051442	0.00042263384
0.030590244	132.04762	10.279385	0.00042277633
0.030751634	128.01299	10.416935	0.00042292025
0.030913882	127.99429	9.7590055	0.00042306882
0.031076988	125.16763	9.5994654	0.00042321451
0.031240953	122.53049	9.6561689	0.00042336274
0.031405777	121.52907	9.347928	0.00042351248
0.031571474	119.82758	9.1629677	0.00042366752
0.03173805	118	9.0764446	0.00042382086
0.031905502	116.19663	8.7832489	0.00042397695
0.03207384	113.94505	8.516222	0.00042412887
0.032243058	114.3046	8.7406721	0.00042429205
0.032413173	112.52084	8.1843433	0.00042445312
0.03258419	110.39888	8.3449841	0.00042461135
0.032756109	109.4433	7.9187341	0.00042477465
0.032928932	106.7541	7.9565969	0.00042493874
0.033102661	106.64584	7.7569766	0.0004251106
0.033277314	105.61735	7.6021833	0.00042527544
0.033452887	105.76757	7.8396516	0.00042544605
0.033629388	104.32843	7.3584676	0.0004256168
0.033806812	102.04592	7.3451171	0.00042579186
0.033985179	101.35644	7.1846642	0.00042596777
0.034164488	101.69118	7.1724787	0.00042614521
0.034344744	99.960396	7.0857339	0.00042632496
0.034525953	98.569443	6.7536354	0.00042649984
0.034708105	98.402985	6.9929113	0.00042668844
0.034891229	96.763634	6.5685034	0.00042687292
0.035075318	95.682243	6.5867672	0.00042705616
0.035260379	95.098595	6.5621867	0.00042724315
0.035446409	94.660789	6.3245864	0.00042743466
0.035633426	93.11628	6.3949847	0.00042762782
0.035821434	92.643837	6.3033767	0.00042782119
0.036010429	90.337662	5.9825282	0.00042801839
0.036200427	91.251083	6.043047	0.00042821362
0.036391411	90.213043	5.9874501	0.0004284129
0.036583416	89.116882	5.9016967	0.00042861878
0.036776435	87.047211	5.7395229	0.00042882
0.036970474	86.191055	5.5289717	0.00042902352
0.037165523	85.582977	5.6185918	0.00042923403
0.037361611	83.767632	5.4296708	0.0004294448
0.037558734	82.371544	5.209476	0.00042965813
0.037756901	81.761505	5.3220344	0.00042987167
0.037956107	80.210732	4.9935484	0.00043008424
0.03815636	79.471771	5.0771155	0.00043030802
0.038357675	78.772552	4.9620519	0.00043052656
0.038560055	76.59449	4.8344545	0.00043075046
0.038763504	75.063431	4.6109762	0.00043097307
0.038968012	74.73745	4.6709437	0.00043120381
0.039173611	73.054543	4.4294643	0.00043143486
0.039380297	72.158493	4.4578362	0.00043166702
0.039588071	70.660583	4.2922034	0.00043190189
0.039796941	68.368233	4.1301541	0.0004321335
0.040006902	67.72438	4.047194	0.00043237975
0.040217984	66.182838	4.0654569	0.00043261849
0.040430181	65.359589	3.8445759	0.00043286619
0.040643495	63.806019	3.7085593	0.0004331072
0.040857922	62.238754	3.6801529	0.00043335947
0.041073494	61.304794	3.6060586	0.00043361125
0.041290201	59.726028	3.5131884	0.00043386588
0.041508052	57.909092	3.3157761	0.00043412336
0.041727055	56.081081	3.2761919	0.00043437953
0.041947197	55.951298	3.2036769	0.00043464534
0.042168517	54.069839	3.061023	0.0004349098
0.042391002	52.777779	2.9878719	0.00043517374
0.042614661	51.459808	2.9321046	0.00043544156
0.04283949	49.431252	2.7762504	0.00043571662
0.043065514	48.362499	2.7162266	0.00043599296
0.043292735	46.574017	2.5715477	0.00043626709
0.043521151	45.705521	2.5430489	0.0004365521
0.043750774	44.708332	2.449939	0.00043683228
0.043981593	42.882355	2.3358877	0.00043711904
0.044213645	41.746311	2.277385	0.00043740889
0.044446923	40.82991	2.2207913	0.00043770095
0.04468143	38.77681	2.0967515	0.00043799347
0.044917163	38.016392	1.9952899	0.00043829356
0.045154147	36.810345	1.9817417	0.00043859595
0.045392387	35.954803	1.9190648	0.00043889624
0.045631882	34.655647	1.8264599	0.00043920323
0.04587264	33.704189	1.7312211	0.00043951068
0.046114657	32.430557	1.7163473	0.00043982686
0.046357963	31.604336	1.6519339	0.00044014264
0.046602551	30.431217	1.5714102	0.00044046264
0.046848431	29.524548	1.5066227	0.00044078249
0.047095612	28.527637	1.4353403	0.00044110353
0.047344077	27.715027	1.416126	0.00044143377
0.047593873	27.063776	1.372143	0.00044176777
0.04784498	26.462122	1.334794	0.00044210107
0.048097417	25.750618	1.2842793	0.00044243646
0.048351172	24.743902	1.2264684	0.00044278102
0.048606277	24.363195	1.2031752	0.00044312366
0.048862729	23.258373	1.1416684	0.0004434757
0.049120534	22.466183	1.1081376	0.0004438278
0.049379699	22.037825	1.0752963	0.00044417707
0.04964022	21.558891	1.0396246	0.00044453912
0.049902126	21.334873	1.0288203	0.00044490185
0.050165415	20.811235	0.98985553	0.00044526812
0.050430093	20.104784	0.9628098	0.00044563063
0.050696153	20.264444	0.95843667	0.00044600811
0.050963633	19.453159	0.91094226	0.00044638428
0.05123252	19.231789	0.90655625	0.00044676609
0.051502831	18.813852	0.8781265	0.00044714962
0.051774565	18.79661	0.86791635	0.00044753379
0.052047718	18.309978	0.84634876	0.0004479264
0.052322328	17.942028	0.81890589	0.00044832213
0.052598387	17.567287	0.80180496	0.00044872161
0.052875903	17.656378	0.80336004	0.00044911742
0.053154867	17.199186	0.77774364	0.00044952764
0.053435314	16.965864	0.76252651	0.00044994405
0.053717248	17.10664	0.76963443	0.00045035448
0.054000665	16.728682	0.7385596	0.00045077424
0.054285578	16.501976	0.73575753	0.0004511927
0.054571979	16.522074	0.72590941	0.00045162454
0.054859906	16.52809	0.71723199	0.00045205277
0.055149354	16.243397	0.70754784	0.00045248834
0.055440329	16.302803	0.70678967	0.00045292368
0.055732824	15.836957	0.67587978	0.00045337158
0.056026876	15.951311	0.6922031	0.00045381591
0.056322478	15.739676	0.6686914	0.00045426874
0.05661964	15.635398	0.65951568	0.00045472343
0.056918375	15.47585	0.65629888	0.00045517797
0.057218663	15.569204	0.64925712	0.00045564974
0.057520557	15.444445	0.64517683	0.00045611916
0.057824042	15.043103	0.62622887	0.00045659384
0.058129128	14.848896	0.61337698	0.00045706501
0.058435809	15.046434	0.61424333	0.00045755264
0.058744121	14.628572	0.60120779	0.00045804121
0.059054062	14.593801	0.59086508	0.00045853405
0.059365638	14.194805	0.57330281	0.00045902791
0.059678856	13.847267	0.55654812	0.00045952605
0.059993714	13.939874	0.55579638	0.00046003648
0.060310245	13.55626	0.54093403	0.00046054574
0.060628448	13.523438	0.53579515	0.00046106274
0.060948331	13.182649	0.51546341	0.00046157843
0.061269883	12.956857	0.50976235	0.00046211126
0.061593153	12.744394	0.49381685	0.00046263836
0.061918125	12.610942	0.49273223	0.00046317445
0.06224481	12.280116	0.4688403	0.0004637118
0.062573217	11.906569	0.45590684	0.00046425132
0.062903345	11.799709	0.45049658	0.00046481474
0.063235231	11.676343	0.44578826	0.00046536495
0.063568868	11.227019	0.41984969	0.00046592636
0.063904263	10.915255	0.41107371	0.00046649485
0.064241432	10.589211	0.39462137	0.0004670608
0.064580359	10.38943	0.38825428	0.00046764349
0.064921089	10.201361	0.37703764	0.00046822854
0.065263622	9.8624334	0.35939142	0.00046881594
0.065607958	9.61518	0.35154995	0.00046939921
0.065954097	9.1847973	0.33315343	0.00047000355
0.066302076	9.1235218	0.3313655	0.00047061034
0.066651896	8.8596935	0.31700873	0.00047121951
0.067003556	8.4884319	0.30489704	0.00047182958
0.067357071	8.3759403	0.29704887	0.00047244859
0.067712441	8.0800505	0.2885558	0.00047308
0.068069696	7.9667077	0.28025115	0.00047371391
0.068428837	7.8009648	0.27141526	0.00047434893
0.068789877	7.6586246	0.26646349	0.00047499422
0.069152802	7.2636032	0.25302616	0.0004756508
0.069517657	7.155477	0.24599691	0.00047630354
0.069884442	6.9822483	0.2406102	0.00047696527
0.070253156	6.80756	0.23078574	0.00047763725
0.070623823	6.6432681	0.22573581	0.0004782977
0.070996419	6.645309	0.22515367	0.00047898781
0.071371004	6.5235424	0.21877953	0.00047967798
0.071747571	6.3014302	0.20933862	0.00048036815
0.072126113	6.3031974	0.20962887	0.00048106621
0.072506644	6.2453451	0.20701937	0.00048177742
0.072889194	6.1879048	0.20366582	0.00048248502
0.073273763	6.1268501	0.19950573	0.00048320691
0.073660366	6.0285716	0.19641025	0.00048393154
0.074049003	5.9967709	0.19705498	0.00048465261
0.074439675	5.891089	0.1957067	0.00048539875
0.074832425	5.7010751	0.18723537	0.00048614768
0.075227253	5.7827959	0.18992037	0.0004868994
0.07562416	5.695652	0.18807545	0.00048765118
0.076023139	5.6200213	0.18467492	0.00048842124
0.076424249	5.6493092	0.18444455	0.00048919849
0.076827466	5.5128756	0.18085983	0.00048997428
0.077232815	5.5080214	0.18041088	0.00049076474
0.07764031	5.4978991	0.17845872	0.00049154973
0.078049928	5.4863729	0.17789659	0.00049235078
0.078461722	5.4041886	0.17514044	0.00049316377
0.078875698	5.318511	0.17128751	0.00049397687
0.07929185	5.2782969	0.17034577	0.00049479573
0.079710186	5.2502575	0.16873989	0.00049562537
0.080130741	5.1079431	0.16323985	0.00049646699
0.080553524	5.058104	0.16172951	0.00049731781
0.080978535	4.9577041	0.1575565	0.00049816218
0.081405781	4.91221	0.15626836	0.00049901853
0.08183527	4.8709359	0.15310699	0.00049988605
0.082267039	4.8865671	0.15436159	0.00050076278
0.082701087	4.7158523	0.14911778	0.00050164835
0.08313743	4.6265759	0.1442886	0.00050252839
0.083576046	4.6660175	0.14580336	0.00050343754
0.084017001	4.5767398	0.14150183	0.00050434086
0.084460288	4.4526114	0.13866141	0.00050525344
0.084905908	4.3476191	0.13435289	0.00050617789
0.085353881	4.3220019	0.1329906	0.00050709367
0.085804194	4.2837081	0.13125566	0.00050804217
0.086256906	4.1719627	0.12771094	0.00050899101
0.08671201	4.1019464	0.12504131	0.00050993706
0.087169506	3.9981635	0.12131561	0.00051089528
0.0876294	3.8822448	0.11790646	0.00051187165
0.088091746	3.9042933	0.11691525	0.00051285134
0.088556528	3.8189189	0.11477159	0.00051384035
0.089023761	3.7358155	0.11137231	0.00051483273
0.089493461	3.6343613	0.1080118	0.0005158342
0.089965612	3.6893806	0.10988985	0.00051685446
0.090440281	3.5177183	0.103544	0.00051787798
0.090917453	3.4835556	0.1039896	0.00051890506
0.091397144	3.4113476	0.101699	0.00051995035
0.09187936	3.2903526	0.10034535	0.00052098726
0.092364103	3.2912533	0.098956704	0.0005220492
0.092851423	3.2596686	0.099041939	0.0005231204
0.093341321	3.2171113	0.097703733	0.00052419514
0.093833797	3.1509607	0.095431566	0.00052526745
0.094328851	3.1129944	0.095650546	0.00052637403
0.094826542	3.0299728	0.091431886	0.00052747206
0.095326856	3.066108	0.093680352	0.00052859145
0.095829807	3.1134686	0.094687365	0.0005297123
0.096335419	2.9761028	0.090342097	0.00053082715
0.096843667	2.9752293	0.090232864	0.0005319888
0.097354628	2.9260991	0.089611493	0.00053313305
0.097868279	2.9462171	0.089066111	0.00053429609
0.098384641	2.8563535	0.086786322	0.0005354507
0.098903701	2.8846862	0.087729335	0.00053664664
0.099425532	2.8900092	0.087607294	0.00053783099
0.099950112	2.8347032	0.085773386	0.000539031
0.10047746	2.8454545	0.085901357	0.00054023234
0.10100757	2.8330259	0.086157665	0.00054146483
0.1015405	2.7678411	0.083293304	0.0005426865
0.10207622	2.7033362	0.081277825	0.00054393377
0.10261479	2.6261261	0.078921236	0.00054517592
0.10315619	2.6747968	0.080493137	0.00054643501
0.10370044	2.7051055	0.080356494	0.00054770667
0.10424757	2.7047706	0.081247695	0.00054899201
0.10479759	2.6325088	0.078338563	0.00055028219
0.10535051	2.5546596	0.076566115	0.00055158173
0.10590634	2.478452	0.073590688	0.00055289618
0.10646511	2.5106194	0.07477691	0.00055421662
0.10702682	2.4934497	0.073776059	0.00055555551
0.1075915	2.4557407	0.072785936	0.00055689696
0.10815915	2.4203539	0.072087333	0.00055825914
0.10872981	2.4170985	0.071112722	0.00055962522
0.10930347	2.407279	0.070946723	0.00056100666
0.10988016	2.3643479	0.069802001	0.000562392
0.1104599	2.3037865	0.067661941	0.00056379003
0.11104269	2.2994881	0.067245319	0.00056520716
0.11162856	2.2252793	0.065326586	0.00056661788
0.11221751	2.2228916	0.06528537	0.0005680708
0.11280958	2.1587837	0.062808797	0.00056950125
0.11340477	2.1128075	0.061601311	0.00057097245
0.1140031	2.1041844	0.06156021	0.00057243346
0.11460458	2.0989103	0.060835384	0.00057391933
0.11520924	2.0941968	0.06080072	0.00057540921
0.1158171	2.0468228	0.059250001	0.00057691365
0.11642814	2.0566194	0.05940998	0.00073771627
0.11704243	1.9991688	0.057702057	0.00074041099
0.11765995	1.9056292	0.054887205	0.00074312667
0.11828073	1.9755899	0.056413099	0.000745859
0.11890478	1.946472	0.055491213	0.00074862491
0.11953213	1.9551282	0.055401642	0.00075140147
0.1201628	1.9573071	0.056144081	0.00075416989
0.12079677	1.909991	0.057369109	0.00075700297
0.12143411	1.8455598	0.057410792	0.00075982162
0.12207479	1.8961693	0.060281545	0.00076268456
0.12271887	1.8743401	0.060991574	0.0007655393
0.12336633	1.7828004	0.059281636	0.00076844008
0.12401722	1.8453724	0.062087346	0.00077134132
0.12467154	1.8674556	0.064341858	0.00077133736
