#   DataFileName=25janv24_007.tif
#   DataFileType=.tif
#   
#   DataFilePath=D:SAXS-Cu:Claire:SAXS Cu 2024:20240125:
#   
#   Processed on=ven. 26 janv. 2024,08:52:55
#   Units=Arbitrary
#   SampleThickness=2.9
#   SampleTransmission=0.36738
#   CorrectionFactor=2.72
#   SampleMeasurementTime=1
#   EmptyMeasurementTime=1
#   BackgroundMeasTime=1
#   SampleI0=3600
#   EmptyI0=1
#   Nika_SampleToDetectorDistacne=1616
#   Nika_Wavelength=1.542
#   Nika_XrayEnergy=8.0405
#   Nika_PixelSizeX=0.172
#   Nika_PixelSizeY=0.172
#   Nika_HorizontalTilt=0
#   Nika_VerticalTilt=0
#   Nika_BeamCenterX=277.17
#   Nika_BeamCenterY=169.37
#   Nika_BeamSizeX=0
#   Nika_BeamSizeY=0
#   CalibrationFormula=1*((Sa2D))
#   CurrentMaskFileName=jan24_mask.hdf
#   QvectorMaxNumPnts=0
#   QvectorNumberPoints=500
#   CircularAverage=1
#   PolarizationCorrection=None
#   UncertainityCalculationMethod=OldNikaMethod

0.0090713194	7301.0527	1819.1119	0.00041012454
0.0091191828	7355.5	2030.2996	0.00041013741
0.009167294	7276.2144	2179.7388	0.00041015071
0.0092156595	7227.5	2165.1438	0.00041016436
0.0092642847	7231.4546	2528.1211	0.00041017766
0.0093131615	7147.6313	1781.053	0.00041019166
0.0093623018	7099.7646	1889.5583	0.00041020423
0.0094116954	6722.4287	2011.4081	0.00041021823
0.0094613498	6939.9521	1631.4448	0.00041023357
0.0095112715	6887.1875	1901.0339	0.00041024663
0.0095614512	6808	2380.085	0.00041026229
0.0096119009	6740.1875	1860.4528	0.00041027571
0.0096626123	6697.2222	1722.842	0.00041029038
0.0097135901	6690.0498	1617.8187	0.0004103065
0.0097648427	6605.2856	1978.7474	0.00041032035
0.0098163607	6555.647	1744.7474	0.00041033557
0.0098681506	6467.75	1785.256	0.00041035117
0.009920218	6409	1597.0004	0.00041036645
0.0099725556	6294.9375	1737.4691	0.00041038232
0.010025172	6192.7368	1543.0287	0.00041039812
0.010078066	6189.2998	1496.7214	0.00041041418
0.010131239	6186.9375	1707.7458	0.00041042943
0.010184692	6112.8423	1523.2007	0.00041044565
0.010238425	6060.2002	1739.7811	0.00041046331
0.010292444	5996.6958	1337.9906	0.00041047813
0.010346748	5754.4736	1433.0664	0.00041049506
0.010401339	5866.9473	1461.9312	0.00041051209
0.010456217	5816.7334	1669.8842	0.00041052917
0.010511382	5743.0479	1350.0776	0.00041054678
0.010566842	5700.6816	1304.704	0.00041056532
0.010622594	5660.6875	1562.4882	0.00041058313
0.01067864	5576.2964	1136.5002	0.00041059998
0.010734978	5485.4375	1514.1176	0.00041061838
0.010791617	5494.9546	1257.6169	0.00041063668
0.010848555	5404.1113	1390.1848	0.00041065528
0.010905793	5338.8696	1191.2124	0.00041067408
0.010963334	5205.4502	1258.7666	0.0004106928
0.011021174	5246.5835	1142.6246	0.00041071215
0.011079323	5153.3999	1246.2177	0.00041073147
0.011137779	5128.2271	1173.6838	0.00041075103
0.011196543	5025.3477	1121.2595	0.00041077062
0.011255614	4981.5601	1060.1393	0.00041079085
0.011315	4744.353	1261.9089	0.00041081096
0.011374699	4873.5415	1061.381	0.00041083139
0.011434713	4816.4443	981.63336	0.00041085103
0.011495044	4787.6001	1157.7578	0.00041087266
0.01155569	4680.1152	974.18756	0.00041089294
0.011616659	4663.2607	1040.4689	0.00041091512
0.01167795	4597.1304	1025.7152	0.00041093573
0.011739564	4531.9502	1095.9326	0.0004109572
0.0118015	4465.7002	858.36047	0.00041098031
0.011863766	4425.6401	941.83325	0.00041100153
0.01192636	4346.8335	946.66449	0.00041102397
0.011989285	4335.0835	944.11835	0.00041104658
0.012052542	4260.2856	850.83789	0.00041106931
0.01211613	4210.8335	917.05579	0.00041109262
0.012180055	4147.9546	949.32959	0.00041111599
0.012244319	4015.3438	744.69232	0.0004111396
0.012308921	4060.3999	864.10516	0.00041116439
0.012373864	3985.4092	912.13104	0.00041118739
0.012439147	3955.697	721.47601	0.00041121195
0.012504777	3852.3125	714.53345	0.00041123654
0.012570753	3851.9167	838.88831	0.00041126151
0.012637078	3759.4285	750.81018	0.0004112864
0.012703749	3722.1738	830.49573	0.00041131204
0.012770776	3673.9412	659.23035	0.00041133765
0.012838155	3642.3572	727.41724	0.0004113637
0.012905891	3577.3225	675.26666	0.00041138986
0.012973984	3507.0833	763.79059	0.00041141611
0.013042432	3477.1516	634.19379	0.00041144318
0.013111246	3401.0334	653.71918	0.00041147019
0.013180422	3315.75	614.93811	0.0004114976
0.013249964	3314.0435	739.42841	0.00041152394
0.013319868	3268.7104	552.09497	0.00041155313
0.013390145	3206.2581	605.2262	0.00041158128
0.013460793	3147.6001	604.98102	0.00041160986
0.013531813	3105.0645	586.12274	0.00041163864
0.013603209	3063.4167	532.82074	0.00041166658
0.013674977	3002.2144	599.58392	0.00041169624
0.013747128	2979.2432	510.5274	0.00041172598
0.013819659	2907.8235	521.74451	0.00041175602
0.013892573	2876.5334	552.90375	0.00041178599
0.013965867	2827.366	458.36273	0.00041181617
0.014039554	2787.1562	517.0011	0.00041184798
0.014113627	2732.2188	506.81171	0.00041187936
0.014188092	2654.4119	476.2258	0.00041191099
0.01426295	2643.0732	428.48682	0.00041194269
0.014338199	2581.9678	487.38223	0.00041197534
0.014413849	2521.0264	425.79831	0.00041200704
0.014489898	2509.7354	450.32925	0.00041204007
0.014566349	2465.0681	384.76367	0.00041207302
0.014643198	2427.8057	422.26788	0.00041210715
0.014720458	2380.5642	396.47482	0.00041214115
0.014798124	2324.5	417.09213	0.00041217555
0.014876201	2303.55	378.44293	0.00041221123
0.014954689	2263.55	371.87076	0.00041224514
0.015033588	2227.0557	387.35123	0.00041228096
0.015112907	2144.3999	330.6763	0.00041231682
0.015192644	2137.9231	356.06323	0.00041235308
0.015272802	2084.4614	347.1608	0.0004123894
0.015353379	2058.2144	329.37436	0.00041242578
0.015434384	1995.7297	341.9848	0.0004124642
0.015515818	1974.2075	279.08786	0.00041250198
0.015597682	1931.8889	336.0134	0.00041253917
0.015679976	1885.317	305.64099	0.00041257843
0.015762702	1863.3695	284.01334	0.00041261676
0.015845867	1827.6342	296.28873	0.00041265626
0.015929472	1795.8541	267.58499	0.0004126961
0.016013518	1745.3572	279.30835	0.00041273583
0.016098002	1684.9788	253.8723	0.00041277695
0.016182937	1672.5209	249.20772	0.00041281627
0.01626832	1637.975	269.09741	0.00041285949
0.016354153	1602.4131	244.23735	0.00041290157
0.01644044	1571.8727	217.90198	0.00041294337
0.016527176	1528.5814	241.54701	0.00041298679
0.016614376	1511.8959	225.27368	0.00041303007
0.016702035	1469.62	214.27222	0.00041307375
0.016790157	1443.2549	208.22922	0.00041311784
0.016878743	1411.2941	203.6185	0.00041316217
0.016967792	1371.6976	216.75635	0.00041320594
0.017057316	1327.9122	180.63417	0.00041325326
0.017147312	1311.6471	189.24103	0.0004132977
0.017237784	1283.4423	183.27541	0.00041334366
0.017328728	1248.1041	185.96645	0.00041339299
0.017420156	1224.5614	166.5863	0.00041344052
0.017512066	1191.4231	170.13522	0.00041348668
0.017604461	1172.0962	167.37404	0.00041353729
0.017697345	1130.6229	148.41411	0.00041358371
0.017790712	1114.8223	171.92819	0.00041363394
0.017884579	1082.8948	147.31413	0.00041368403
0.01797894	1042.0483	135.61717	0.00041373458
0.018073799	1030	144.17517	0.00041378519
0.018169153	1002.2778	140.29498	0.00041383741
0.018265016	975.95239	125.96081	0.00041388767
0.018361384	949.23334	125.69075	0.00041394227
0.01845826	929.5	125.29346	0.00041399384
0.018555649	899.46771	117.06799	0.00041404899
0.018653546	871.0968	113.37491	0.00041410374
0.018751962	854.25928	119.57539	0.00041415897
0.0188509	833.0625	106.63474	0.00041421448
0.01895036	798.7077	101.40444	0.00041427009
0.019050339	782.4375	100.15455	0.00041432717
0.019150849	766.60657	100.63084	0.00041438476
0.019251892	740.55225	92.546013	0.00041444265
0.019353468	719.59375	92.110191	0.0004144992
0.019455578	700.52856	85.56424	0.0004145597
0.019558223	673.56714	84.174988	0.00041461809
0.019661414	661.21875	84.637741	0.00041467859
0.01976515	639.125	76.925415	0.00041473942
0.019869432	620.33331	76.340141	0.00041480057
0.01997426	593.9375	76.021927	0.00041486532
0.020079646	586.18921	69.553856	0.00041492653
0.02018559	565.20831	68.028564	0.00041498989
0.02029209	543.17645	67.35672	0.0004150524
0.020399153	530.88892	63.898148	0.00041511684
0.020506777	508.47369	59.500645	0.00041518474
0.020614972	498.13889	59.956097	0.00041525112
0.02072374	482.68353	55.357723	0.00041531809
0.020833081	464.91177	57.651409	0.00041538311
0.020942992	445.78751	50.791023	0.00041545412
0.021053489	437.32053	50.488171	0.00041552138
0.02116457	421.88159	49.367744	0.00041559106
0.021276236	409.43039	46.956478	0.00041566175
0.021388492	391.74417	42.993015	0.00041573236
0.021501334	377.42667	44.470909	0.00041580488
0.021614777	367.15854	41.301636	0.00041587595
0.021728819	357.01236	40.416649	0.0004159513
0.021843463	338.72501	38.592632	0.00041602473
0.021958705	332.51685	35.851074	0.00041610061
0.022074562	317.54544	34.43755	0.00041617639
0.022191029	306.03705	34.645603	0.00041625329
0.022308113	298.04651	32.709812	0.00041632849
0.022425812	285.91953	31.191565	0.00041640797
0.022544127	275.25	29.850533	0.00041648769
0.022663072	264.6344	27.891251	0.00041656574
0.022782644	253.4382	27.324089	0.00041664651
0.022902848	245.02083	25.404169	0.00041672718
0.02302368	236.35165	25.191612	0.00041681045
0.023145156	225.19565	23.867311	0.00041689366
0.023267273	220.25555	23.610388	0.00041697753
0.023390032	210.69148	22.083565	0.00041706281
0.023513442	202.75258	20.909639	0.00041714753
0.023637494	195.35643	19.731642	0.00041723513
0.023762207	186.04041	18.984739	0.00041732113
0.02388758	180.18556	18.582354	0.00041741147
0.024013614	172.94	17.557178	0.00041749887
0.024140311	168.91347	16.805546	0.00041758851
0.024267672	161.71718	16.503162	0.00041768092
0.024395712	156.20909	15.099672	0.000417773
0.024524426	149.27	15.154144	0.00041786607
0.024653818	145.26364	14.041714	0.00041795964
0.024783889	137.69812	13.566285	0.00041805362
0.02491465	132.60396	13.39342	0.00041815176
0.025046103	128.43333	11.872573	0.00041824725
0.02517825	123.63551	12.122114	0.00041834507
0.025311092	120.10281	11.775637	0.00041844544
0.025444631	115.68182	11.182116	0.00041854454
0.025578879	111.90678	10.434374	0.00041864568
0.025713835	108.87611	10.37976	0.00041874815
0.025849504	104.64912	9.9317465	0.00041885034
0.025985882	101.40323	9.2176466	0.00041895598
0.026122987	97.247704	9.4444895	0.00041906111
0.026260814	94.821709	8.4466743	0.00041916783
0.026399368	92.290596	8.6429272	0.00041927563
0.026538655	87.741936	7.9757915	0.00041938134
0.026678668	87.743805	8.0766659	0.00041949426
0.026819428	84.093025	7.490943	0.00041960328
0.02696093	81.528923	7.5046029	0.00041971551
0.027103178	81.140739	7.0618548	0.00041982802
0.027246172	78.007874	7.0047059	0.00041994336
0.027389925	76.099236	6.7256713	0.00042005716
0.027534436	74.910446	6.5444021	0.00042017605
0.027679712	72.00769	6.3890619	0.00042029217
0.027825752	71.882355	6.2324739	0.00042041039
0.027972557	68.828362	6.013062	0.0004205321
0.028120143	68.595741	5.8388104	0.00042065384
0.028268509	66.732826	5.8978562	0.00042077678
0.028417656	66.335571	5.4895892	0.00042089794
0.028567582	64.97744	5.6984148	0.00042102658
0.028718308	64.228188	5.3151698	0.00042115344
0.028869828	63.098591	5.3515258	0.00042128001
0.02902215	62.523178	5.1389914	0.00042140935
0.029175274	61.075344	5.1069131	0.00042153869
0.029329197	60.673203	4.9535804	0.00042167204
0.02948394	60.576389	5.1010227	0.00042180574
0.029639501	59.697533	4.7340126	0.00042193889
0.029795883	59.333332	4.8933458	0.00042207542
0.029953081	58.382164	4.7041998	0.0004222127
0.030111117	57.642857	4.6905837	0.00042235156
0.030269986	57.935295	4.4828777	0.00042249236
0.030429695	56.513157	4.6294003	0.00042263384
0.030590244	56.238094	4.3778453	0.00042277633
0.030751634	57.129871	4.6488075	0.00042292025
0.030913882	56.257141	4.2893138	0.00042306882
0.031076988	56.092487	4.3018112	0.00042321451
0.031240953	54.975609	4.3323646	0.00042336274
0.031405777	55.267441	4.2510548	0.00042351248
0.031571474	55.252872	4.2250218	0.00042366752
0.03173805	54.755814	4.2117004	0.00042382086
0.031905502	54.460674	4.1165814	0.00042397695
0.03207384	54.054947	4.0400181	0.00042412887
0.032243058	53.775864	4.1120648	0.00042429205
0.032413173	53.15625	3.8663304	0.00042445312
0.03258419	53.19101	4.0205946	0.00042461135
0.032756109	53.453609	3.8675625	0.00042477465
0.032928932	52.464481	3.9102335	0.00042493874
0.033102661	52.390625	3.8106382	0.0004251106
0.033277314	51.581635	3.7127268	0.00042527544
0.033452887	52.064865	3.8590479	0.00042544605
0.033629388	51.308823	3.6188471	0.0004256168
0.033806812	51.474491	3.7050083	0.00042579186
0.033985179	50.519802	3.5810637	0.00042596777
0.034164488	50.553921	3.5656078	0.00042614521
0.034344744	50.064358	3.548768	0.00042632496
0.034525953	49.583332	3.397223	0.00042649984
0.034708105	48.855721	3.4718325	0.00042668844
0.034891229	49.045456	3.3292644	0.00042687292
0.035075318	48.700935	3.3525395	0.00042705616
0.035260379	48.34742	3.3361163	0.00042724315
0.035446409	47.255508	3.157238	0.00042743466
0.035633426	46.739536	3.2099178	0.00042762782
0.035821434	45.972603	3.1278667	0.00042782119
0.036010429	45.82251	3.0345228	0.00042801839
0.036200427	45.186146	2.9923704	0.00042821362
0.036391411	44.213043	2.9343874	0.0004284129
0.036583416	44.073593	2.9187019	0.00042861878
0.036776435	43.781116	2.8867004	0.00042882
0.036970474	42.658535	2.7364273	0.00042902352
0.037165523	42.429787	2.7855268	0.00042923403
0.037361611	41.937759	2.7182956	0.0004294448
0.037558734	41.399208	2.6182053	0.00042965813
0.037756901	40.313808	2.6240838	0.00042987167
0.037956107	39.390804	2.4522581	0.00043008424
0.03815636	38.661289	2.4698691	0.00043030802
0.038357675	38.701962	2.4378879	0.00043052656
0.038560055	38.30315	2.4175627	0.00043075046
0.038763504	36.914181	2.267524	0.00043097307
0.038968012	35.532818	2.220701	0.00043120381
0.039173611	36.272728	2.199265	0.00043143486
0.039380297	34.418869	2.1263111	0.00043166702
0.039588071	34.459854	2.0931966	0.00043190189
0.039796941	33.382671	2.0166383	0.0004321335
0.040006902	32.54417	1.9447967	0.00043237975
0.040217984	31.835821	1.9555632	0.00043261849
0.040430181	31.55822	1.8562819	0.00043286619
0.040643495	30.177258	1.7539408	0.0004331072
0.040857922	29.100346	1.7206595	0.00043335947
0.041073494	28.880136	1.6987559	0.00043361125
0.041290201	27.678082	1.6280539	0.00043386588
0.041508052	27.318182	1.564165	0.00043412336
0.041727055	26.429054	1.5439273	0.00043437953
0.041947197	25.194805	1.4425863	0.00043464534
0.042168517	24.6	1.3926358	0.0004349098
0.042391002	23.971428	1.3570522	0.00043517374
0.042614661	23.495176	1.3387063	0.00043544156
0.04283949	22.94375	1.2885817	0.00043571662
0.043065514	21.921875	1.2311929	0.00043599296
0.043292735	21.202417	1.1706477	0.00043626709
0.043521151	20.59816	1.1460544	0.0004365521
0.043750774	19.943453	1.0928292	0.00043683228
0.043981593	19.32353	1.052563	0.00043711904
0.044213645	18.755163	1.0231192	0.00043740889
0.044446923	18.002934	0.97917551	0.00043770095
0.04468143	17.756521	0.96011484	0.00043799347
0.044917163	16.806011	0.8820442	0.00043829356
0.045154147	16.689655	0.89849007	0.00043859595
0.045392387	16.002825	0.85412008	0.00043889624
0.045631882	15.349862	0.80896318	0.00043920323
0.04587264	14.939791	0.76735979	0.00043951068
0.046114657	14.452778	0.76487279	0.00043982686
0.046357963	13.948509	0.72905713	0.00044014264
0.046602551	13.722222	0.70856363	0.00044046264
0.046848431	13.470284	0.68736243	0.00044078249
0.047095612	13.165829	0.66240758	0.00044110353
0.047344077	12.686528	0.64821327	0.00044143377
0.047593873	12.377551	0.62752038	0.00044176777
0.04784498	11.873737	0.59891242	0.00044210107
0.048097417	12.024692	0.59969902	0.00044243646
0.048351172	11.787805	0.58426154	0.00044278102
0.048606277	11.428572	0.56437969	0.00044312366
0.048862729	11.490431	0.5640077	0.0004434757
0.049120534	11.173913	0.55113268	0.0004438278
0.049379699	10.931442	0.53336287	0.00044417707
0.04964022	10.685912	0.51528561	0.00044453912
0.049902126	10.572748	0.50983065	0.00044490185
0.050165415	10.411236	0.49518332	0.00044526812
0.050430093	10.177676	0.48739108	0.00044563063
0.050696153	10.073334	0.47642389	0.00044600811
0.050963633	10.119825	0.47387111	0.00044638428
0.05123252	9.9492273	0.4689815	0.00044676609
0.051502831	9.727273	0.45400006	0.00044714962
0.051774565	9.8093224	0.4529227	0.00044753379
0.052047718	9.7218685	0.44936624	0.0004479264
0.052322328	9.6604557	0.44090867	0.00044832213
0.052598387	9.5238094	0.43467233	0.00044872161
0.052875903	9.4444447	0.42970785	0.00044911742
0.053154867	9.6483736	0.43628633	0.00044952764
0.053435314	9.2028112	0.41360795	0.00044994405
0.053717248	9.2293758	0.41521901	0.00045035448
0.054000665	9.2616282	0.40888247	0.00045077424
0.054285578	9.310277	0.41509527	0.0004511927
0.054571979	9.178503	0.40325436	0.00045162454
0.054859906	9.0074911	0.39086732	0.00045205277
0.055149354	8.9490566	0.38979945	0.00045248834
0.055440329	8.9102802	0.38628367	0.00045292368
0.055732824	8.768116	0.3741889	0.00045337158
0.056026876	8.6310863	0.37453291	0.00045381591
0.056322478	8.6265707	0.36648518	0.00045426874
0.05661964	8.6230087	0.36371598	0.00045472343
0.056918375	8.5813951	0.36390901	0.00045517797
0.057218663	8.3442907	0.34795931	0.00045564974
0.057520557	8.0381947	0.33577698	0.00045611916
0.057824042	7.9931035	0.33273447	0.00045659384
0.058129128	7.8692698	0.32505664	0.00045706501
0.058435809	7.79602	0.31824735	0.00045755264
0.058744121	7.5512605	0.31033382	0.00045804121
0.059054062	7.3752041	0.29859185	0.00045853405
0.059365638	7.3701301	0.29765472	0.00045902791
0.059678856	7.0691319	0.28411207	0.00045952605
0.059993714	7.1186709	0.28381982	0.00046003648
0.060310245	6.9286847	0.27646157	0.00046054574
0.060628448	6.8203125	0.27021089	0.00046106274
0.060948331	6.6651444	0.26060808	0.00046157843
0.061269883	6.4268103	0.25284189	0.00046211126
0.061593153	6.2092676	0.24058473	0.00046263836
0.061918125	6.0790272	0.2375076	0.00046317445
0.06224481	5.976778	0.22817521	0.0004637118
0.062573217	5.7138686	0.21877891	0.00046425132
0.062903345	5.686502	0.21709529	0.00046481474
0.063235231	5.5863571	0.2132695	0.00046536495
0.063568868	5.3662953	0.200672	0.00046592636
0.063904263	5.2076273	0.19611365	0.00046649485
0.064241432	5.1507607	0.19194056	0.0004670608
0.064580359	4.9262867	0.18408917	0.00046764349
0.064921089	4.985034	0.18423508	0.00046822854
0.065263622	4.6415343	0.16913022	0.00046881594
0.065607958	4.5113182	0.16493438	0.00046939921
0.065954097	4.4967237	0.16309911	0.00047000355
0.066302076	4.3101182	0.15653422	0.00047061034
0.066651896	4.297194	0.1537506	0.00047121951
0.067003556	4.2197943	0.15156356	0.00047182958
0.067357071	4.092732	0.14513922	0.00047244859
0.067712441	3.9758577	0.14197901	0.00047308
0.068069696	3.9667077	0.13953416	0.00047371391
0.068428837	3.8902292	0.13534409	0.00047434893
0.068789877	3.8057902	0.13240509	0.00047499422
0.069152802	3.7146311	0.12939107	0.0004756508
0.069517657	3.8704357	0.13305402	0.00047630354
0.069884442	3.7857988	0.13045201	0.00047696527
0.070253156	3.6895761	0.12507614	0.00047763725
0.070623823	3.6639817	0.12449382	0.0004782977
0.070996419	3.659039	0.12396782	0.00047898781
0.071371004	3.5997758	0.12072016	0.00047967798
0.071747571	3.5643563	0.11840478	0.00048036815
0.072126113	3.5104742	0.11674445	0.00048106621
0.072506644	3.6046002	0.11947999	0.00048177742
0.072889194	3.5237582	0.11597352	0.00048248502
0.073273763	3.4957716	0.11382543	0.00048320691
0.073660366	3.4634922	0.11283473	0.00048393154
0.074049003	3.4660926	0.11389098	0.00048465261
0.074439675	3.3949394	0.11277771	0.00048539875
0.074832425	3.4989247	0.1149084	0.00048614768
0.075227253	3.3763442	0.11088208	0.0004868994
0.07562416	3.4043479	0.1124102	0.00048765118
0.076023139	3.2831001	0.10787771	0.00048842124
0.076424249	3.3273113	0.10862867	0.00048919849
0.076827466	3.2403433	0.10629964	0.00048997428
0.077232815	3.2064171	0.10501791	0.00049076474
0.07764031	3.25	0.1054864	0.00049154973
0.078049928	3.0901468	0.10019373	0.00049235078
0.078461722	3.0544503	0.098984331	0.00049316377
0.078875698	2.9617374	0.095380455	0.00049397687
0.07929185	3.0041537	0.09694767	0.00049479573
0.079710186	2.9969103	0.09631291	0.00049562537
0.080130741	2.9714868	0.094958805	0.00049646699
0.080553524	2.819572	0.090149038	0.00049731781
0.080978535	2.8187311	0.08957465	0.00049816218
0.081405781	2.7305751	0.086860701	0.00049901853
0.08183527	2.6817734	0.084289983	0.00049988605
0.082267039	2.681592	0.084704734	0.00050076278
0.082701087	2.6181455	0.082782045	0.00050164835
0.08313743	2.5994179	0.081063718	0.00050252839
0.083576046	2.5881207	0.080869272	0.00050343754
0.084017001	2.5319352	0.078277178	0.00050434086
0.084460288	2.4806576	0.077247687	0.00050525344
0.084905908	2.3971429	0.074074641	0.00050617789
0.085353881	2.3078375	0.071009696	0.00050709367
0.085804194	2.3426967	0.071776778	0.00050804217
0.086256906	2.2280374	0.068199672	0.00050899101
0.08671201	2.2224281	0.06774269	0.00050993706
0.087169506	2.2222223	0.067423739	0.00051089528
0.0876294	2.1674333	0.065821171	0.00051187165
0.088091746	2.1699464	0.064976357	0.00051285134
0.088556528	2.1549549	0.064758651	0.00051384035
0.089023761	2.1099291	0.062897943	0.00051483273
0.089493461	2.0687225	0.061477285	0.0005158342
0.089965612	2.0637169	0.06146457	0.00051685446
0.090440281	2.0976663	0.061741207	0.00051787798
0.090917453	2.0515556	0.061237965	0.00051890506
0.091397144	2.0957446	0.062474247	0.00051995035
0.09187936	2.0074213	0.061216258	0.00052098726
0.092364103	1.9828675	0.059614774	0.0005220492
0.092851423	1.9953959	0.060624514	0.0005231204
0.093341321	2.0423183	0.062021814	0.00052419514
0.093833797	1.9835316	0.06007091	0.00052526745
0.094328851	1.9943503	0.061275192	0.00052637403
0.094826542	1.9445958	0.058676291	0.00052747206
0.095326856	2.0446928	0.062469475	0.00052859145
0.095829807	1.9142066	0.05821069	0.0005297123
0.096335419	1.8612132	0.056495298	0.00053082715
0.096843667	1.8587157	0.056367621	0.0005319888
0.097354628	1.8531338	0.056748521	0.00053313305
0.097868279	1.8386508	0.055579752	0.00053429609
0.098384641	1.8729281	0.05690378	0.0005354507
0.098903701	1.8883764	0.05742652	0.00053664664
0.099425532	1.8029331	0.054649208	0.00053783099
0.099950112	1.7406393	0.05266495	0.000539031
0.10047746	1.7636364	0.053238496	0.00054023234
0.10100757	1.7878228	0.054366797	0.00054146483
0.1015405	1.6892502	0.05083188	0.0005426865
0.10207622	1.6798918	0.050503578	0.00054393377
0.10261479	1.6747748	0.05032745	0.00054517592
0.10315619	1.6973803	0.051075473	0.00054643501
0.10370044	1.6188381	0.048083909	0.00054770667
0.10424757	1.6561656	0.049743816	0.00054899201
0.10479759	1.6192579	0.048182372	0.00055028219
0.10535051	1.5815412	0.047396831	0.00055158173
0.10590634	1.5936675	0.047315024	0.00055289618
0.10646511	1.5212389	0.045304906	0.00055421662
0.10702682	1.5545851	0.045993291	0.00055555551
0.1075915	1.5232252	0.045143973	0.00055689696
0.10815915	1.4752213	0.043933645	0.00055825914
0.10872981	1.5379965	0.045245212	0.00055962522
0.10930347	1.4800693	0.043616749	0.00056100666
0.10988016	1.5017391	0.044332415	0.000562392
0.1104599	1.5111876	0.044379815	0.00056379003
0.11104269	1.5204778	0.044461198	0.00056520716
0.11162856	1.4961307	0.043917544	0.00056661788
0.11221751	1.5094664	0.044328354	0.0005680708
0.11280958	1.445946	0.042065039	0.00056950125
0.11340477	1.5055132	0.043892901	0.00057097245
0.1140031	1.469684	0.042993959	0.00057243346
0.11460458	1.5054485	0.043630611	0.00057391933
0.11520924	1.4087468	0.040896144	0.00057540921
0.1158171	1.4481605	0.041916892	0.00057691365
0.11642814	1.4079933	0.040669467	0.00073771627
0.11704243	1.439734	0.041551787	0.00074041099
0.11765995	1.4155629	0.040768743	0.00074312667
0.11828073	1.4165989	0.04044728	0.000745859
0.11890478	1.3657745	0.038934007	0.00074862491
0.11953213	1.3758013	0.038982593	0.00075140147
0.1201628	1.4162562	0.040621798	0.00075416989
0.12079677	1.3285328	0.03990005	0.00075700297
0.12143411	1.3214285	0.041103121	0.00075982162
0.12207479	1.280242	0.040696494	0.00076268456
0.12271887	1.2777191	0.04157209	0.0007655393
0.12336633	1.261301	0.041935317	0.00076844008
0.12401722	1.3352145	0.044917934	0.00077134132
0.12467154	1.3408284	0.046191465	0.00077133736
