#   DataFileName=25janv24_005.tif
#   DataFileType=.tif
#   
#   DataFilePath=D:SAXS-Cu:Claire:SAXS Cu 2024:20240125:
#   
#   Processed on=ven. 26 janv. 2024,08:52:54
#   Units=Arbitrary
#   SampleThickness=2.9
#   SampleTransmission=0.36738
#   CorrectionFactor=2.72
#   SampleMeasurementTime=1
#   EmptyMeasurementTime=1
#   BackgroundMeasTime=1
#   SampleI0=3600
#   EmptyI0=1
#   Nika_SampleToDetectorDistacne=1616
#   Nika_Wavelength=1.542
#   Nika_XrayEnergy=8.0405
#   Nika_PixelSizeX=0.172
#   Nika_PixelSizeY=0.172
#   Nika_HorizontalTilt=0
#   Nika_VerticalTilt=0
#   Nika_BeamCenterX=277.17
#   Nika_BeamCenterY=169.37
#   Nika_BeamSizeX=0
#   Nika_BeamSizeY=0
#   CalibrationFormula=1*((Sa2D))
#   CurrentMaskFileName=jan24_mask.hdf
#   QvectorMaxNumPnts=0
#   QvectorNumberPoints=500
#   CircularAverage=1
#   PolarizationCorrection=None
#   UncertainityCalculationMethod=OldNikaMethod

0.0090713194	6494.7896	1618.2396	0.00041012454
0.0091191828	6602.375	1822.4026	0.00041013741
0.009167294	6492.3569	1944.8956	0.00041015071
0.0092156595	6455.7144	1933.9283	0.00041016436
0.0092642847	6358.1816	2222.8188	0.00041017766
0.0093131615	6367.2632	1586.5854	0.00041019166
0.0093623018	6317.0586	1681.2352	0.00041020423
0.0094116954	5970.5	1786.0768	0.00041021823
0.0094613498	6194.2856	1456.15	0.00041023357
0.0095112715	6136.4375	1693.7994	0.00041024663
0.0095614512	6116.7271	2138.3325	0.00041026229
0.0096119009	6020.125	1661.6956	0.00041027571
0.0096626123	5959	1532.918	0.00041029038
0.0097135901	5924.5	1432.6816	0.0004103065
0.0097648427	5890.3569	1764.567	0.00041032035
0.0098163607	5873.8237	1563.2694	0.00041033557
0.0098681506	5756.75	1589.0021	0.00041035117
0.009920218	5729.3159	1427.6281	0.00041036645
0.0099725556	5626	1552.754	0.00041038232
0.010025172	5502	1370.9012	0.00041039812
0.010078066	5541.1499	1339.9728	0.00041041418
0.010131239	5476.375	1511.6007	0.00041042943
0.010184692	5438.5264	1355.1743	0.00041044565
0.010238425	5436.3999	1560.6732	0.00041046331
0.010292444	5370.3042	1198.2234	0.00041047813
0.010346748	5136.5264	1279.0239	0.00041049506
0.010401339	5234.7368	1304.3843	0.00041051209
0.010456217	5186.3999	1488.9122	0.00041052917
0.010511382	5110.9048	1201.4608	0.00041054678
0.010566842	5071.8184	1160.7687	0.00041056532
0.010622594	5023.375	1386.559	0.00041058313
0.01067864	5001.0742	1019.2601	0.00041059998
0.010734978	4943.4375	1364.5031	0.00041061838
0.010791617	4879.2729	1116.7041	0.00041063668
0.010848555	4803.7222	1235.7278	0.00041065528
0.010905793	4774.2173	1065.2242	0.00041067408
0.010963334	4664.25	1127.8895	0.0004106928
0.011021174	4633.5835	1009.1266	0.00041071215
0.011079323	4608.9502	1114.5479	0.00041073147
0.011137779	4592.7729	1051.1273	0.00041075103
0.011196543	4519.3477	1008.3537	0.00041077062
0.011255614	4440.96	945.08911	0.00041079085
0.011315	4245.8823	1129.1466	0.00041081096
0.011374699	4330.9585	943.20544	0.00041083139
0.011434713	4266.3335	869.51764	0.00041085103
0.011495044	4269.6001	1032.4773	0.00041087266
0.01155569	4190.3848	872.26471	0.00041089294
0.011616659	4142.3042	924.22894	0.00041091512
0.01167795	4096.9565	914.11304	0.00041093573
0.011739564	4076.8501	985.87592	0.0004109572
0.0118015	3984.2666	765.82355	0.00041098031
0.011863766	3950.5601	840.72559	0.00041100153
0.01192636	3872	843.24213	0.00041102397
0.011989285	3888.9583	846.94843	0.00041104658
0.012052542	3814.1072	761.72412	0.00041106931
0.01211613	3773.7917	821.86871	0.00041109262
0.012180055	3727.7727	853.15924	0.00041111599
0.012244319	3614.375	670.29968	0.0004111396
0.012308921	3628.3601	772.15576	0.00041116439
0.012373864	3569.5	816.94159	0.00041118739
0.012439147	3564.9092	650.19653	0.00041121195
0.012504777	3481.9375	645.84674	0.00041123654
0.012570753	3455.25	752.49567	0.00041126151
0.012637078	3390.5356	677.13	0.0004112864
0.012703749	3354.7827	748.51373	0.00041131204
0.012770776	3274.7646	587.60449	0.00041133765
0.012838155	3276.75	654.39404	0.0004113637
0.012905891	3219.7419	607.76886	0.00041138986
0.012973984	3156.8333	687.50787	0.00041141611
0.013042432	3140.4243	572.77631	0.00041144318
0.013111246	3072.5667	590.58093	0.00041147019
0.013180422	2981.2188	552.8772	0.0004114976
0.013249964	2993.6521	667.94	0.00041152394
0.013319868	2971.3948	501.87473	0.00041155313
0.013390145	2902	547.79022	0.00041158128
0.013460793	2885.1333	554.54028	0.00041160986
0.013531813	2810.8708	530.58813	0.00041163864
0.013603209	2773.9167	482.46634	0.00041166658
0.013674977	2757.1785	550.64423	0.00041169624
0.013747128	2707.3242	463.92746	0.00041172598
0.013819659	2657.4412	476.81232	0.00041175602
0.013892573	2627	504.93781	0.00041178599
0.013965867	2588.634	419.65805	0.00041181617
0.014039554	2532.6562	469.79202	0.00041184798
0.014113627	2489.1875	461.72766	0.00041187936
0.014188092	2429.647	435.88892	0.00041191099
0.01426295	2432.0732	394.27771	0.00041194269
0.014338199	2384.6775	450.13666	0.00041197534
0.014413849	2316.1316	391.19473	0.00041200704
0.014489898	2291.8823	411.23752	0.00041204007
0.014566349	2271.2954	354.51682	0.00041207302
0.014643198	2248	390.99194	0.00041210715
0.014720458	2202.7949	366.86682	0.00041214115
0.014798124	2139.7058	383.9313	0.00041217555
0.014876201	2132.4751	350.33661	0.00041221123
0.014954689	2088.5	343.11316	0.00041224514
0.015033588	2057.8333	357.91592	0.00041228096
0.015112907	1981.2222	305.50735	0.00041231682
0.015192644	1988.5897	331.1915	0.00041235308
0.015272802	1941.4872	323.34866	0.0004123894
0.015353379	1910.238	305.69333	0.00041242578
0.015434384	1874.3243	321.18039	0.0004124642
0.015515818	1848.3585	261.29654	0.00041250198
0.015597682	1816.4445	315.93182	0.00041253917
0.015679976	1768.5122	286.70398	0.00041257843
0.015762702	1742.7826	265.63406	0.00041261676
0.015845867	1704.6342	276.34653	0.00041265626
0.015929472	1687.8959	251.49811	0.0004126961
0.016013518	1652.2142	264.40076	0.00041273583
0.016098002	1592.5957	239.94725	0.00041277695
0.016182937	1587.4791	236.53589	0.00041281627
0.01626832	1545.8	253.95352	0.00041285949
0.016354153	1533.0217	233.66098	0.00041290157
0.01644044	1497.8909	207.64558	0.00041294337
0.016527176	1467	231.81503	0.00041298679
0.016614376	1434.9375	213.8063	0.00041303007
0.016702035	1397.36	203.73601	0.00041307375
0.016790157	1387.5294	200.18843	0.00041311784
0.016878743	1348.6863	194.58481	0.00041316217
0.016967792	1317.7441	208.23019	0.00041320594
0.017057316	1276.3684	173.62051	0.00041325326
0.017147312	1260.4706	181.8566	0.0004132977
0.017237784	1238.5	176.85786	0.00041334366
0.017328728	1219	181.62959	0.00041339299
0.017420156	1183.1404	160.95021	0.00041344052
0.017512066	1162.2885	165.97403	0.00041348668
0.017604461	1134.7693	162.04295	0.00041353729
0.017697345	1106.7377	145.27873	0.00041358371
0.017790712	1090.4889	168.17349	0.00041363394
0.017884579	1052.8422	143.22534	0.00041368403
0.01797894	1021.7742	132.9774	0.00041373458
0.018073799	1020.8889	142.89871	0.00041378519
0.018169153	990.94446	138.70799	0.00041383741
0.018265016	967.88892	124.91952	0.00041388767
0.018361384	935.21667	123.83476	0.00041394227
0.01845826	919.72412	123.97495	0.00041399384
0.018555649	899.77417	117.10739	0.00041404899
0.018653546	870.4032	113.28391	0.00041410374
0.018751962	852.83331	119.37592	0.00041415897
0.0188509	832.92188	106.616	0.00041421448
0.01895036	805.90771	102.31786	0.00041427009
0.019050339	793.46875	101.56635	0.00041432717
0.019150849	766.13116	100.56835	0.00041438476
0.019251892	750.38806	93.775253	0.00041444265
0.019353468	733.64062	93.908073	0.0004144992
0.019455578	715.48572	87.390587	0.0004145597
0.019558223	691.41791	86.405533	0.00041461809
0.019661414	672.03125	86.021423	0.00041467859
0.01976515	657.06946	79.085144	0.00041473942
0.019869432	646.76813	79.593079	0.00041480057
0.01997426	614.76562	78.68708	0.00041486532
0.020079646	603.83783	71.648071	0.00041492653
0.02018559	591.90277	71.241508	0.00041498989
0.02029209	574.05884	71.186043	0.0004150524
0.020399153	562.36108	67.685852	0.00041511684
0.020506777	532.77631	62.344402	0.00041518474
0.020614972	522.68054	62.909992	0.00041525112
0.02072374	509.87341	58.476006	0.00041531809
0.020833081	499.58823	61.951538	0.00041538311
0.020942992	471.04999	53.669296	0.00041545412
0.021053489	472.92307	54.598324	0.00041552138
0.02116457	452.0921	52.903114	0.00041559106
0.021276236	439.6709	50.424721	0.00041566175
0.021388492	426.03488	46.756073	0.00041573236
0.021501334	411.30667	48.462902	0.00041580488
0.021614777	402.30487	45.255093	0.00041587595
0.021728819	390.60495	44.21944	0.0004159513
0.021843463	372.125	42.397823	0.00041602473
0.021958705	363.75281	39.218685	0.00041610061
0.022074562	349.67044	37.921432	0.00041617639
0.022191029	340.24692	38.51844	0.00041625329
0.022308113	329.13953	36.122059	0.00041632849
0.022425812	319.35632	34.839249	0.00041640797
0.022544127	310.55682	33.679668	0.00041648769
0.022663072	297.6344	31.36923	0.00041656574
0.022782644	288.40448	31.093517	0.00041664651
0.022902848	279.38541	28.967192	0.00041672718
0.02302368	268.16483	28.582468	0.00041681045
0.023145156	260.44565	27.603243	0.00041689366
0.023267273	253.36667	27.159868	0.00041697753
0.023390032	244.17021	25.592489	0.00041706281
0.023513442	235.06186	24.241762	0.00041714753
0.023637494	228.26733	23.055857	0.00041723513
0.023762207	220.76767	22.528366	0.00041732113
0.02388758	212.86598	21.952658	0.00041741147
0.024013614	204.59	20.770441	0.00041749887
0.024140311	199.82692	19.881224	0.00041758851
0.024267672	192.65657	19.660576	0.00041768092
0.024395712	184.49091	17.83342	0.000417773
0.024524426	178.91	18.163366	0.00041786607
0.024653818	174	16.819489	0.00041795964
0.024783889	167.59435	16.511747	0.00041805362
0.02491465	161.82178	16.344509	0.00041815176
0.025046103	157.075	14.520237	0.00041824725
0.02517825	150.28038	14.734569	0.00041834507
0.025311092	145.50467	14.266163	0.00041844544
0.025444631	140.94545	13.62425	0.00041854454
0.025578879	136.05084	12.685627	0.00041864568
0.025713835	130.1239	12.405611	0.00041874815
0.025849504	125.55264	11.915687	0.00041885034
0.025985882	122.81451	11.163999	0.00041895598
0.026122987	117.51376	11.412678	0.00041906111
0.026260814	114.03101	10.157756	0.00041916783
0.026399368	109.50427	10.254911	0.00041927563
0.026538655	106.39516	9.6713629	0.00041938134
0.026678668	103.47108	9.5243874	0.00041949426
0.026819428	99.534882	8.8665104	0.00041960328
0.02696093	97.132233	8.9408865	0.00041971551
0.027103178	93.414818	8.1300545	0.00041982802
0.027246172	90.677162	8.1422663	0.00041994336
0.027389925	88.213737	7.796454	0.00042005716
0.027534436	84.671638	7.3971705	0.00042017605
0.027679712	83.46154	7.4053416	0.00042029217
0.027825752	80.801468	7.0058007	0.00042041039
0.027972557	78.373131	6.8469644	0.0004205321
0.028120143	76.702126	6.5287905	0.00042065384
0.028268509	73.519081	6.4976482	0.00042077678
0.028417656	72.389259	5.9905291	0.00042089794
0.028567582	69.624062	6.1058521	0.00042102658
0.028718308	67.8255	5.612885	0.00042115344
0.028869828	66.802818	5.6656809	0.00042128001
0.02902215	65.450333	5.3796024	0.00042140935
0.029175274	63.438354	5.3045464	0.00042153869
0.029329197	62.581699	5.1093798	0.00042167204
0.02948394	60.465279	5.0916457	0.00042180574
0.029639501	60.691357	4.8128076	0.00042193889
0.029795883	57.846668	4.7707176	0.00042207542
0.029953081	57.369427	4.6225901	0.0004222127
0.030111117	56.233765	4.575913	0.00042235156
0.030269986	55.023529	4.2575526	0.00042249236
0.030429695	54.74342	4.4843984	0.00042263384
0.030590244	54.065475	4.2087073	0.00042277633
0.030751634	52.57143	4.2778811	0.00042292025
0.030913882	52.005714	3.965132	0.00042306882
0.031076988	51.213871	3.9276524	0.00042321451
0.031240953	51.682926	4.0728817	0.00042336274
0.031405777	50.075581	3.8516786	0.00042351248
0.031571474	49.752872	3.8044634	0.00042366752
0.03173805	48.831394	3.7560022	0.00042382086
0.031905502	48.511234	3.6668873	0.00042397695
0.03207384	48.79121	3.6465814	0.00042412887
0.032243058	48.683907	3.7226796	0.00042429205
0.032413173	47.463543	3.452229	0.00042445312
0.03258419	46.730335	3.5322511	0.00042461135
0.032756109	46.298969	3.3498697	0.00042477465
0.032928932	46.371586	3.4560859	0.00042493874
0.033102661	45.84375	3.3344183	0.0004251106
0.033277314	45.9949	3.3105817	0.00042527544
0.033452887	45.670269	3.3850701	0.00042544605
0.033629388	45.044117	3.1769822	0.0004256168
0.033806812	45.020409	3.2404451	0.00042579186
0.033985179	45.089108	3.1960773	0.00042596777
0.034164488	44.661766	3.1500218	0.00042614521
0.034344744	43.648514	3.0939777	0.00042632496
0.034525953	44.180557	3.0270329	0.00042649984
0.034708105	43.42786	3.0860956	0.00042668844
0.034891229	43.231819	2.9346261	0.00042687292
0.035075318	42.588783	2.9317479	0.00042705616
0.035260379	42.131454	2.9071901	0.00042724315
0.035446409	42.290749	2.8255353	0.00042743466
0.035633426	42.744186	2.9355085	0.00042762782
0.035821434	41.598175	2.8302505	0.00042782119
0.036010429	41.233765	2.7306387	0.00042801839
0.036200427	41.220779	2.7297723	0.00042821362
0.036391411	40.408695	2.681891	0.0004284129
0.036583416	40.246754	2.6652451	0.00042861878
0.036776435	40.364807	2.6614404	0.00042882
0.036970474	39.727642	2.5484011	0.00042902352
0.037165523	39.38298	2.5854967	0.00042923403
0.037361611	38.834026	2.5171089	0.0004294448
0.037558734	37.758892	2.3879657	0.00042965813
0.037756901	38.016735	2.4745507	0.00042987167
0.037956107	37.513409	2.3353722	0.00043008424
0.03815636	36.69355	2.3441536	0.00043030802
0.038357675	36.380394	2.2916322	0.00043052656
0.038560055	35.551182	2.2438707	0.00043075046
0.038763504	34.615673	2.1263218	0.00043097307
0.038968012	34.30888	2.1441927	0.00043120381
0.039173611	34.323635	2.0810847	0.00043143486
0.039380297	33.23019	2.0528841	0.00043166702
0.039588071	32.653286	1.9834579	0.00043190189
0.039796941	31.628159	1.9106419	0.0004321335
0.040006902	31.462898	1.8801779	0.00043237975
0.040217984	30.671642	1.8840492	0.00043261849
0.040430181	30.284246	1.7813549	0.00043286619
0.040643495	29.765886	1.7300339	0.0004331072
0.040857922	29.16609	1.7245431	0.00043335947
0.041073494	28.859589	1.6975416	0.00043361125
0.041290201	27.832191	1.6371104	0.00043386588
0.041508052	27.025974	1.547433	0.00043412336
0.041727055	26.246622	1.5332787	0.00043437953
0.041947197	25.948051	1.4857144	0.00043464534
0.042168517	25.079365	1.4197708	0.0004349098
0.042391002	24.717461	1.3992891	0.00043517374
0.042614661	24.041801	1.3698461	0.00043544156
0.04283949	23.612499	1.3261431	0.00043571662
0.043065514	22.496876	1.2634839	0.00043599296
0.043292735	22.006042	1.2150208	0.00043626709
0.043521151	21.371166	1.1890627	0.0004365521
0.043750774	20.916666	1.1461782	0.00043683228
0.043981593	20.579412	1.120977	0.00043711904
0.044213645	19.917404	1.0865345	0.00043740889
0.044446923	19.398827	1.0551032	0.00043770095
0.04468143	18.82029	1.017629	0.00043799347
0.044917163	17.923498	0.9406966	0.00043829356
0.045154147	17.660919	0.95078242	0.00043859595
0.045392387	16.968927	0.90567958	0.00043889624
0.045631882	16.625345	0.87618566	0.00043920323
0.04587264	16.078533	0.82585621	0.00043951068
0.046114657	15.736111	0.8327986	0.00043982686
0.046357963	14.98916	0.78344572	0.00044014264
0.046602551	14.584656	0.75310689	0.00044046264
0.046848431	14.426356	0.73614192	0.00044078249
0.047095612	13.982412	0.70348716	0.00044110353
0.047344077	13.134715	0.67111391	0.00044143377
0.047593873	13.071428	0.66270155	0.00044176777
0.04784498	12.593434	0.63521612	0.00044210107
0.048097417	12.353086	0.61607927	0.00044243646
0.048351172	12.058537	0.59768391	0.00044278102
0.048606277	11.854722	0.58542687	0.00044312366
0.048862729	11.483253	0.56365484	0.0004434757
0.049120534	11.386474	0.56161624	0.0004438278
0.049379699	11.056738	0.5394752	0.00044417707
0.04964022	10.692841	0.51561809	0.00044453912
0.049902126	10.43649	0.50326008	0.00044490185
0.050165415	10.065168	0.47872201	0.00044526812
0.050430093	10.150342	0.48608416	0.00044563063
0.050696153	9.8599997	0.46633029	0.00044600811
0.050963633	9.7124186	0.45479971	0.00044638428
0.05123252	9.6423845	0.45451638	0.00044676609
0.051502831	9.2922077	0.43369317	0.00044714962
0.051774565	9.4661016	0.43707389	0.00044753379
0.052047718	9.3375797	0.43160242	0.0004479264
0.052322328	9.0973082	0.41520301	0.00044832213
0.052598387	9.0393372	0.41255918	0.00044872161
0.052875903	8.9012346	0.40499181	0.00044911742
0.053154867	8.947154	0.40457374	0.00044952764
0.053435314	8.5160646	0.38273925	0.00044994405
0.053717248	8.6478872	0.38905853	0.00045035448
0.054000665	8.6996126	0.38406974	0.00045077424
0.054285578	8.679842	0.3869859	0.0004511927
0.054571979	8.4548941	0.37146127	0.00045162454
0.054859906	8.1947565	0.35559782	0.00045205277
0.055149354	8.1773586	0.35618472	0.00045248834
0.055440329	8.375701	0.36310622	0.00045292368
0.055732824	8.092391	0.3453519	0.00045337158
0.056026876	8.2883892	0.35966426	0.00045381591
0.056322478	8.0197487	0.3407031	0.00045426874
0.05661964	7.9451327	0.33512092	0.00045472343
0.056918375	7.8228979	0.33174172	0.00045517797
0.057218663	7.7820067	0.32451084	0.00045564974
0.057520557	7.7760415	0.32482389	0.00045611916
0.057824042	7.7068968	0.32081965	0.00045659384
0.058129128	7.5721564	0.3127791	0.00045706501
0.058435809	7.4809289	0.3053869	0.00045755264
0.058744121	7.4487395	0.30611894	0.00045804121
0.059054062	7.3197389	0.29634446	0.00045853405
0.059365638	7.2370129	0.29227886	0.00045902791
0.059678856	7.1672025	0.28805521	0.00045952605
0.059993714	6.9351268	0.27650061	0.00046003648
0.060310245	7.0871634	0.28278995	0.00046054574
0.060628448	6.8156252	0.27002466	0.00046106274
0.060948331	6.4809742	0.25340825	0.00046157843
0.061269883	6.5208011	0.25653699	0.00046211126
0.061593153	6.3751869	0.24701574	0.00046263836
0.061918125	6.2173252	0.24291252	0.00046317445
0.06224481	6.0725689	0.23183447	0.0004637118
0.062573217	6.1240878	0.23448609	0.00046425132
0.062903345	5.7851958	0.22085994	0.00046481474
0.063235231	5.7329464	0.2188662	0.00046536495
0.063568868	5.6518106	0.21134859	0.00046592636
0.063904263	5.3192091	0.20031469	0.00046649485
0.064241432	5.307054	0.19776475	0.0004670608
0.064580359	5.1738524	0.19334039	0.00046764349
0.064921089	5.0122447	0.18524158	0.00046822854
0.065263622	5.0555553	0.18421949	0.00046881594
0.065607958	4.8468709	0.17720361	0.00046939921
0.065954097	4.8178244	0.17474492	0.00047000355
0.066302076	4.5965834	0.16693978	0.00047061034
0.066651896	4.5956631	0.16442998	0.00047121951
0.067003556	4.4974294	0.16153662	0.00047182958
0.067357071	4.1954889	0.1487838	0.00047244859
0.067712441	4.2045741	0.15014772	0.00047308
0.068069696	4.0653515	0.14300543	0.00047371391
0.068428837	4.0325694	0.14029555	0.00047434893
0.068789877	4.0554886	0.14109364	0.00047499422
0.069152802	3.9528415	0.13768791	0.0004756508
0.069517657	3.7938752	0.13042215	0.00047630354
0.069884442	3.7609468	0.12959716	0.00047696527
0.070253156	3.6689577	0.1243756	0.00047763725
0.070623823	3.5949366	0.12214661	0.0004782977
0.070996419	3.5800915	0.12129453	0.00047898781
0.071371004	3.4730942	0.11647175	0.00047967798
0.071747571	3.4818482	0.11566377	0.00048036815
0.072126113	3.4707828	0.11542444	0.00048106621
0.072506644	3.3964951	0.11258043	0.00048177742
0.072889194	3.3542116	0.11039284	0.00048248502
0.073273763	3.3784356	0.11000537	0.00048320691
0.073660366	3.2095239	0.10456008	0.00048393154
0.074049003	3.2658772	0.10731154	0.00048465261
0.074439675	3.2090209	0.10660026	0.00048539875
0.074832425	3.2763441	0.10759585	0.00048614768
0.075227253	3.1010752	0.10184061	0.0004868994
0.07562416	3.1902175	0.1053377	0.00048765118
0.076023139	3.0904198	0.10154647	0.00048842124
0.076424249	3.0722635	0.10030077	0.00048919849
0.076827466	3.082618	0.10112565	0.00048997428
0.077232815	3.0780749	0.10081334	0.00049076474
0.07764031	2.9695377	0.09638463	0.00049154973
0.078049928	2.9465408	0.095537677	0.00049235078
0.078461722	2.9371729	0.095182844	0.00049316377
0.078875698	2.9917269	0.096345879	0.00049397687
0.07929185	2.9491174	0.095171534	0.00049479573
0.079710186	2.8516994	0.09164685	0.00049562537
0.080130741	2.9246435	0.093461618	0.00049646699
0.080553524	2.8521917	0.09119194	0.00049731781
0.080978535	2.7633433	0.08781413	0.00049816218
0.081405781	2.7366297	0.087053217	0.00049901853
0.08183527	2.6935961	0.084661849	0.00049988605
0.082267039	2.7024875	0.085363373	0.00050076278
0.082701087	2.7058823	0.085557222	0.00050164835
0.08313743	2.6479146	0.082576573	0.00050252839
0.083576046	2.6183057	0.081812225	0.00050343754
0.084017001	2.5328884	0.078305766	0.00050434086
0.084460288	2.5038686	0.077969812	0.00050525344
0.084905908	2.4771428	0.076545529	0.00050617789
0.085353881	2.5042493	0.077052996	0.00050709367
0.085804194	2.3970037	0.073440999	0.00050804217
0.086256906	2.282243	0.069859132	0.00050899101
0.08671201	2.287303	0.0697193	0.00050993706
0.087169506	2.2534435	0.068370692	0.00051089528
0.0876294	2.2428703	0.06811364	0.00051187165
0.088091746	2.1842575	0.065404415	0.00051285134
0.088556528	2.0738738	0.062322605	0.00051384035
0.089023761	2.0975177	0.062526986	0.00051483273
0.089493461	2.1074889	0.062629208	0.0005158342
0.089965612	2.0628319	0.061438583	0.00051685446
0.090440281	2.0665514	0.060824417	0.00051787798
0.090917453	2.0346668	0.060733855	0.00051890506
0.091397144	2.0700355	0.061707288	0.00051995035
0.09187936	2.0166976	0.061499424	0.00052098726
0.092364103	2.0108206	0.060454715	0.0005220492
0.092851423	1.9355433	0.05880598	0.0005231204
0.093341321	1.9383625	0.058863677	0.00052419514
0.093833797	1.8810613	0.056966558	0.00052526745
0.094328851	1.9519774	0.059973933	0.00052637403
0.094826542	1.9264305	0.058128726	0.00052747206
0.095326856	1.9022347	0.05811657	0.00052859145
0.095829807	1.8662362	0.05675219	0.0005297123
0.096335419	1.8318014	0.055601727	0.00053082715
0.096843667	1.8440367	0.055922274	0.0005319888
0.097354628	1.8400375	0.056348201	0.00053313305
0.097868279	1.8249772	0.055167213	0.00053429609
0.098384641	1.8987108	0.057686508	0.0005354507
0.098903701	1.7758303	0.054002408	0.00053664664
0.099425532	1.8285977	0.055428144	0.00053783099
0.099950112	1.7388128	0.052609939	0.000539031
0.10047746	1.7863636	0.053925782	0.00054023234
0.10100757	1.7140222	0.052122582	0.00054146483
0.1015405	1.6946703	0.050994556	0.0005426865
0.10207622	1.7700632	0.053215127	0.00054393377
0.10261479	1.6711712	0.050218511	0.00054517592
0.10315619	1.6431798	0.049444221	0.00054643501
0.10370044	1.6760564	0.049784292	0.00054770667
0.10424757	1.7227722	0.051746156	0.00054899201
0.10479759	1.7022969	0.050653163	0.00055028219
0.10535051	1.6290323	0.048819069	0.00055158173
0.10590634	1.6209322	0.048124954	0.00055289618
0.10646511	1.5557522	0.046332713	0.00055421662
0.10702682	1.6104803	0.047646962	0.00055555551
0.1075915	1.6205083	0.048026614	0.00055689696
0.10815915	1.5442477	0.045989789	0.00055825914
0.10872981	1.4939551	0.04394979	0.00055962522
0.10930347	1.5337955	0.045199759	0.00056100666
0.10988016	1.4878261	0.043921128	0.000562392
0.1104599	1.5172117	0.044556044	0.00056379003
0.11104269	1.5187713	0.044411108	0.00056520716
0.11162856	1.4565778	0.042756882	0.00056661788
0.11221751	1.3907057	0.040839706	0.0005680708
0.11280958	1.4400338	0.041893672	0.00056950125
0.11340477	1.4071246	0.041022629	0.00057097245
0.1140031	1.3953886	0.040819626	0.00057243346
0.11460458	1.4844929	0.043023393	0.00057391933
0.11520924	1.432296	0.041580748	0.00057540921
0.1158171	1.3787625	0.039908428	0.00057691365
0.11642814	1.4096587	0.040718101	0.00073771627
0.11704243	1.358271	0.039199673	0.00074041099
0.11765995	1.3849338	0.039886948	0.00074312667
0.11828073	1.4117168	0.040309269	0.000745859
0.11890478	1.3649635	0.038910482	0.00074862491
0.11953213	1.3557693	0.038414229	0.00075140147
0.1201628	1.3431855	0.038524751	0.00075416989
0.12079677	1.3393339	0.04022472	0.00075700297
0.12143411	1.3359073	0.041552238	0.00075982162
0.12207479	1.3084677	0.041593514	0.00076268456
0.12271887	1.3051742	0.042466298	0.0007655393
0.12336633	1.2910695	0.042924959	0.00076844008
0.12401722	1.2878103	0.043322422	0.00077134132
0.12467154	1.2887574	0.044397898	0.00077133736
