#   DataFileName=25janv24_011.tif
#   DataFileType=.tif
#   
#   DataFilePath=D:SAXS-Cu:Claire:SAXS Cu 2024:20240125:
#   
#   Processed on=ven. 26 janv. 2024,08:52:58
#   Units=Arbitrary
#   SampleThickness=2.9
#   SampleTransmission=0.36738
#   CorrectionFactor=2.72
#   SampleMeasurementTime=1
#   EmptyMeasurementTime=1
#   BackgroundMeasTime=1
#   SampleI0=3600
#   EmptyI0=1
#   Nika_SampleToDetectorDistacne=1616
#   Nika_Wavelength=1.542
#   Nika_XrayEnergy=8.0405
#   Nika_PixelSizeX=0.172
#   Nika_PixelSizeY=0.172
#   Nika_HorizontalTilt=0
#   Nika_VerticalTilt=0
#   Nika_BeamCenterX=277.17
#   Nika_BeamCenterY=169.37
#   Nika_BeamSizeX=0
#   Nika_BeamSizeY=0
#   CalibrationFormula=1*((Sa2D))
#   CurrentMaskFileName=jan24_mask.hdf
#   QvectorMaxNumPnts=0
#   QvectorNumberPoints=500
#   CircularAverage=1
#   PolarizationCorrection=None
#   UncertainityCalculationMethod=OldNikaMethod

0.0090713194	7869.6313	1960.7849	0.00041012454
0.0091191828	7894.6875	2179.1113	0.00041013741
0.009167294	7807.7144	2338.9612	0.00041015071
0.0092156595	7757.8569	2324.0088	0.00041016436
0.0092642847	7797.2729	2725.9138	0.00041017766
0.0093131615	7691.9473	1916.6799	0.00041019166
0.0093623018	7603.2939	2023.5651	0.00041020423
0.0094116954	7210.6431	2157.6755	0.00041021823
0.0094613498	7527.2856	1769.5074	0.00041023357
0.0095112715	7430.3125	2050.9321	0.00041024663
0.0095614512	7352.4546	2570.4075	0.00041026229
0.0096119009	7273.125	2007.5569	0.00041027571
0.0096626123	7241.2222	1862.7682	0.00041029038
0.0097135901	7219.6499	1745.8789	0.0004103065
0.0097648427	7109.7856	2129.8506	0.00041032035
0.0098163607	7028.353	1870.5431	0.00041033557
0.0098681506	6958.8125	1920.7928	0.00041035117
0.009920218	6988.9473	1741.495	0.00041036645
0.0099725556	6777.625	1870.6793	0.00041038232
0.010025172	6664.8423	1660.6464	0.00041039812
0.010078066	6692	1618.28	0.00041041418
0.010131239	6694.5	1847.8354	0.00041042943
0.010184692	6621.7896	1650.0104	0.00041044565
0.010238425	6536.6001	1876.5359	0.00041046331
0.010292444	6490.1304	1448.0818	0.00041047813
0.010346748	6255.8945	1557.979	0.00041049506
0.010401339	6369.7368	1587.2008	0.00041051209
0.010456217	6303	1809.4552	0.00041052917
0.010511382	6233.9521	1465.476	0.00041054678
0.010566842	6190.7729	1416.8634	0.00041056532
0.010622594	6147	1696.7097	0.00041058313
0.01067864	6012.0371	1225.3029	0.00041059998
0.010734978	5960.1875	1645.1422	0.00041061838
0.010791617	5978.0454	1368.1764	0.00041063668
0.010848555	5864.4443	1508.6018	0.00041065528
0.010905793	5797.522	1293.5425	0.00041067408
0.010963334	5644.3501	1364.9144	0.0004106928
0.011021174	5699.5415	1241.2679	0.00041071215
0.011079323	5604.25	1355.2362	0.00041073147
0.011137779	5545.1816	1269.1064	0.00041075103
0.011196543	5473.0869	1221.1586	0.00041077062
0.011255614	5390.2402	1147.1102	0.00041079085
0.011315	5143.7646	1368.168	0.00041081096
0.011374699	5259.3335	1145.4028	0.00041083139
0.011434713	5237.1851	1067.3767	0.00041085103
0.011495044	5176.6499	1251.8287	0.00041087266
0.01155569	5051.8462	1051.5422	0.00041089294
0.011616659	5029.5654	1122.1975	0.00041091512
0.01167795	4999.7827	1115.5531	0.00041093573
0.011739564	4916.1499	1188.8297	0.0004109572
0.0118015	4841.5332	930.59857	0.00041098031
0.011863766	4822.6401	1026.3092	0.00041100153
0.01192636	4683.375	1019.956	0.00041102397
0.011989285	4685.4165	1020.4103	0.00041104658
0.012052542	4633.8569	925.44116	0.00041106931
0.01211613	4560.25	993.14862	0.00041109262
0.012180055	4514	1033.097	0.00041111599
0.012244319	4334.7188	803.92755	0.0004111396
0.012308921	4376.2002	931.30786	0.00041116439
0.012373864	4328.8184	990.71649	0.00041118739
0.012439147	4257.9092	776.59332	0.00041121195
0.012504777	4150.2812	769.79156	0.00041123654
0.012570753	4146.1665	902.96588	0.00041126151
0.012637078	4030.9644	805.03699	0.0004112864
0.012703749	3987.3479	889.64966	0.00041131204
0.012770776	3967.5588	711.9126	0.00041133765
0.012838155	3864.4644	771.77429	0.0004113637
0.012905891	3829.3225	722.83258	0.00041138986
0.012973984	3778.9167	822.98761	0.00041141611
0.013042432	3727.6667	679.88379	0.00041144318
0.013111246	3632.2334	698.15454	0.00041147019
0.013180422	3563.125	660.82123	0.0004114976
0.013249964	3542.6086	790.42249	0.00041152394
0.013319868	3476.3157	587.15826	0.00041155313
0.013390145	3441.8064	649.6861	0.00041158128
0.013460793	3312.5667	636.67578	0.00041160986
0.013531813	3319.5483	626.60767	0.00041163864
0.013603209	3257.1943	566.5202	0.00041166658
0.013674977	3206.8215	640.44244	0.00041169624
0.013747128	3133.4324	536.94653	0.00041172598
0.013819659	3086.1177	553.737	0.00041175602
0.013892573	3051.3999	586.51257	0.00041178599
0.013965867	2953.366	478.78864	0.00041181617
0.014039554	2919.4062	541.52881	0.00041184798
0.014113627	2880.0625	534.23175	0.00041187936
0.014188092	2785.0588	499.66739	0.00041191099
0.01426295	2752.9756	446.30206	0.00041194269
0.014338199	2688.6453	507.51608	0.00041197534
0.014413849	2609.2104	440.68585	0.00041200704
0.014489898	2599.4119	466.41489	0.00041204007
0.014566349	2564.9546	400.35165	0.00041207302
0.014643198	2483.6389	431.97513	0.00041210715
0.014720458	2442.2051	406.73975	0.00041214115
0.014798124	2374.8235	426.11987	0.00041217555
0.014876201	2369.875	389.33752	0.00041221123
0.014954689	2300.8999	378.00516	0.00041224514
0.015033588	2252.7778	391.82446	0.00041228096
0.015112907	2171.689	334.88626	0.00041231682
0.015192644	2150	358.0748	0.00041235308
0.015272802	2098	349.41248	0.0004123894
0.015353379	2068.7144	331.05038	0.00041242578
0.015434384	1989.4865	340.90872	0.0004124642
0.015515818	1970.6604	278.5849	0.00041250198
0.015597682	1899.75	330.42041	0.00041253917
0.015679976	1868.7561	302.95401	0.00041257843
0.015762702	1818.8695	277.22949	0.00041261676
0.015845867	1789.4878	290.10083	0.00041265626
0.015929472	1734.2916	258.41058	0.0004126961
0.016013518	1694.4286	271.15576	0.00041273583
0.016098002	1620.9574	244.22614	0.00041277695
0.016182937	1605.1041	239.1606	0.00041281627
0.01626832	1562.15	256.63675	0.00041285949
0.016354153	1522.2174	232.01157	0.00041290157
0.01644044	1487.7455	206.23886	0.00041294337
0.016527176	1432.1395	226.3062	0.00041298679
0.016614376	1406.4166	209.55577	0.00041303007
0.016702035	1368.3199	199.50113	0.00041307375
0.016790157	1330.8823	192.01521	0.00041311784
0.016878743	1286.4314	185.60187	0.00041316217
0.016967792	1254.8605	198.29227	0.00041320594
0.017057316	1216.9474	165.53835	0.00041325326
0.017147312	1176.0392	169.67493	0.0004132977
0.017237784	1145.9231	163.63707	0.00041334366
0.017328728	1104.1041	164.5088	0.00041339299
0.017420156	1075.9824	146.3726	0.00041344052
0.017512066	1049.5	149.86679	0.00041348668
0.017604461	1007.4039	143.85559	0.00041353729
0.017697345	971.8197	127.56785	0.00041358371
0.017790712	954.08887	147.13753	0.00041363394
0.017884579	914.89471	124.45866	0.00041368403
0.01797894	886.75806	115.40611	0.00041373458
0.018073799	855.35187	119.72797	0.00041378519
0.018169153	836.83331	117.13579	0.00041383741
0.018265016	801.09521	103.39211	0.00041388767
0.018361384	772.26666	102.25676	0.00041394227
0.01845826	747.13794	100.70983	0.00041399384
0.018555649	725.16132	94.380829	0.00041404899
0.018653546	692.53229	90.133133	0.00041410374
0.018751962	664.38892	92.997833	0.00041415897
0.0188509	645.07812	82.570473	0.00041421448
0.01895036	612.20001	77.724678	0.00041427009
0.019050339	591.96875	75.772751	0.00041432717
0.019150849	565.73773	74.262321	0.00041438476
0.019251892	543.26868	67.890991	0.00041444265
0.019353468	524.1875	67.096321	0.0004144992
0.019455578	506.55713	61.871399	0.0004145597
0.019558223	484.10449	60.497467	0.00041461809
0.019661414	467.07812	59.786621	0.00041467859
0.01976515	446.66666	53.760014	0.00041473942
0.019869432	427.20291	52.572083	0.00041480057
0.01997426	402.8125	51.557781	0.00041486532
0.020079646	391.25674	46.423775	0.00041492653
0.02018559	378.72223	45.582363	0.00041498989
0.02029209	358.39706	44.442322	0.0004150524
0.020399153	345.75	41.614002	0.00041511684
0.020506777	328.88159	38.484573	0.00041518474
0.020614972	313.84723	37.773521	0.00041525112
0.02072374	300.82278	34.500267	0.00041531809
0.020833081	281	34.844906	0.00041538311
0.020942992	272.52499	31.049898	0.00041545412
0.021053489	261.73077	30.21583	0.00041552138
0.02116457	245.55263	28.733625	0.00041559106
0.021276236	233.62025	26.792847	0.00041566175
0.021388492	226	24.802433	0.00041573236
0.021501334	213.37334	25.140516	0.00041580488
0.021614777	206.21951	23.197184	0.00041587595
0.021728819	195.44444	22.125462	0.0004159513
0.021843463	185.9875	21.190016	0.00041602473
0.021958705	175.42697	18.91374	0.00041610061
0.022074562	170.40909	18.480215	0.00041617639
0.022191029	159.32098	18.035769	0.00041625329
0.022308113	154.10464	16.912205	0.00041632849
0.022425812	146.16092	15.944739	0.00041640797
0.022544127	142.02272	15.401754	0.00041648769
0.022663072	133.92473	14.114757	0.00041656574
0.022782644	128.23596	13.825211	0.00041664651
0.022902848	123.65625	12.82056	0.00041672718
0.02302368	116.23077	12.388284	0.00041681045
0.023145156	112.61957	11.935797	0.00041689366
0.023267273	107.06667	11.476764	0.00041697753
0.023390032	103.42553	10.840237	0.00041706281
0.023513442	99.618553	10.273265	0.00041714753
0.023637494	96.623764	9.7591152	0.00041723513
0.023762207	93.090912	9.4993706	0.00041732113
0.02388758	88.670105	9.1442404	0.00041741147
0.024013614	86.730003	8.8048716	0.00041749887
0.024140311	83.66346	8.3236313	0.00041758851
0.024267672	81.797981	8.3471584	0.00041768092
0.024395712	79.381821	7.6731367	0.000417773
0.024524426	78.279999	7.9468861	0.00041786607
0.024653818	76.427269	7.3876448	0.00041795964
0.024783889	73.70755	7.2617073	0.00041805362
0.02491465	72.871284	7.3600631	0.00041815176
0.025046103	71.883331	6.6448641	0.00041824725
0.02517825	70.121498	6.875061	0.00041834507
0.025311092	69.028038	6.7678409	0.00041844544
0.025444631	70.663635	6.8304873	0.00041854454
0.025578879	69.101692	6.4431148	0.00041864568
0.025713835	67.884956	6.4718485	0.00041874815
0.025849504	68.14035	6.4668241	0.00041885034
0.025985882	68.419357	6.2193317	0.00041895598
0.026122987	68.073395	6.6110616	0.00041906111
0.026260814	68.914726	6.1388626	0.00041916783
0.026399368	68.837608	6.4465032	0.00041927563
0.026538655	68.5	6.2266455	0.00041938134
0.026678668	68.900826	6.3421674	0.00041949426
0.026819428	69.519379	6.1927228	0.00041960328
0.02696093	69.669418	6.4129362	0.00041971551
0.027103178	70.525925	6.1379628	0.00041982802
0.027246172	70.125984	6.2968583	0.00041994336
0.027389925	70.633591	6.2426329	0.00042005716
0.027534436	70.6194	6.1694722	0.00042017605
0.027679712	73	6.4771171	0.00042029217
0.027825752	72.220589	6.2617822	0.00042041039
0.027972557	72.873131	6.3664036	0.0004205321
0.028120143	72.914894	6.2064466	0.00042065384
0.028268509	72.816795	6.4355712	0.00042077678
0.028417656	74.382553	6.1555057	0.00042089794
0.028567582	74.947365	6.5727301	0.00042102658
0.028718308	74.959732	6.2032738	0.00042115344
0.028869828	74.936623	6.355515	0.00042128001
0.02902215	75.450333	6.2015533	0.00042140935
0.029175274	75.698631	6.3297186	0.00042153869
0.029329197	76.006538	6.2055068	0.00042167204
0.02948394	77.486115	6.5250139	0.00042180574
0.029639501	76.790123	6.0894694	0.00042193889
0.029795883	76.573334	6.315208	0.00042207542
0.029953081	76.847137	6.1920972	0.0004222127
0.030111117	77.376625	6.2964077	0.00042235156
0.030269986	77.276474	5.9794855	0.00042249236
0.030429695	77.388161	6.3394594	0.00042263384
0.030590244	77.476189	6.0311728	0.00042277633
0.030751634	75.279221	6.1257219	0.00042292025
0.030913882	77.137146	5.8813272	0.00042306882
0.031076988	77.716766	5.9602852	0.00042321451
0.031240953	76.036583	5.9921637	0.00042336274
0.031405777	76.331398	5.8713336	0.00042351248
0.031571474	75.620689	5.7825322	0.00042366752
0.03173805	75.186043	5.7831984	0.00042382086
0.031905502	74.477531	5.6296601	0.00042397695
0.03207384	74.78022	5.5890136	0.00042412887
0.032243058	73.097702	5.5895953	0.00042429205
0.032413173	72.505211	5.2737198	0.00042445312
0.03258419	71.41011	5.3978	0.00042461135
0.032756109	70.675255	5.1136274	0.00042477465
0.032928932	70.770493	5.2746539	0.00042493874
0.033102661	69.083336	5.0248084	0.0004251106
0.033277314	67.887756	4.886425	0.00042527544
0.033452887	67.427025	4.9977422	0.00042544605
0.033629388	66.573532	4.6955199	0.0004256168
0.033806812	64.489799	4.6418333	0.00042579186
0.033985179	64.173264	4.5488687	0.00042596777
0.034164488	62.612743	4.416121	0.00042614521
0.034344744	61.910892	4.3885355	0.00042632496
0.034525953	60.004631	4.111258	0.00042649984
0.034708105	58.781094	4.1771712	0.00042668844
0.034891229	57.859093	3.9275484	0.00042687292
0.035075318	56.210281	3.8694675	0.00042705616
0.035260379	54.647888	3.7708757	0.00042724315
0.035446409	53.841412	3.5972607	0.00042743466
0.035633426	52.148838	3.5813978	0.00042762782
0.035821434	50.703197	3.4497299	0.00042782119
0.036010429	49.043289	3.2478206	0.00042801839
0.036200427	48.134197	3.1876073	0.00042821362
0.036391411	46.613045	3.0936735	0.0004284129
0.036583416	44.735931	2.9625721	0.00042861878
0.036776435	44.193134	2.9138815	0.00042882
0.036970474	42.337399	2.7158108	0.00042902352
0.037165523	40.778725	2.6771152	0.00042923403
0.037361611	38.975105	2.5262618	0.0004294448
0.037558734	38.0751	2.4079611	0.00042965813
0.037756901	36.397488	2.3691485	0.00042987167
0.037956107	34.865902	2.1705554	0.00043008424
0.03815636	33.762096	2.1568806	0.00043030802
0.038357675	31.980392	2.0144649	0.00043052656
0.038560055	31.291338	1.9749857	0.00043075046
0.038763504	30.074627	1.8473804	0.00043097307
0.038968012	28.667953	1.7916502	0.00043120381
0.039173611	27.312727	1.65599	0.00043143486
0.039380297	26.290565	1.6241482	0.00043166702
0.039588071	24.959854	1.5161166	0.00043190189
0.039796941	24.440434	1.4764235	0.0004321335
0.040006902	23.021202	1.3757026	0.00043237975
0.040217984	22.369404	1.3740556	0.00043261849
0.040430181	21.006849	1.2356226	0.00043286619
0.040643495	20.137123	1.1703832	0.0004331072
0.040857922	19.474049	1.1514525	0.00043335947
0.041073494	18.619864	1.0952103	0.00043361125
0.041290201	17.893835	1.0525101	0.00043386588
0.041508052	17.233767	0.98673868	0.00043412336
0.041727055	16.432432	0.95993572	0.00043437953
0.041947197	15.86039	0.90809894	0.00043464534
0.042168517	15.282539	0.86514419	0.0004349098
0.042391002	14.492064	0.82038909	0.00043517374
0.042614661	14.241158	0.81139755	0.00043544156
0.04283949	13.521875	0.75940549	0.00043571662
0.043065514	13.346875	0.74958044	0.00043599296
0.043292735	12.833837	0.70857769	0.00043626709
0.043521151	12.677914	0.7053628	0.0004365521
0.043750774	12.583333	0.68950051	0.00043683228
0.043981593	12.332353	0.67173356	0.00043711904
0.044213645	11.790561	0.64317608	0.00043740889
0.044446923	11.958944	0.65043503	0.00043770095
0.04468143	11.747826	0.63519973	0.00043799347
0.044917163	11.95082	0.62721258	0.00043829356
0.045154147	11.50862	0.61955869	0.00043859595
0.045392387	11.58757	0.61845469	0.00043889624
0.045631882	11.506887	0.60642177	0.00043920323
0.04587264	11.808901	0.60653919	0.00043951068
0.046114657	11.825	0.62579888	0.00043982686
0.046357963	12.043361	0.62946826	0.00044014264
0.046602551	11.931217	0.61608285	0.00044046264
0.046848431	12.289406	0.62710154	0.00044078249
0.047095612	12.047739	0.60614586	0.00044110353
0.047344077	12.240932	0.62544018	0.00044143377
0.047593873	12.413265	0.62933862	0.00044176777
0.04784498	12.391414	0.62502146	0.00044210107
0.048097417	12.654321	0.63109493	0.00044243646
0.048351172	12.639025	0.62645161	0.00044278102
0.048606277	12.847458	0.63445318	0.00044312366
0.048862729	12.88756	0.6325869	0.0004434757
0.049120534	12.647343	0.62381595	0.0004438278
0.049379699	12.966903	0.6326856	0.00044417707
0.04964022	13.117783	0.63255811	0.00044453912
0.049902126	12.891455	0.62164849	0.00044490185
0.050165415	13.076405	0.62195146	0.00044526812
0.050430093	12.790433	0.61251527	0.00044563063
0.050696153	13.077778	0.61852551	0.00044600811
0.050963633	12.605664	0.59028131	0.00044638428
0.05123252	12.984548	0.61206722	0.00044676609
0.051502831	12.824676	0.59857464	0.00044714962
0.051774565	12.584745	0.58107799	0.00044753379
0.052047718	12.43949	0.57498467	0.0004479264
0.052322328	12.467909	0.56904691	0.00044832213
0.052598387	12.124224	0.55336422	0.00044872161
0.052875903	11.977366	0.54495806	0.00044911742
0.053154867	11.556911	0.52259296	0.00044952764
0.053435314	11.162651	0.50169533	0.00044994405
0.053717248	11.132797	0.50086033	0.00045035448
0.054000665	10.748062	0.47450882	0.00045077424
0.054285578	10.656126	0.47510797	0.0004511927
0.054571979	10.184261	0.44744167	0.00045162454
0.054859906	10.037454	0.43556324	0.00045205277
0.055149354	9.7660379	0.42538953	0.00045248834
0.055440329	9.2728968	0.40200466	0.00045292368
0.055732824	8.831522	0.37689555	0.00045337158
0.056026876	8.8183517	0.38265929	0.00045381591
0.056322478	8.2531414	0.35061994	0.00045426874
0.05661964	7.8867254	0.33265716	0.00045472343
0.056918375	7.842576	0.3325772	0.00045517797
0.057218663	7.3875432	0.30806056	0.00045564974
0.057520557	7.0659723	0.2951616	0.00045611916
0.057824042	6.6379309	0.27631626	0.00045659384
0.058129128	6.5925298	0.27231348	0.00045706501
0.058435809	6.3283582	0.25833336	0.00045755264
0.058744121	6.0621848	0.2491304	0.00045804121
0.059054062	5.9021206	0.23894908	0.00045853405
0.059365638	5.5860391	0.22559552	0.00045902791
0.059678856	5.3392282	0.21458101	0.00045952605
0.059993714	5.238924	0.20886828	0.00046003648
0.060310245	5.0982566	0.20342058	0.00046054574
0.060628448	4.8265624	0.19121523	0.00046106274
0.060948331	4.7701674	0.18650937	0.00046157843
0.061269883	4.7318954	0.18615459	0.00046211126
0.061593153	4.6636772	0.18069655	0.00046263836
0.061918125	4.6565351	0.1819264	0.00046317445
0.06224481	4.6182876	0.17630883	0.0004637118
0.062573217	4.4773722	0.17142858	0.00046425132
0.062903345	4.5283017	0.17287326	0.00046481474
0.063235231	4.4847603	0.17120892	0.00046536495
0.063568868	4.4930363	0.16801356	0.00046592636
0.063904263	4.5183616	0.17015271	0.00046649485
0.064241432	4.4716458	0.16663271	0.0004670608
0.064580359	4.6564674	0.17400351	0.00046764349
0.064921089	4.6761904	0.17282021	0.00046822854
0.065263622	4.6957674	0.17110777	0.00046881594
0.065607958	4.6817575	0.1711669	0.00046939921
0.065954097	4.8007865	0.17412417	0.00047000355
0.066302076	4.6964521	0.17056605	0.00047061034
0.066651896	4.7933674	0.1715048	0.00047121951
0.067003556	4.7120824	0.16924636	0.00047182958
0.067357071	4.8596492	0.17233984	0.00047244859
0.067712441	4.7687421	0.17029653	0.00047308
0.068069696	4.8446364	0.17041858	0.00047371391
0.068428837	4.9083233	0.17076758	0.00047434893
0.068789877	4.7792521	0.16627768	0.00047499422
0.069152802	4.7859735	0.16671249	0.0004756508
0.069517657	4.8138986	0.16549069	0.00047630354
0.069884442	4.6272187	0.15944937	0.00047696527
0.070253156	4.5246277	0.1533872	0.00047763725
0.070623823	4.4856157	0.15241389	0.0004782977
0.070996419	4.5011439	0.15250236	0.00047898781
0.071371004	4.486547	0.15046188	0.00047967798
0.071747571	4.3674369	0.14508556	0.00048036815
0.072126113	4.2590961	0.14164256	0.00048106621
0.072506644	4.1840086	0.13868608	0.00048177742
0.072889194	4.0809937	0.13431557	0.00048248502
0.073273763	3.8868921	0.12656285	0.00048320691
0.073660366	3.7830689	0.12324705	0.00048393154
0.074049003	3.7222819	0.12230938	0.00048465261
0.074439675	3.6666667	0.12180356	0.00048539875
0.074832425	3.5204301	0.11561397	0.00048614768
0.075227253	3.4376345	0.11289381	0.0004868994
0.07562416	3.3532608	0.11072242	0.00048765118
0.076023139	3.2152853	0.10564862	0.00048842124
0.076424249	3.1466525	0.1027302	0.00048919849
0.076827466	3.0085838	0.09869656	0.00048997428
0.077232815	2.9358289	0.096154191	0.00049076474
0.07764031	2.8539915	0.092632882	0.00049154973
0.078049928	2.8249476	0.091594711	0.00049235078
0.078461722	2.8115184	0.091110095	0.00049316377
0.078875698	2.7228541	0.087686598	0.00049397687
0.07929185	2.7705088	0.089406282	0.00049479573
0.079710186	2.69207	0.086514458	0.00049562537
0.080130741	2.6120162	0.083469093	0.00049646699
0.080553524	2.6992865	0.086303033	0.00049731781
0.080978535	2.6364553	0.083780892	0.00049816218
0.081405781	2.5267406	0.080375947	0.00049901853
0.08183527	2.555665	0.080326907	0.00049988605
0.082267039	2.599005	0.082094744	0.00050076278
0.082701087	2.5593221	0.08092165	0.00050164835
0.08313743	2.4888458	0.077615157	0.00050252839
0.083576046	2.5851996	0.0807776	0.00050343754
0.084017001	2.5586274	0.079101026	0.00050434086
0.084460288	2.5812378	0.080379076	0.00050525344
0.084905908	2.5819046	0.079783529	0.00050617789
0.085353881	2.552408	0.07853543	0.00050709367
0.085804194	2.6732209	0.081904531	0.00050804217
0.086256906	2.5934579	0.079386793	0.00050899101
0.08671201	2.5875812	0.078875065	0.00050993706
0.087169506	2.5821855	0.078347176	0.00051089528
0.0876294	2.5630174	0.077836834	0.00051187165
0.088091746	2.5894454	0.077539124	0.00051285134
0.088556528	2.5	0.075130366	0.00051384035
0.089023761	2.5673759	0.076535694	0.00051483273
0.089493461	2.5726871	0.076456301	0.0005158342
0.089965612	2.4699116	0.073564306	0.00051685446
0.090440281	2.4416595	0.071867816	0.00051787798
0.090917453	2.3866668	0.071243025	0.00051890506
0.091397144	2.3404255	0.069768749	0.00051995035
0.09187936	2.2541745	0.068742275	0.00052098726
0.092364103	2.3074841	0.069375284	0.0005220492
0.092851423	2.3176796	0.07041806	0.0005231204
0.093341321	2.1738729	0.066017546	0.00052419514
0.093833797	2.1244283	0.064338259	0.00052526745
0.094328851	2.0932202	0.064313702	0.00052637403
0.094826542	2.0563126	0.062047508	0.00052747206
0.095326856	2.0707636	0.063266411	0.00052859145
0.095829807	1.9898524	0.060511779	0.0005297123
0.096335419	1.9347427	0.058727477	0.00053082715
0.096843667	1.9045871	0.057758447	0.0005319888
0.097354628	1.8643593	0.057093263	0.00053313305
0.097868279	1.8450319	0.055772711	0.00053429609
0.098384641	1.9033149	0.057825461	0.0005354507
0.098903701	1.8071955	0.054955769	0.00053664664
0.099425532	1.7635198	0.053455267	0.00053783099
0.099950112	1.7808219	0.053880591	0.000539031
0.10047746	1.8236364	0.055049833	0.00054023234
0.10100757	1.7721403	0.053890638	0.00054146483
0.1015405	1.7497742	0.052652322	0.0005426865
0.10207622	1.8115419	0.05446307	0.00054393377
0.10261479	1.7684685	0.053143065	0.00054517592
0.10315619	1.8030714	0.054256	0.00054643501
0.10370044	1.7790493	0.052844848	0.00054770667
0.10424757	1.8073808	0.054287467	0.00054899201
0.10479759	1.7844523	0.053098071	0.00055028219
0.10535051	1.7688172	0.053010322	0.00055158173
0.10590634	1.7220756	0.051129032	0.00055289618
0.10646511	1.7389381	0.051789667	0.00055421662
0.10702682	1.7938864	0.053074002	0.00055555551
0.1075915	1.7808939	0.052782338	0.00055689696
0.10815915	1.7380531	0.051763151	0.00055825914
0.10872981	1.7979275	0.052893668	0.00055962522
0.10930347	1.7772963	0.052377675	0.00056100666
0.10988016	1.6286956	0.048080903	0.000562392
0.1104599	1.7125646	0.050295569	0.00056379003
0.11104269	1.6262798	0.047555272	0.00056520716
0.11162856	1.6509029	0.048462164	0.00056661788
0.11221751	1.6609294	0.048777875	0.0005680708
0.11280958	1.5869932	0.046169464	0.00056950125
0.11340477	1.5513147	0.045227937	0.00057097245
0.1140031	1.5559351	0.04551727	0.00057243346
0.11460458	1.5104778	0.043777622	0.00057391933
0.11520924	1.528175	0.044365309	0.00057540921
0.1158171	1.5225753	0.044072028	0.00057691365
0.11642814	1.4862615	0.042930461	0.00073771627
0.11704243	1.4256027	0.041144177	0.00074041099
0.11765995	1.4908941	0.042938944	0.00074312667
0.11828073	1.3978845	0.039913472	0.000745859
0.11890478	1.4460665	0.041221939	0.00074862491
0.11953213	1.4535257	0.041185241	0.00075140147
0.1201628	1.4630542	0.041964266	0.00075416989
0.12079677	1.3951395	0.041901994	0.00075700297
0.12143411	1.4662162	0.045606948	0.00075982162
0.12207479	1.4324597	0.045536429	0.00076268456
0.12271887	1.4487857	0.047139	0.0007655393
0.12336633	1.4531423	0.048316598	0.00076844008
0.12401722	1.4243792	0.0479188	0.00077134132
0.12467154	1.4260355	0.049127266	0.00077133736
