#   DataFileName=25janv24_004.tif
#   DataFileType=.tif
#   
#   DataFilePath=D:SAXS-Cu:Claire:SAXS Cu 2024:20240125:
#   
#   Processed on=ven. 26 janv. 2024,08:52:53
#   Units=Arbitrary
#   SampleThickness=2.9
#   SampleTransmission=0.36738
#   CorrectionFactor=2.72
#   SampleMeasurementTime=1
#   EmptyMeasurementTime=1
#   BackgroundMeasTime=1
#   SampleI0=3600
#   EmptyI0=1
#   Nika_SampleToDetectorDistacne=1616
#   Nika_Wavelength=1.542
#   Nika_XrayEnergy=8.0405
#   Nika_PixelSizeX=0.172
#   Nika_PixelSizeY=0.172
#   Nika_HorizontalTilt=0
#   Nika_VerticalTilt=0
#   Nika_BeamCenterX=277.17
#   Nika_BeamCenterY=169.37
#   Nika_BeamSizeX=0
#   Nika_BeamSizeY=0
#   CalibrationFormula=1*((Sa2D))
#   CurrentMaskFileName=jan24_mask.hdf
#   QvectorMaxNumPnts=0
#   QvectorNumberPoints=500
#   CircularAverage=1
#   PolarizationCorrection=None
#   UncertainityCalculationMethod=OldNikaMethod

0.0090713194	6031.0527	1502.6833	0.00041012454
0.0091191828	6093.5625	1681.9757	0.00041013741
0.009167294	5998.5713	1796.9982	0.00041015071
0.0092156595	5956.2144	1784.3015	0.00041016436
0.0092642847	5924.1816	2071.0942	0.00041017766
0.0093131615	5890.0527	1467.6871	0.00041019166
0.0093623018	5864.5884	1560.8275	0.00041020423
0.0094116954	5510.8569	1648.4363	0.00041021823
0.0094613498	5736.9048	1348.6326	0.00041023357
0.0095112715	5680.75	1568.0239	0.00041024663
0.0095614512	5644.7271	1973.3987	0.00041026229
0.0096119009	5549.4375	1531.783	0.00041027571
0.0096626123	5529.8335	1422.5322	0.00041029038
0.0097135901	5484.2998	1326.2355	0.0004103065
0.0097648427	5454.9287	1634.1415	0.00041032035
0.0098163607	5399.7061	1437.1022	0.00041033557
0.0098681506	5330.125	1471.244	0.00041035117
0.009920218	5289.2632	1317.9812	0.00041036645
0.0099725556	5181.375	1430.0052	0.00041038232
0.010025172	5057.6841	1260.1713	0.00041039812
0.010078066	5104.3999	1234.364	0.00041041418
0.010131239	5092.8125	1405.7408	0.00041042943
0.010184692	5034	1254.3716	0.00041044565
0.010238425	5013.4668	1439.28	0.00041046331
0.010292444	4939.7393	1102.1614	0.00041047813
0.010346748	4702.1055	1170.8311	0.00041049506
0.010401339	4832.7368	1204.2211	0.00041051209
0.010456217	4790.6665	1375.3217	0.00041052917
0.010511382	4740.9521	1114.5023	0.00041054678
0.010566842	4685.5	1072.3632	0.00041056532
0.010622594	4674.375	1290.2422	0.00041058313
0.01067864	4606.4443	938.836	0.00041059998
0.010734978	4519	1247.3524	0.00041061838
0.010791617	4502.7271	1030.5312	0.00041063668
0.010848555	4463.8335	1148.3046	0.00041065528
0.010905793	4396	980.83868	0.00041067408
0.010963334	4274	1033.5148	0.0004106928
0.011021174	4309.375	938.51819	0.00041071215
0.011079323	4248.3501	1027.353	0.00041073147
0.011137779	4255.6816	973.98651	0.00041075103
0.011196543	4146.6958	925.21387	0.00041077062
0.011255614	4115.6001	875.84937	0.00041079085
0.011315	3906.9412	1038.9385	0.00041081096
0.011374699	4018.0417	875.0672	0.00041083139
0.011434713	3992.4075	813.68652	0.00041085103
0.011495044	3937.1499	952.09222	0.00041087266
0.01155569	3880.8462	807.83502	0.00041089294
0.011616659	3842.5652	857.35663	0.00041091512
0.01167795	3802.5217	848.42188	0.00041093573
0.011739564	3742.8999	905.11945	0.0004109572
0.0118015	3710.5334	713.20947	0.00041098031
0.011863766	3667.4399	780.479	0.00041100153
0.01192636	3579.6667	779.57538	0.00041102397
0.011989285	3594.9167	782.91681	0.00041104658
0.012052542	3539.3928	706.86377	0.00041106931
0.01211613	3486.625	759.33435	0.00041109262
0.012180055	3450.4092	789.68408	0.00041111599
0.012244319	3329.125	617.39014	0.0004111396
0.012308921	3362.4399	715.57111	0.00041116439
0.012373864	3328.8181	761.85883	0.00041118739
0.012439147	3289.9395	600.04883	0.00041121195
0.012504777	3210.1875	595.44373	0.00041123654
0.012570753	3204.0833	697.79907	0.00041126151
0.012637078	3130.75	625.25275	0.0004112864
0.012703749	3116.4348	695.33881	0.00041131204
0.012770776	3069.3235	550.74207	0.00041133765
0.012838155	3034.8215	606.08002	0.0004113637
0.012905891	2992.1936	564.81812	0.00041138986
0.012973984	2926.3333	637.30823	0.00041141611
0.013042432	2914.5454	531.58148	0.00041144318
0.013111246	2852.6333	548.31036	0.00041147019
0.013180422	2777.9688	515.17456	0.0004114976
0.013249964	2808.6956	626.67657	0.00041152394
0.013319868	2756.7896	465.62891	0.00041155313
0.013390145	2714.2258	512.34845	0.00041158128
0.013460793	2664.6333	512.16071	0.00041160986
0.013531813	2629.1936	496.29626	0.00041163864
0.013603209	2605.5557	453.18491	0.00041166658
0.013674977	2547.4644	508.7634	0.00041169624
0.013747128	2519.4324	431.73346	0.00041172598
0.013819659	2442.2058	438.19357	0.00041175602
0.013892573	2450.3	470.97482	0.00041178599
0.013965867	2408.1951	390.4086	0.00041181617
0.014039554	2367.3438	439.12918	0.00041184798
0.014113627	2324	431.08969	0.00041187936
0.014188092	2248.7354	403.43213	0.00041191099
0.01426295	2266.9512	367.51068	0.00041194269
0.014338199	2225.4839	420.08997	0.00041197534
0.014413849	2160.1052	364.84308	0.00041200704
0.014489898	2159.7058	387.52423	0.00041204007
0.014566349	2113.1365	329.83197	0.00041207302
0.014643198	2083.8611	362.44608	0.00041210715
0.014720458	2052.0769	341.7674	0.00041214115
0.014798124	2007.0588	360.13297	0.00041217555
0.014876201	2001.3	328.78738	0.00041221123
0.014954689	1949.1	320.21109	0.00041224514
0.015033588	1921.9445	334.28262	0.00041228096
0.015112907	1861.0889	286.98206	0.00041231682
0.015192644	1871.4103	311.67685	0.00041235308
0.015272802	1825.9231	304.10263	0.0004123894
0.015353379	1793.9048	287.077	0.00041242578
0.015434384	1762.8108	302.07437	0.0004124642
0.015515818	1739.717	245.93951	0.00041250198
0.015597682	1690.75	294.07211	0.00041253917
0.015679976	1660.0488	269.12134	0.00041257843
0.015762702	1637.326	249.55984	0.00041261676
0.015845867	1615.3903	261.88065	0.00041265626
0.015929472	1586	236.31613	0.0004126961
0.016013518	1549.5476	247.97287	0.00041273583
0.016098002	1500.4255	226.05956	0.00041277695
0.016182937	1488.3334	221.76363	0.00041281627
0.01626832	1460.15	239.88364	0.00041285949
0.016354153	1434.4565	218.63976	0.00041290157
0.01644044	1410.0546	195.47014	0.00041294337
0.016527176	1379.2325	217.9467	0.00041298679
0.016614376	1351.4584	201.36818	0.00041303007
0.016702035	1322.38	192.80391	0.00041307375
0.016790157	1303.098	188.00812	0.00041311784
0.016878743	1276.0197	184.10147	0.00041316217
0.016967792	1248.4651	197.28334	0.00041320594
0.017057316	1207.8772	164.30331	0.00041325326
0.017147312	1203.3922	173.62222	0.0004132977
0.017237784	1172.5962	167.44684	0.00041334366
0.017328728	1142.0625	170.16721	0.00041339299
0.017420156	1123.1754	152.7939	0.00041344052
0.017512066	1104.5	157.72235	0.00041348668
0.017604461	1075.4231	153.56827	0.00041353729
0.017697345	1048.7213	137.66301	0.00041358371
0.017790712	1037.6888	160.0327	0.00041363394
0.017884579	1011.4737	137.59824	0.00041368403
0.01797894	977.74194	127.24671	0.00041373458
0.018073799	963.74072	134.90033	0.00041378519
0.018169153	942.77777	131.96594	0.00041383741
0.018265016	917.55554	118.42323	0.00041388767
0.018361384	900.86664	119.28661	0.00041394227
0.01845826	884.41382	119.21607	0.00041399384
0.018555649	859.5484	111.87214	0.00041404899
0.018653546	837.30646	108.97649	0.00041410374
0.018751962	814.90741	114.06712	0.00041415897
0.0188509	807.79688	103.40021	0.00041421448
0.01895036	773.0769	98.149612	0.00041427009
0.019050339	760.17188	97.304398	0.00041432717
0.019150849	743.95081	97.65731	0.00041438476
0.019251892	720.77612	90.074852	0.00041444265
0.019353468	704.46875	90.174133	0.0004144992
0.019455578	688.72858	84.123024	0.0004145597
0.019558223	670.55225	83.798218	0.00041461809
0.019661414	657.28125	84.133911	0.00041467859
0.01976515	637.81946	76.768387	0.00041473942
0.019869432	619.21741	76.203072	0.00041480057
0.01997426	594.90625	76.14534	0.00041486532
0.020079646	584.95947	69.408134	0.00041492653
0.02018559	571.22223	68.752563	0.00041498989
0.02029209	558.08826	69.205917	0.0004150524
0.020399153	543.55554	65.422646	0.00041511684
0.020506777	524.61841	61.389767	0.00041518474
0.020614972	511.25	61.534256	0.00041525112
0.02072374	496.35443	56.925682	0.00041531809
0.020833081	480.98529	59.64489	0.00041538311
0.020942992	465.11249	52.992744	0.00041545412
0.021053489	458.75641	52.963219	0.00041552138
0.02116457	441.05264	51.61161	0.00041559106
0.021276236	429	49.201031	0.00041566175
0.021388492	419.67441	46.058331	0.00041573236
0.021501334	403.92001	47.592384	0.00041580488
0.021614777	395.12195	44.447186	0.00041587595
0.021728819	383.79013	43.448418	0.0004159513
0.021843463	367.97501	41.925335	0.00041602473
0.021958705	360.88763	38.909924	0.00041610061
0.022074562	351.39774	38.108997	0.00041617639
0.022191029	338.48148	38.318943	0.00041625329
0.022308113	328.67441	36.071251	0.00041632849
0.022425812	316.06897	34.480667	0.00041640797
0.022544127	309.51135	33.566273	0.00041648769
0.022663072	298.19354	31.428255	0.00041656574
0.022782644	286.34833	30.872015	0.00041664651
0.022902848	279.35416	28.964184	0.00041672718
0.02302368	270.89011	28.873007	0.00041681045
0.023145156	263.81522	27.960535	0.00041689366
0.023267273	254.34445	27.264671	0.00041697753
0.023390032	245.52127	25.734152	0.00041706281
0.023513442	237.60825	24.504417	0.00041714753
0.023637494	231.20792	23.352873	0.00041723513
0.023762207	221.67677	22.621281	0.00041732113
0.02388758	216.79381	22.357813	0.00041741147
0.024013614	208.89	21.207024	0.00041749887
0.024140311	202.59616	20.156857	0.00041758851
0.024267672	194.24243	19.822422	0.00041768092
0.024395712	187.97273	18.170067	0.000417773
0.024524426	181.63	18.439547	0.00041786607
0.024653818	175.37273	16.952213	0.00041795964
0.024783889	169.44339	16.693977	0.00041805362
0.02491465	164.74257	16.639473	0.00041815176
0.025046103	159.19167	14.715966	0.00041824725
0.02517825	153.03738	15.004918	0.00041834507
0.025311092	148.76636	14.586021	0.00041844544
0.025444631	145.00909	14.017134	0.00041854454
0.025578879	139.31355	12.989847	0.00041864568
0.025713835	134.0354	12.77852	0.00041874815
0.025849504	129.29825	12.271256	0.00041885034
0.025985882	124.42742	11.310623	0.00041895598
0.026122987	121.11926	11.762877	0.00041906111
0.026260814	117.62016	10.477582	0.00041916783
0.026399368	112.57265	10.542292	0.00041927563
0.026538655	109.25	9.9309502	0.00041938134
0.026678668	105.30579	9.6932898	0.00041949426
0.026819428	101.51163	9.0426311	0.00041960328
0.02696093	99.214874	9.1325932	0.00041971551
0.027103178	94.933334	8.2622576	0.00041982802
0.027246172	93.685036	8.4123611	0.00041994336
0.027389925	90.022903	7.9562349	0.00042005716
0.027534436	87.477615	7.6423488	0.00042017605
0.027679712	85.669228	7.6012497	0.00042029217
0.027825752	82.573532	7.1594458	0.00042041039
0.027972557	80.671638	7.0477138	0.0004205321
0.028120143	77.567375	6.6024833	0.00042065384
0.028268509	74.633591	6.5961509	0.00042077678
0.028417656	73.590607	6.0899596	0.00042089794
0.028567582	71.225563	6.2463512	0.00042102658
0.028718308	68.288589	5.651195	0.00042115344
0.028869828	67.429581	5.7188697	0.00042128001
0.02902215	65.536423	5.3866591	0.00042140935
0.029175274	63.438354	5.3045206	0.00042153869
0.029329197	63.091503	5.1510391	0.00042167204
0.02948394	60.465279	5.0916605	0.00042180574
0.029639501	59.709877	4.7349954	0.00042193889
0.029795883	59.066666	4.8713708	0.00042207542
0.029953081	57	4.5928278	0.0004222127
0.030111117	56.259739	4.5780177	0.00042235156
0.030269986	54.94706	4.2516303	0.00042249236
0.030429695	54.111843	4.4326348	0.00042263384
0.030590244	53.476189	4.1628098	0.00042277633
0.030751634	51.805195	4.2155318	0.00042292025
0.030913882	51.165714	3.9010642	0.00042306882
0.031076988	50.855492	3.9001176	0.00042321451
0.031240953	49.853657	3.9287078	0.00042336274
0.031405777	49.430233	3.8020627	0.00042351248
0.031571474	48.373562	3.6989832	0.00042366752
0.03173805	48.436047	3.725553	0.00042382086
0.031905502	47.30899	3.5759797	0.00042397695
0.03207384	47.263737	3.5324292	0.00042412887
0.032243058	47.143677	3.604912	0.00042429205
0.032413173	46.161457	3.3575308	0.00042445312
0.03258419	45.36517	3.4290454	0.00042461135
0.032756109	45.139175	3.2659552	0.00042477465
0.032928932	44.825138	3.3408229	0.00042493874
0.033102661	44.203125	3.2150924	0.0004251106
0.033277314	44.030613	3.1692007	0.00042527544
0.033452887	43.594593	3.2312326	0.00042544605
0.033629388	43.107841	3.0403965	0.0004256168
0.033806812	43.627552	3.1401756	0.00042579186
0.033985179	42.965347	3.0455379	0.00042596777
0.034164488	42.549019	3.0009952	0.00042614521
0.034344744	42.940594	3.0437737	0.00042632496
0.034525953	41.875	2.8690672	0.00042649984
0.034708105	41.945274	2.9807403	0.00042668844
0.034891229	41.18182	2.7954652	0.00042687292
0.035075318	41.08411	2.8281827	0.00042705616
0.035260379	40.65258	2.8051407	0.00042724315
0.035446409	40.215858	2.6868844	0.00042743466
0.035633426	40.018604	2.7483268	0.00042762782
0.035821434	40.100456	2.7283449	0.00042782119
0.036010429	39.259739	2.5999122	0.00042801839
0.036200427	38.692642	2.5623376	0.00042821362
0.036391411	38.586956	2.5609713	0.0004284129
0.036583416	38.103897	2.5233643	0.00042861878
0.036776435	37.76395	2.4899459	0.00042882
0.036970474	36.845528	2.3635318	0.00042902352
0.037165523	36.995743	2.4287636	0.00042923403
0.037361611	36.178425	2.3449707	0.0004294448
0.037558734	35.86166	2.2679858	0.00042965813
0.037756901	36.414227	2.3702457	0.00042987167
0.037956107	35.019157	2.1801016	0.00043008424
0.03815636	34.709679	2.2174165	0.00043030802
0.038357675	34.388237	2.1661439	0.00043052656
0.038560055	33.244095	2.0982347	0.00043075046
0.038763504	33.410446	2.0522745	0.00043097307
0.038968012	32.853283	2.0532143	0.00043120381
0.039173611	32.294544	1.9580468	0.00043143486
0.039380297	31.452829	1.9430633	0.00043166702
0.039588071	30.934307	1.87904	0.00043190189
0.039796941	30.303249	1.8306019	0.0004321335
0.040006902	29.893993	1.7864312	0.00043237975
0.040217984	29.268656	1.7978766	0.00043261849
0.040430181	28.921232	1.701179	0.00043286619
0.040643495	28.351171	1.6478049	0.0004331072
0.040857922	27.470589	1.6242931	0.00043335947
0.041073494	26.804794	1.5766754	0.00043361125
0.041290201	26.736301	1.5726528	0.00043386588
0.041508052	26.198051	1.5000304	0.00043412336
0.041727055	25.483109	1.4886693	0.00043437953
0.041947197	24.766233	1.4180379	0.00043464534
0.042168517	24.03492	1.3606436	0.0004349098
0.042391002	23.35873	1.3223643	0.00043517374
0.042614661	22.826366	1.3005846	0.00043544156
0.04283949	22.071875	1.2396132	0.00043571662
0.043065514	21.918751	1.2310171	0.00043599296
0.043292735	21.166162	1.1686457	0.00043626709
0.043521151	20.797546	1.1571448	0.0004365521
0.043750774	20.318453	1.1133878	0.00043683228
0.043981593	19.738235	1.075156	0.00043711904
0.044213645	19.20944	1.0479023	0.00043740889
0.044446923	18.354839	0.99832141	0.00043770095
0.04468143	17.892754	0.96747482	0.00043799347
0.044917163	17.262295	0.90599072	0.00043829356
0.045154147	16.623564	0.89493358	0.00043859595
0.045392387	16.480227	0.87960464	0.00043889624
0.045631882	15.749311	0.83001238	0.00043920323
0.04587264	15.374346	0.78968686	0.00043951068
0.046114657	14.605556	0.77296358	0.00043982686
0.046357963	14.739838	0.77042192	0.00044014264
0.046602551	14.039682	0.72495723	0.00044046264
0.046848431	13.741602	0.70120621	0.00044078249
0.047095612	13.253769	0.66682404	0.00044110353
0.047344077	12.746114	0.65125513	0.00044143377
0.047593873	12.52551	0.63502777	0.00044176777
0.04784498	12.020202	0.60629785	0.00044210107
0.048097417	11.916049	0.59428203	0.00044243646
0.048351172	11.512196	0.57060146	0.00044278102
0.048606277	11.230024	0.55457413	0.00044312366
0.048862729	11.153111	0.54745108	0.0004434757
0.049120534	10.743961	0.52992547	0.0004438278
0.049379699	10.451536	0.50994617	0.00044417707
0.04964022	10.387991	0.50092006	0.00044453912
0.049902126	10.062356	0.48521316	0.00044490185
0.050165415	9.8831463	0.47005939	0.00044526812
0.050430093	9.7312069	0.4660098	0.00044563063
0.050696153	9.5222225	0.45035562	0.00044600811
0.050963633	9.1895428	0.43030798	0.00044638428
0.05123252	9.1081676	0.42933166	0.00044676609
0.051502831	9.0108223	0.42055967	0.00044714962
0.051774565	8.7521191	0.40410706	0.00044753379
0.052047718	8.8747349	0.41020721	0.0004479264
0.052322328	8.5838509	0.39177233	0.00044832213
0.052598387	8.5279503	0.38922015	0.00044872161
0.052875903	8.3950615	0.38196081	0.00044911742
0.053154867	8.3577232	0.37791839	0.00044952764
0.053435314	8.3714857	0.37624198	0.00044994405
0.053717248	8.2716293	0.37212664	0.00045035448
0.054000665	8.1686049	0.36062679	0.00045077424
0.054285578	8.049407	0.3588796	0.0004511927
0.054571979	8.0710173	0.3545953	0.00045162454
0.054859906	7.9588013	0.34535792	0.00045205277
0.055149354	7.9396229	0.34583262	0.00045248834
0.055440329	7.9514017	0.34471339	0.00045292368
0.055732824	7.786232	0.33228412	0.00045337158
0.056026876	7.6985021	0.33406034	0.00045381591
0.056322478	7.6840215	0.32643989	0.00045426874
0.05661964	7.5168142	0.31705317	0.00045472343
0.056918375	7.6332736	0.32369894	0.00045517797
0.057218663	7.5259514	0.31383216	0.00045564974
0.057520557	7.390625	0.30872187	0.00045611916
0.057824042	7.3586206	0.30631974	0.00045659384
0.058129128	7.1986418	0.29735002	0.00045706501
0.058435809	7.2951908	0.29780322	0.00045755264
0.058744121	7.2672267	0.29865828	0.00045804121
0.059054062	7.0831976	0.28677061	0.00045853405
0.059365638	7.0405846	0.28434417	0.00045902791
0.059678856	6.932476	0.27861863	0.00045952605
0.059993714	6.7721519	0.2700063	0.00046003648
0.060310245	6.4786053	0.25850496	0.00046054574
0.060628448	6.6984377	0.26538041	0.00046106274
0.060948331	6.5296803	0.25531182	0.00046157843
0.061269883	6.3620954	0.2502943	0.00046211126
0.061593153	6.2301941	0.2413948	0.00046263836
0.061918125	6.1079025	0.2386364	0.00046317445
0.06224481	5.9825835	0.22839695	0.0004637118
0.062573217	5.9094892	0.22626621	0.00046425132
0.062903345	5.8505082	0.22335614	0.00046481474
0.063235231	5.6298985	0.21493253	0.00046536495
0.063568868	5.4220057	0.20275475	0.00046592636
0.063904263	5.2584743	0.19802846	0.00046649485
0.064241432	5.2752419	0.19658045	0.0004670608
0.064580359	5.2336578	0.195576	0.00046764349
0.064921089	5.1442175	0.1901193	0.00046822854
0.065263622	4.9259257	0.17949431	0.00046881594
0.065607958	4.747004	0.17355223	0.00046939921
0.065954097	4.6526866	0.16875619	0.00047000355
0.066302076	4.4126148	0.16025759	0.00047061034
0.066651896	4.3265305	0.15480012	0.00047121951
0.067003556	4.3187661	0.15511936	0.00047182958
0.067357071	4.318296	0.15313904	0.00047244859
0.067712441	4.1893268	0.14960232	0.00047308
0.068069696	4.0172625	0.14131211	0.00047371391
0.068428837	3.9010856	0.13572122	0.00047434893
0.068789877	3.8612785	0.13433743	0.00047499422
0.069152802	3.706167	0.12909654	0.0004756508
0.069517657	3.7832744	0.13005722	0.00047630354
0.069884442	3.5857987	0.12355969	0.00047696527
0.070253156	3.5418098	0.12006512	0.00047763725
0.070623823	3.5293441	0.11991818	0.0004782977
0.070996419	3.4805491	0.11792129	0.00047898781
0.071371004	3.5044844	0.11752495	0.00047967798
0.071747571	3.3487349	0.11124047	0.00048036815
0.072126113	3.3715546	0.11212383	0.00048106621
0.072506644	3.309967	0.10971199	0.00048177742
0.072889194	3.1760259	0.10452869	0.00048248502
0.073273763	3.2124736	0.10460057	0.00048320691
0.073660366	3.1915343	0.10397397	0.00048393154
0.074049003	3.020452	0.09924724	0.00048465261
0.074439675	3.0869086	0.10254268	0.00048539875
0.074832425	3.027957	0.099439353	0.00048614768
0.075227253	3.0086021	0.098803535	0.0004868994
0.07562416	3.075	0.10153395	0.00048765118
0.076023139	3.0387514	0.099847317	0.00048842124
0.076424249	2.9787459	0.097247921	0.00048919849
0.076827466	3.0139484	0.098873191	0.00048997428
0.077232815	2.9540107	0.096749619	0.00049076474
0.07764031	2.9443278	0.095565572	0.00049154973
0.078049928	2.912998	0.094449684	0.00049235078
0.078461722	2.8544502	0.092501953	0.00049316377
0.078875698	2.8676319	0.092349611	0.00049397687
0.07929185	2.913811	0.094032221	0.00049479573
0.079710186	2.7899072	0.08966174	0.00049562537
0.080130741	2.7484725	0.087831102	0.00049646699
0.080553524	2.7288482	0.087247841	0.00049731781
0.080978535	2.6978853	0.085733406	0.00049816218
0.081405781	2.7679112	0.088048019	0.00049901853
0.08183527	2.6748769	0.084074028	0.00049988605
0.082267039	2.599005	0.082095683	0.00050076278
0.082701087	2.6051846	0.082372867	0.00050164835
0.08313743	2.583899	0.080580212	0.00050252839
0.083576046	2.5452776	0.079530396	0.00050343754
0.084017001	2.5376549	0.078454077	0.00050434086
0.084460288	2.3694391	0.073783301	0.00050525344
0.084905908	2.3895237	0.073838048	0.00050617789
0.085353881	2.4117091	0.074205525	0.00050709367
0.085804194	2.3932583	0.073326908	0.00050804217
0.086256906	2.2813084	0.069829047	0.00050899101
0.08671201	2.321594	0.070766181	0.00050993706
0.087169506	2.2405877	0.067981318	0.00051089528
0.0876294	2.2447102	0.068168558	0.00051187165
0.088091746	2.1296959	0.063770786	0.00051285134
0.088556528	2.1324325	0.064082593	0.00051384035
0.089023761	2.0895391	0.062289558	0.00051483273
0.089493461	2.0837004	0.061922703	0.0005158342
0.089965612	2.1318583	0.063494056	0.00051685446
0.090440281	2.0060501	0.059044391	0.00051787798
0.090917453	1.9555556	0.058373019	0.00051890506
0.091397144	1.9902482	0.059328783	0.00051995035
0.09187936	1.9183674	0.058500148	0.00052098726
0.092364103	1.9125338	0.057498813	0.0005220492
0.092851423	1.9539595	0.059365056	0.0005231204
0.093341321	1.8684453	0.056740403	0.00052419514
0.093833797	1.8490393	0.055995703	0.00052526745
0.094328851	1.8258004	0.056096166	0.00052637403
0.094826542	1.8128973	0.054701656	0.00052747206
0.095326856	1.7951583	0.05484521	0.00052859145
0.095829807	1.8634686	0.056668282	0.0005297123
0.096335419	1.8051471	0.054792944	0.00053082715
0.096843667	1.7550459	0.053223379	0.0005319888
0.097354628	1.7754911	0.054371338	0.00053313305
0.097868279	1.7256153	0.052162703	0.00053429609
0.098384641	1.7826887	0.054161314	0.0005354507
0.098903701	1.6854243	0.051253144	0.00053664664
0.099425532	1.6736939	0.050732438	0.00053783099
0.099950112	1.7114155	0.051780723	0.000539031
0.10047746	1.6954546	0.051180828	0.00054023234
0.10100757	1.6512915	0.050213978	0.00054146483
0.1015405	1.7317073	0.052109256	0.0005426865
0.10207622	1.7060415	0.051289614	0.00054393377
0.10261479	1.6675676	0.050110187	0.00054517592
0.10315619	1.5844625	0.047677085	0.00054643501
0.10370044	1.6452465	0.04886933	0.00054770667
0.10424757	1.5661566	0.047040753	0.00054899201
0.10479759	1.6413428	0.04883926	0.00055028219
0.10535051	1.5636201	0.046859495	0.00055158173
0.10590634	1.5215479	0.045173537	0.00055289618
0.10646511	1.5946903	0.047491658	0.00055421662
0.10702682	1.5799127	0.04674219	0.00055555551
0.1075915	1.4890447	0.044130519	0.00055689696
0.10815915	1.5274336	0.045488741	0.00055825914
0.10872981	1.4663212	0.043135889	0.00055962522
0.10930347	1.4688041	0.043284021	0.00056100666
0.10988016	1.466087	0.043279577	0.000562392
0.1104599	1.4053357	0.041270606	0.00056379003
0.11104269	1.4906143	0.043587036	0.00056520716
0.11162856	1.4849527	0.043590371	0.00056661788
0.11221751	1.3864027	0.040713165	0.0005680708
0.11280958	1.4543918	0.042311586	0.00056950125
0.11340477	1.4062765	0.040998235	0.00057097245
0.1140031	1.4269855	0.041744512	0.00057243346
0.11460458	1.3839061	0.040107742	0.00057391933
0.11520924	1.3465097	0.039089661	0.00057540921
0.1158171	1.3553512	0.039231151	0.00057691365
0.11642814	1.3572023	0.039202135	0.00073771627
0.11704243	1.3524522	0.039032027	0.00074041099
0.11765995	1.3062913	0.037620977	0.00074312667
0.11828073	1.3751017	0.039263073	0.000745859
0.11890478	1.3057584	0.037221894	0.00074862491
0.11953213	1.2483975	0.035371229	0.00075140147
0.1201628	1.3144499	0.037700668	0.00075416989
0.12079677	1.3213321	0.039684772	0.00075700297
0.12143411	1.1640927	0.03620765	0.00075982162
0.12207479	1.2439516	0.039542072	0.00076268456
0.12271887	1.2713833	0.041365191	0.0007655393
0.12336633	1.2668136	0.042118661	0.00076844008
0.12401722	1.2121897	0.040779602	0.00077134132
0.12467154	1.2295858	0.042359143	0.00077133736
