#   DataFileName=25janv24_010.tif
#   DataFileType=.tif
#   
#   DataFilePath=D:SAXS-Cu:Claire:SAXS Cu 2024:20240125:
#   
#   Processed on=ven. 26 janv. 2024,08:52:57
#   Units=Arbitrary
#   SampleThickness=2.9
#   SampleTransmission=0.36738
#   CorrectionFactor=2.72
#   SampleMeasurementTime=1
#   EmptyMeasurementTime=1
#   BackgroundMeasTime=1
#   SampleI0=3600
#   EmptyI0=1
#   Nika_SampleToDetectorDistacne=1616
#   Nika_Wavelength=1.542
#   Nika_XrayEnergy=8.0405
#   Nika_PixelSizeX=0.172
#   Nika_PixelSizeY=0.172
#   Nika_HorizontalTilt=0
#   Nika_VerticalTilt=0
#   Nika_BeamCenterX=277.17
#   Nika_BeamCenterY=169.37
#   Nika_BeamSizeX=0
#   Nika_BeamSizeY=0
#   CalibrationFormula=1*((Sa2D))
#   CurrentMaskFileName=jan24_mask.hdf
#   QvectorMaxNumPnts=0
#   QvectorNumberPoints=500
#   CircularAverage=1
#   PolarizationCorrection=None
#   UncertainityCalculationMethod=OldNikaMethod

0.0090713194	7734.4209	1927.104	0.00041012454
0.0091191828	7810.5	2155.8867	0.00041013741
0.009167294	7729.4287	2315.5154	0.00041015071
0.0092156595	7666.7144	2296.719	0.00041016436
0.0092642847	7684.2729	2686.4102	0.00041017766
0.0093131615	7611.4209	1896.615	0.00041019166
0.0093623018	7545.5884	2008.2135	0.00041020423
0.0094116954	7126.2856	2132.4324	0.00041021823
0.0094613498	7384.5713	1735.9631	0.00041023357
0.0095112715	7322.25	2021.1106	0.00041024663
0.0095614512	7210.1816	2520.686	0.00041026229
0.0096119009	7152.25	1974.1917	0.00041027571
0.0096626123	7131.4443	1834.542	0.00041029038
0.0097135901	7122.1499	1722.3041	0.0004103065
0.0097648427	7000.6431	2097.1763	0.00041032035
0.0098163607	6959.1177	1852.1294	0.00041033557
0.0098681506	6913.25	1908.2244	0.00041035117
0.009920218	6853.6313	1707.7904	0.00041036645
0.0099725556	6711.25	1852.3711	0.00041038232
0.010025172	6599.6841	1644.4277	0.00041039812
0.010078066	6628.5498	1602.9413	0.00041041418
0.010131239	6622.3125	1827.9102	0.00041042943
0.010184692	6554.0527	1633.1368	0.00041044565
0.010238425	6451.6001	1852.1454	0.00041046331
0.010292444	6428.6958	1434.3799	0.00041047813
0.010346748	6152.6313	1532.2498	0.00041049506
0.010401339	6290.2632	1567.41	0.00041051209
0.010456217	6209.9331	1782.7549	0.00041052917
0.010511382	6170.3809	1450.5312	0.00041054678
0.010566842	6107.5454	1397.8224	0.00041056532
0.010622594	6056.5625	1671.7538	0.00041058313
0.01067864	5963.9629	1215.5077	0.00041059998
0.010734978	5894.0625	1626.8882	0.00041061838
0.010791617	5869.4092	1343.3157	0.00041063668
0.010848555	5801	1492.2822	0.00041065528
0.010905793	5754.8262	1284.0197	0.00041067408
0.010963334	5587.6499	1351.2037	0.0004106928
0.011021174	5636.3335	1227.504	0.00041071215
0.011079323	5527.0498	1336.5707	0.00041073147
0.011137779	5482.9092	1254.8534	0.00041075103
0.011196543	5384.0869	1201.2968	0.00041077062
0.011255614	5341.8799	1136.8201	0.00041079085
0.011315	5076.5884	1350.2968	0.00041081096
0.011374699	5210.2085	1134.7043	0.00041083139
0.011434713	5158.3706	1051.3159	0.00041085103
0.011495044	5129	1240.3118	0.00041087266
0.01155569	4973.6152	1035.2783	0.00041089294
0.011616659	4972.0869	1109.377	0.00041091512
0.01167795	4920.5654	1097.8774	0.00041093573
0.011739564	4857.7002	1174.7053	0.0004109572
0.0118015	4782.7002	919.29034	0.00041098031
0.011863766	4744.0801	1009.5981	0.00041100153
0.01192636	4645.5	1011.709	0.00041102397
0.011989285	4628.9165	1008.1051	0.00041104658
0.012052542	4550.0356	908.70007	0.00041106931
0.01211613	4488.7915	977.59064	0.00041109262
0.012180055	4427.4546	1013.2939	0.00041111599
0.012244319	4282.2188	794.19763	0.0004111396
0.012308921	4339.8799	923.5813	0.00041116439
0.012373864	4287.2729	981.21436	0.00041118739
0.012439147	4207.394	767.3822	0.00041121195
0.012504777	4098.625	760.21204	0.00041123654
0.012570753	4091.2917	891.01801	0.00041126151
0.012637078	3999.5	798.75354	0.0004112864
0.012703749	3952.9131	881.97095	0.00041131204
0.012770776	3916.147	702.68738	0.00041133765
0.012838155	3841.7144	767.23248	0.0004113637
0.012905891	3770.9678	711.8194	0.00041138986
0.012973984	3727.625	811.8194	0.00041141611
0.013042432	3686.6365	672.39929	0.00041144318
0.013111246	3600.7334	692.10217	0.00041147019
0.013180422	3495.75	648.32898	0.0004114976
0.013249964	3498.8262	780.65625	0.00041152394
0.013319868	3437.8684	580.66583	0.00041155313
0.013390145	3396	641.03943	0.00041158128
0.013460793	3291.9666	632.72003	0.00041160986
0.013531813	3267.9678	616.8725	0.00041163864
0.013603209	3222.8057	560.54279	0.00041166658
0.013674977	3165.4285	632.1781	0.00041169624
0.013747128	3114.5676	533.71576	0.00041172598
0.013819659	3025.9119	542.93628	0.00041175602
0.013892573	3004.3	577.46179	0.00041178599
0.013965867	2948.6584	478.02628	0.00041181617
0.014039554	2897.2188	537.41351	0.00041184798
0.014113627	2843.0938	527.37512	0.00041187936
0.014188092	2762.647	495.64655	0.00041191099
0.01426295	2724.2927	441.65274	0.00041194269
0.014338199	2680.7419	506.02365	0.00041197534
0.014413849	2588.6316	437.21167	0.00041200704
0.014489898	2602.353	466.94708	0.00041204007
0.014566349	2536.2273	395.86942	0.00041207302
0.014643198	2469.0833	429.44562	0.00041210715
0.014720458	2435.5129	405.62558	0.00041214115
0.014798124	2365.353	424.42123	0.00041217555
0.014876201	2344.425	385.15793	0.00041221123
0.014954689	2293.05	376.71594	0.00041224514
0.015033588	2238.4722	389.33463	0.00041228096
0.015112907	2159.7556	333.04813	0.00041231682
0.015192644	2143.8206	357.04602	0.00041235308
0.015272802	2100.4102	349.8161	0.0004123894
0.015353379	2046.6666	327.52426	0.00041242578
0.015434384	1989.973	340.9928	0.0004124642
0.015515818	1963.6038	277.5881	0.00041250198
0.015597682	1904.5555	331.25812	0.00041253917
0.015679976	1867.7073	302.78558	0.00041257843
0.015762702	1818.6957	277.20468	0.00041261676
0.015845867	1784.9025	289.36005	0.00041265626
0.015929472	1736.0834	258.67783	0.0004126961
0.016013518	1692.4048	270.83459	0.00041273583
0.016098002	1643.0426	247.55338	0.00041277695
0.016182937	1614.7709	240.60202	0.00041281627
0.01626832	1580.3	259.61993	0.00041285949
0.016354153	1529.6305	233.14264	0.00041290157
0.01644044	1490.3455	206.59991	0.00041294337
0.016527176	1453.4884	229.67978	0.00041298679
0.016614376	1413.9375	210.67743	0.00041303007
0.016702035	1377.62	200.85789	0.00041307375
0.016790157	1344.3922	193.96449	0.00041311784
0.016878743	1303.7451	188.1006	0.00041316217
0.016967792	1274.093	201.33252	0.00041320594
0.017057316	1223.5264	166.43477	0.00041325326
0.017147312	1194.0392	172.27232	0.0004132977
0.017237784	1154.8846	164.9167	0.00041334366
0.017328728	1130.2084	168.39992	0.00041339299
0.017420156	1089.8422	148.25887	0.00041344052
0.017512066	1067.3462	152.41653	0.00041348668
0.017604461	1034.5769	147.73572	0.00041353729
0.017697345	993.78687	130.45137	0.00041358371
0.017790712	976.24445	150.55545	0.00041363394
0.017884579	939.22809	127.76953	0.00041368403
0.01797894	914.08063	118.96197	0.00041373458
0.018073799	879.51849	123.10967	0.00041378519
0.018169153	855.31482	119.72313	0.00041383741
0.018265016	823.73016	106.31348	0.00041388767
0.018361384	795.43335	105.32478	0.00041394227
0.01845826	772.27588	104.09914	0.00041399384
0.018555649	752.72583	97.968102	0.00041404899
0.018653546	722.5	94.033676	0.00041410374
0.018751962	696.55554	97.500496	0.00041415897
0.0188509	679.48438	86.974831	0.00041421448
0.01895036	638.32306	81.041245	0.00041427009
0.019050339	619.8125	79.33712	0.00041432717
0.019150849	602.08197	79.033379	0.00041438476
0.019251892	578.70148	72.318642	0.00041444265
0.019353468	558.42188	71.479118	0.0004144992
0.019455578	537.64288	65.668404	0.0004145597
0.019558223	516.17908	64.505684	0.00041461809
0.019661414	500.40625	64.053093	0.00041467859
0.01976515	481.91666	58.00346	0.00041473942
0.019869432	457.91306	56.351734	0.00041480057
0.01997426	437.51562	56.000053	0.00041486532
0.020079646	424.91891	50.418106	0.00041492653
0.02018559	409.30554	49.26366	0.00041498989
0.02029209	392.38235	48.656872	0.0004150524
0.020399153	379.86111	45.719746	0.00041511684
0.020506777	357.46054	41.829281	0.00041518474
0.020614972	343.19446	41.306709	0.00041525112
0.02072374	332.20255	38.099281	0.00041531809
0.020833081	312.80884	38.789249	0.00041538311
0.020942992	300.86249	34.278778	0.00041545412
0.021053489	291.58975	33.663422	0.00041552138
0.02116457	276.60526	32.367374	0.00041559106
0.021276236	266.75949	30.593559	0.00041566175
0.021388492	252.82558	27.746735	0.00041573236
0.021501334	242.81334	28.609539	0.00041580488
0.021614777	233.32927	26.246799	0.00041587595
0.021728819	221.60493	25.087183	0.0004159513
0.021843463	213.8	24.359142	0.00041602473
0.021958705	203.39326	21.92911	0.00041610061
0.022074562	193.70454	21.006838	0.00041617639
0.022191029	183.8642	20.814579	0.00041625329
0.022308113	180.25581	19.782297	0.00041632849
0.022425812	169.90805	18.535513	0.00041640797
0.022544127	162.27272	17.598057	0.00041648769
0.022663072	154.96774	16.332617	0.00041656574
0.022782644	148.61798	16.022625	0.00041664651
0.022902848	141.13542	14.633112	0.00041672718
0.02302368	135.79121	14.473051	0.00041681045
0.023145156	130.13043	13.791648	0.00041689366
0.023267273	125.66666	13.470781	0.00041697753
0.023390032	119.04256	12.477186	0.00041706281
0.023513442	114.79382	11.838334	0.00041714753
0.023637494	110.49505	11.160152	0.00041723513
0.023762207	105.50505	10.766321	0.00041732113
0.02388758	103.68041	10.692279	0.00041741147
0.024013614	99.900002	10.141973	0.00041749887
0.024140311	97.67308	9.7176199	0.00041758851
0.024267672	92.040405	9.3924885	0.00041768092
0.024395712	89.709091	8.6715136	0.000417773
0.024524426	86.879997	8.8201599	0.00041786607
0.024653818	84.581818	8.1757936	0.00041795964
0.024783889	81.037735	7.9839749	0.00041805362
0.02491465	80.10891	8.0911312	0.00041815176
0.025046103	76.675003	7.0878344	0.00041824725
0.02517825	75.887848	7.4404826	0.00041834507
0.025311092	74.121498	7.2672415	0.00041844544
0.025444631	73.227272	7.0782471	0.00041854454
0.025578879	72.296608	6.7409835	0.00041864568
0.025713835	70.628319	6.7333565	0.00041874815
0.025849504	70.429825	6.6840897	0.00041885034
0.025985882	69.30645	6.2999339	0.00041895598
0.026122987	67.669724	6.5718327	0.00041906111
0.026260814	67.976746	6.0552449	0.00041916783
0.026399368	67.794868	6.348887	0.00041927563
0.026538655	66.483871	6.0433903	0.00041938134
0.026678668	66.52066	6.1230817	0.00041949426
0.026819428	66.317833	5.9075336	0.00041960328
0.02696093	66.380165	6.110158	0.00041971551
0.027103178	66.874077	5.8201342	0.00041982802
0.027246172	65.322838	5.8655424	0.00041994336
0.027389925	65.816795	5.8169131	0.00042005716
0.027534436	65.253731	5.7007709	0.00042017605
0.027679712	66.315384	5.8840022	0.00042029217
0.027825752	66.345589	5.7524152	0.00042041039
0.027972557	67.552238	5.9015903	0.0004205321
0.028120143	67.148933	5.7156525	0.00042065384
0.028268509	67.786263	5.9909573	0.00042077678
0.028417656	67.543625	5.5895452	0.00042089794
0.028567582	68.751877	6.0293889	0.00042102658
0.028718308	68.026848	5.6295395	0.00042115344
0.028869828	68.781693	5.8334818	0.00042128001
0.02902215	68.635765	5.6414108	0.00042140935
0.029175274	69.684929	5.8268723	0.00042153869
0.029329197	69.699348	5.690515	0.00042167204
0.02948394	69.881943	5.8846416	0.00042180574
0.029639501	69.851852	5.5392427	0.00042193889
0.029795883	69.826668	5.75877	0.00042207542
0.029953081	70.656052	5.6932492	0.0004222127
0.030111117	70.5	5.736793	0.00042235156
0.030269986	70.800003	5.4783454	0.00042249236
0.030429695	70.046051	5.7379508	0.00042263384
0.030590244	70.422623	5.4820752	0.00042277633
0.030751634	71.487015	5.8171353	0.00042292025
0.030913882	69.908569	5.330194	0.00042306882
0.031076988	69.988441	5.3675504	0.00042321451
0.031240953	71.640244	5.6456647	0.00042336274
0.031405777	70.848839	5.449604	0.00042351248
0.031571474	71.41954	5.4612746	0.00042366752
0.03173805	70.319771	5.4088774	0.00042382086
0.031905502	69.466293	5.2508745	0.00042397695
0.03207384	69.291206	5.1787863	0.00042412887
0.032243058	69.425285	5.3087926	0.00042429205
0.032413173	69.239586	5.0361838	0.00042445312
0.03258419	67.730339	5.1196437	0.00042461135
0.032756109	67.572166	4.8891063	0.00042477465
0.032928932	67.049179	4.9972787	0.00042493874
0.033102661	66.963539	4.8706436	0.0004251106
0.033277314	66.31633	4.773304	0.00042527544
0.033452887	64.681084	4.7942162	0.00042544605
0.033629388	63.906864	4.5074377	0.0004256168
0.033806812	64.020409	4.6080627	0.00042579186
0.033985179	62.811882	4.4523826	0.00042596777
0.034164488	62.039215	4.3757071	0.00042614521
0.034344744	61.60891	4.3671107	0.00042632496
0.034525953	59.694443	4.0900111	0.00042649984
0.034708105	58.60199	4.1644468	0.00042668844
0.034891229	57.513638	3.9041119	0.00042687292
0.035075318	55.649532	3.8308773	0.00042705616
0.035260379	55.056339	3.7990761	0.00042724315
0.035446409	54.444935	3.637569	0.00042743466
0.035633426	53.195351	3.6532805	0.00042762782
0.035821434	51.493149	3.5034981	0.00042782119
0.036010429	51.341991	3.4000485	0.00042801839
0.036200427	49.281384	3.2635968	0.00042821362
0.036391411	48.099998	3.1923511	0.0004284129
0.036583416	47.203465	3.1259732	0.00042861878
0.036776435	45.364807	2.9911296	0.00042882
0.036970474	43.609756	2.7974348	0.00042902352
0.037165523	41.95319	2.75423	0.00042923403
0.037361611	41.701244	2.7029686	0.0004294448
0.037558734	40.513832	2.5622003	0.00042965813
0.037756901	38.405857	2.4998853	0.00042987167
0.037956107	37.295021	2.3217764	0.00043008424
0.03815636	35.895161	2.2931316	0.00043030802
0.038357675	34.611763	2.1802437	0.00043052656
0.038560055	33.665356	2.1248307	0.00043075046
0.038763504	32.932835	2.0229533	0.00043097307
0.038968012	31.073359	1.9419793	0.00043120381
0.039173611	29.48	1.7873909	0.00043143486
0.039380297	28.033962	1.731856	0.00043166702
0.039588071	27.503649	1.6706458	0.00043190189
0.039796941	25.927797	1.5662689	0.0004321335
0.040006902	24.908127	1.488464	0.00043237975
0.040217984	23.787313	1.4611592	0.00043261849
0.040430181	23.075342	1.3572949	0.00043286619
0.040643495	21.515051	1.2504654	0.0004331072
0.040857922	20.916956	1.2367721	0.00043335947
0.041073494	20.109589	1.1828525	0.00043361125
0.041290201	18.900684	1.1117399	0.00043386588
0.041508052	18.012987	1.031354	0.00043412336
0.041727055	17.628378	1.0297898	0.00043437953
0.041947197	17.220779	0.98599523	0.00043464534
0.042168517	16.146032	0.91402441	0.0004349098
0.042391002	15.561905	0.88096762	0.00043517374
0.042614661	14.993569	0.85427719	0.00043544156
0.04283949	14.2	0.79749811	0.00043571662
0.043065514	13.775	0.77362019	0.00043599296
0.043292735	13.570997	0.74927759	0.00043626709
0.043521151	13.242332	0.7367655	0.0004365521
0.043750774	12.848214	0.70402771	0.00043683228
0.043981593	12.714705	0.69256383	0.00043711904
0.044213645	12.359882	0.67423517	0.00043740889
0.044446923	12.093842	0.65777206	0.00043770095
0.04468143	12.023189	0.65009093	0.00043799347
0.044917163	11.590164	0.60827905	0.00043829356
0.045154147	11.477012	0.61785638	0.00043859595
0.045392387	11.39548	0.60819894	0.00043889624
0.045631882	11.559229	0.6091767	0.00043920323
0.04587264	11.353403	0.58314264	0.00043951068
0.046114657	11.386111	0.60257572	0.00043982686
0.046357963	11.411924	0.59646845	0.00044014264
0.046602551	11.31746	0.58439058	0.00044046264
0.046848431	11.397933	0.5816046	0.00044078249
0.047095612	11.572865	0.5822553	0.00044110353
0.047344077	11.784974	0.60214359	0.00044143377
0.047593873	11.545918	0.58535969	0.00044176777
0.04784498	11.969697	0.60375148	0.00044210107
0.048097417	11.856791	0.59132689	0.00044243646
0.048351172	11.919512	0.59079289	0.00044278102
0.048606277	11.864407	0.58590293	0.00044312366
0.048862729	11.892344	0.58373308	0.0004434757
0.049120534	11.908213	0.58735323	0.0004438278
0.049379699	11.990543	0.58504659	0.00044417707
0.04964022	11.976905	0.5775401	0.00044453912
0.049902126	12.163972	0.58656079	0.00044490185
0.050165415	12.2	0.58026177	0.00044526812
0.050430093	11.945331	0.57204401	0.00044563063
0.050696153	12.508889	0.59161943	0.00044600811
0.050963633	12.100218	0.56661117	0.00044638428
0.05123252	12.013245	0.56627691	0.00044676609
0.051502831	12.216451	0.57018691	0.00044714962
0.051774565	11.923729	0.55055559	0.00044753379
0.052047718	11.912951	0.55065042	0.0004479264
0.052322328	11.573499	0.52822554	0.00044832213
0.052598387	11.598344	0.52936232	0.00044872161
0.052875903	11.351851	0.5164969	0.00044911742
0.053154867	11.060976	0.50016588	0.00044952764
0.053435314	11.008032	0.49474424	0.00044994405
0.053717248	10.712274	0.48193914	0.00045035448
0.054000665	10.366279	0.45765486	0.00045077424
0.054285578	10.065217	0.4487569	0.0004511927
0.054571979	9.7869482	0.42998981	0.00045162454
0.054859906	9.5262175	0.41337693	0.00045205277
0.055149354	9.4358492	0.41100556	0.00045248834
0.055440329	9.2261686	0.39997962	0.00045292368
0.055732824	8.73913	0.37295166	0.00045337158
0.056026876	8.6404495	0.37493983	0.00045381591
0.056322478	8.4739676	0.36000124	0.00045426874
0.05661964	8.0884953	0.34116855	0.00045472343
0.056918375	7.7423973	0.32832915	0.00045517797
0.057218663	7.6453285	0.31881076	0.00045564974
0.057520557	7.1440973	0.29842535	0.00045611916
0.057824042	6.8120689	0.28356719	0.00045659384
0.058129128	6.6315789	0.27392623	0.00045706501
0.058435809	6.4510779	0.26334238	0.00045755264
0.058744121	6.1899161	0.25438038	0.00045804121
0.059054062	6.1027732	0.24707317	0.00045853405
0.059365638	5.8814936	0.23753047	0.00045902791
0.059678856	5.7717042	0.23195961	0.00045952605
0.059993714	5.5379748	0.22079112	0.00046003648
0.060310245	5.2931852	0.21120116	0.00046054574
0.060628448	5.1546874	0.20421724	0.00046106274
0.060948331	4.9452057	0.19335374	0.00046157843
0.061269883	4.9583974	0.19506322	0.00046211126
0.061593153	4.8938713	0.18961498	0.00046263836
0.061918125	4.7492399	0.18555038	0.00046317445
0.06224481	4.5994196	0.17558846	0.0004637118
0.062573217	4.4510951	0.17042112	0.00046425132
0.062903345	4.5312047	0.17298286	0.00046481474
0.063235231	4.5253992	0.17276289	0.00046536495
0.063568868	4.401114	0.16457513	0.00046592636
0.063904263	4.3361583	0.16329172	0.00046649485
0.064241432	4.3679113	0.16276585	0.0004670608
0.064580359	4.2002783	0.15695593	0.00046764349
0.064921089	4.2639456	0.15758455	0.00046822854
0.065263622	4.3068781	0.15693635	0.00046881594
0.065607958	4.2862849	0.15670599	0.00046939921
0.065954097	4.1716905	0.15130736	0.00047000355
0.066302076	4.3521681	0.15806189	0.00047061034
0.066651896	4.3329082	0.15502909	0.00047121951
0.067003556	4.1876607	0.15040904	0.00047182958
0.067357071	4.3533835	0.1543828	0.00047244859
0.067712441	4.4739518	0.15976736	0.00047308
0.068069696	4.3205919	0.15198244	0.00047371391
0.068428837	4.4354644	0.1543155	0.00047434893
0.068789877	4.3546443	0.15150349	0.00047499422
0.069152802	4.2382102	0.14762984	0.0004756508
0.069517657	4.1919904	0.14410959	0.00047630354
0.069884442	4.2331362	0.14586887	0.00047696527
0.070253156	4.2394042	0.14371608	0.00047763725
0.070623823	4.2577677	0.14467134	0.0004782977
0.070996419	4.1533179	0.1407173	0.00047898781
0.071371004	4.1524663	0.13925672	0.00047967798
0.071747571	4.1012101	0.1362409	0.00048036815
0.072126113	4.0639472	0.13515145	0.00048106621
0.072506644	3.9452355	0.13077174	0.00048177742
0.072889194	3.8142548	0.12553485	0.00048248502
0.073273763	3.7854123	0.12325966	0.00048320691
0.073660366	3.6317461	0.11831769	0.00048393154
0.074049003	3.6114101	0.11866675	0.00048465261
0.074439675	3.5874588	0.11917348	0.00048539875
0.074832425	3.4290323	0.11261317	0.00048614768
0.075227253	3.3053763	0.10855208	0.0004868994
0.07562416	3.2750001	0.10813894	0.00048765118
0.076023139	3.1506996	0.10352641	0.00048842124
0.076424249	3.1753454	0.10366729	0.00048919849
0.076827466	3.0300429	0.099399932	0.00048997428
0.077232815	2.9743316	0.097416013	0.00049076474
0.07764031	2.8760505	0.093349077	0.00049154973
0.078049928	2.807128	0.091016293	0.00049235078
0.078461722	2.7151833	0.087988354	0.00049316377
0.078875698	2.7838676	0.089650899	0.00049397687
0.07929185	2.5970924	0.083809666	0.00049479573
0.079710186	2.5870237	0.083138607	0.00049562537
0.080130741	2.4745417	0.079076156	0.00049646699
0.080553524	2.4179409	0.07730712	0.00049731781
0.080978535	2.4954684	0.0793017	0.00049816218
0.081405781	2.4117053	0.07671643	0.00049901853
0.08183527	2.3931034	0.075216137	0.00049988605
0.082267039	2.3641791	0.07467743	0.00050076278
0.082701087	2.2323031	0.070580401	0.00050164835
0.08313743	2.3094084	0.07201805	0.00050252839
0.083576046	2.2736125	0.0710392	0.00050343754
0.084017001	2.3212583	0.071761839	0.00050434086
0.084460288	2.286267	0.071192659	0.00050525344
0.084905908	2.3704762	0.073249884	0.00050617789
0.085353881	2.3465533	0.072201028	0.00050709367
0.085804194	2.3370786	0.071605101	0.00050804217
0.086256906	2.3439252	0.071746901	0.00050899101
0.08671201	2.3058388	0.070285827	0.00050993706
0.087169506	2.3461893	0.071186483	0.00051089528
0.0876294	2.3035879	0.0699571	0.00051187165
0.088091746	2.3291593	0.069744289	0.00051285134
0.088556528	2.3099098	0.069417007	0.00051384035
0.089023761	2.3200355	0.06916111	0.00051483273
0.089493461	2.3224669	0.069019854	0.0005158342
0.089965612	2.3044248	0.068635546	0.00051685446
0.090440281	2.3102853	0.067999229	0.00051787798
0.090917453	2.24	0.066864386	0.00051890506
0.091397144	2.2420213	0.066834942	0.00051995035
0.09187936	2.2031541	0.06718643	0.00052098726
0.092364103	2.1956718	0.066013992	0.0005220492
0.092851423	2.2173111	0.067367733	0.0005231204
0.093341321	2.0643973	0.06269227	0.00052419514
0.093833797	2.0658736	0.062564105	0.00052526745
0.094328851	2.0489643	0.06295345	0.00052637403
0.094826542	1.986376	0.059936747	0.00052747206
0.095326856	1.8919926	0.057803173	0.00052859145
0.095829807	1.9022141	0.057846114	0.0005297123
0.096335419	1.8998162	0.057666309	0.00053082715
0.096843667	1.8788991	0.056980222	0.0005319888
0.097354628	1.7754911	0.05437031	0.00053313305
0.097868279	1.7411121	0.052631956	0.00053429609
0.098384641	1.7605894	0.053489223	0.0005354507
0.098903701	1.6734318	0.050888214	0.00053664664
0.099425532	1.684693	0.051065937	0.00053783099
0.099950112	1.6365297	0.049514804	0.000539031
0.10047746	1.6681818	0.050356772	0.00054023234
0.10100757	1.6374539	0.049793322	0.00054146483
0.1015405	1.6242095	0.048873421	0.0005426865
0.10207622	1.6816952	0.050557587	0.00054393377
0.10261479	1.6333333	0.049081687	0.00054517592
0.10315619	1.6467931	0.049553633	0.00054643501
0.10370044	1.6302817	0.048423529	0.00054770667
0.10424757	1.6120613	0.048420053	0.00054899201
0.10479759	1.6086572	0.047866486	0.00055028219
0.10535051	1.6111112	0.048282322	0.00055158173
0.10590634	1.6314864	0.048438169	0.00055289618
0.10646511	1.6823009	0.050101928	0.00055421662
0.10702682	1.6427947	0.048603803	0.00055555551
0.1075915	1.6546888	0.049040925	0.00055689696
0.10815915	1.6716814	0.04978605	0.00055825914
0.10872981	1.6727116	0.049208749	0.00055962522
0.10930347	1.6282495	0.047984529	0.00056100666
0.10988016	1.5965217	0.047130994	0.000562392
0.1104599	1.605852	0.047159787	0.00056379003
0.11104269	1.6390785	0.047930185	0.00056520716
0.11162856	1.5717971	0.046139713	0.00056661788
0.11221751	1.5129088	0.044429064	0.0005680708
0.11280958	1.5287162	0.044474185	0.00056950125
0.11340477	1.5284139	0.044559643	0.00057097245
0.1140031	1.4987191	0.043843504	0.00057243346
0.11460458	1.4694048	0.042586375	0.00057391933
0.11520924	1.4558452	0.042264681	0.00057540921
0.1158171	1.4523411	0.042038556	0.00057691365
0.11642814	1.4562864	0.042064961	0.00073771627
0.11704243	1.3624272	0.039320156	0.00074041099
0.11765995	1.410596	0.040626276	0.00074312667
0.11828073	1.3661513	0.039006937	0.000745859
0.11890478	1.3154907	0.037498605	0.00074862491
0.11953213	1.3469552	0.038164277	0.00075140147
0.1201628	1.3415436	0.038477246	0.00075416989
0.12079677	1.3987398	0.042010661	0.00075700297
0.12143411	1.3416989	0.041733161	0.00075982162
0.12207479	1.3921371	0.044254437	0.00076268456
0.12271887	1.3157339	0.042809546	0.0007655393
0.12336633	1.3649393	0.04538241	0.00076844008
0.12401722	1.3058691	0.043931969	0.00077134132
0.12467154	1.3195267	0.045457713	0.00077133736
