0.058 1171.111
0.060 1131.442
0.061 1122.617
0.062 1104.086
0.063 1083.735
0.064 1064.625
0.065 1053.525
0.067 1042.151
0.068 1035.459
0.069 1015.414
0.070 1003.850
0.071 991.445
0.073 975.083
0.074 954.403
0.075 940.223
0.076 927.715
0.077 906.993
0.078 897.635
0.080 882.728
0.081 863.588
0.082 848.773
0.083 835.789
0.084 822.258
0.086 805.645
0.087 792.543
0.088 770.828
0.089 758.132
0.090 748.131
0.092 740.145
0.093 723.226
0.094 703.776
0.095 688.349
0.096 673.211
0.097 661.247
0.099 641.137
0.100 629.578
0.101 615.285
0.102 597.359
0.103 582.574
0.105 566.402
0.106 555.007
0.107 539.250
0.108 523.550
0.109 509.187
0.110 492.672
0.112 481.930
0.113 467.189
0.114 450.871
0.115 438.662
0.116 426.621
0.118 410.243
0.119 398.529
0.120 385.601
0.121 371.504
0.122 362.168
0.123 349.593
0.125 336.555
0.126 324.855
0.127 313.290
0.128 299.804
0.129 288.998
0.131 280.123
0.132 270.818
0.133 260.735
0.134 250.973
0.135 242.243
0.136 231.563
0.138 222.301
0.139 213.156
0.140 203.977
0.141 196.072
0.142 188.358
0.144 180.364
0.145 172.425
0.146 165.553
0.147 157.815
0.148 152.271
0.150 144.365
0.151 137.460
0.152 132.470
0.153 126.598
0.154 121.288
0.155 114.728
0.157 108.533
0.158 103.418
0.159 98.891
0.160 94.309
0.161 89.157
0.163 85.986
0.164 80.729
0.165 77.420
0.166 73.094
0.167 68.880
0.168 66.295
0.170 62.194
0.171 59.250
0.172 56.699
0.173 53.728
0.174 50.764
0.176 48.211
0.177 45.193
0.178 42.936
0.179 41.069
0.180 38.731
0.181 36.873
0.183 35.337
0.184 33.501
0.185 31.948
0.186 30.527
0.187 28.738
0.189 27.203
0.190 26.328
0.191 25.240
0.192 24.229
0.193 22.981
0.195 22.075
0.196 21.392
0.197 20.873
0.198 20.754
0.199 19.942
0.200 19.224
0.202 18.486
0.203 18.232
0.204 17.854
0.205 17.485
0.206 17.105
0.208 17.058
0.209 16.725
0.210 16.752
0.211 16.702
0.212 16.459
0.213 16.653
0.215 16.912
0.216 17.206
0.217 17.077
0.218 16.997
0.219 16.837
0.221 16.940
0.222 17.121
0.223 17.136
0.224 17.439
0.225 17.470
0.226 18.013
0.228 17.898
0.229 17.893
0.230 18.016
0.231 18.404
0.232 18.842
0.234 18.752
0.235 19.324
0.236 19.260
0.237 19.428
0.238 19.892
0.240 20.066
0.241 20.113
0.242 20.027
0.243 19.986
0.244 20.085
0.245 20.427
0.247 20.467
0.248 20.717
0.249 20.982
0.250 20.992
0.251 21.261
0.253 21.579
0.254 21.865
0.255 21.880
0.256 22.145
0.257 22.078
0.258 22.190
0.260 22.387
0.261 21.915
0.262 21.904
0.263 22.070
0.264 22.169
0.266 22.198
0.267 21.913
0.268 21.803
0.269 21.614
0.270 21.589
0.271 21.515
0.273 21.404
0.274 21.427
0.275 21.132
0.276 21.099
0.277 21.147
0.279 21.163
0.280 20.938
0.281 20.949
0.282 20.991
0.283 20.648
0.284 20.465
0.286 19.971
0.287 19.853
0.288 19.544
0.289 19.437
0.290 19.304
0.292 19.210
0.293 18.872
0.294 18.697
0.295 18.593
0.296 18.523
0.298 18.339
0.299 18.260
0.300 17.936
0.301 17.832
0.302 17.526
0.303 17.366
0.305 16.854
0.306 17.019
0.307 16.888
0.308 16.643
0.309 16.639
0.311 16.426
0.312 16.326
0.313 16.263
0.314 15.931
0.315 15.719
0.316 15.420
0.318 15.204
0.319 15.204
0.320 15.155
0.321 15.148
0.322 14.891
0.324 14.953
0.325 14.769
0.326 14.237
0.327 14.107
0.328 13.893
0.329 14.028
0.331 13.981
0.332 13.751
0.333 13.690
0.334 13.718
0.335 13.546
0.337 13.433
0.338 13.398
0.339 13.337
0.340 13.296
0.341 13.241
0.343 12.906
0.344 12.876
0.345 12.845
0.346 12.926
0.347 12.799
0.348 12.852
0.350 12.820
0.351 12.820
0.352 12.798
0.353 12.774
0.354 12.728
0.356 12.692
0.357 12.460
0.358 12.594
0.359 12.597
0.360 12.523
0.361 12.518
0.363 12.478
0.364 12.380
0.365 12.548
0.366 12.341
0.367 12.444
0.369 12.422
0.370 12.470
0.371 12.406
0.372 12.616
0.373 12.546
0.374 12.428
0.376 12.547
0.377 12.299
0.378 12.356
0.379 12.537
0.380 12.483
0.382 12.578
0.383 12.448
0.384 12.435
0.385 12.591
0.386 12.624
0.388 12.764
0.389 12.604
0.390 12.788
0.391 12.800
0.392 12.757
0.393 12.929
0.395 12.788
0.396 12.826
0.397 12.646
0.398 12.666
0.399 12.657
0.401 12.723
0.402 12.830
0.403 12.639
0.404 12.566
0.405 12.504
0.406 12.519
0.408 12.376
0.409 12.493
0.410 12.352
0.411 12.429
0.412 12.418
0.414 12.476
0.415 12.612
0.416 12.507
0.417 12.543
0.418 12.633
0.419 12.604
0.421 12.634
0.422 12.634
0.423 12.622
0.424 12.682
0.425 12.501
0.427 12.582
0.428 12.394
0.429 12.481
0.430 12.628
0.431 12.517
0.432 12.342
0.434 12.265
0.435 12.332
0.436 12.357
0.437 12.301
0.438 12.237
0.440 12.201
0.441 12.177
0.442 12.118
0.443 12.058
0.444 12.025
0.446 12.016
0.447 11.956
0.448 12.051
0.449 12.107
0.450 12.048
0.451 12.119
0.453 12.145
0.454 11.953
0.455 11.980
0.456 11.957
0.457 11.988
0.459 11.916
0.460 11.898
0.461 11.921
0.462 11.780
0.463 11.930
0.464 11.812
0.466 11.716
0.467 11.740
0.468 11.740
0.469 11.716
0.470 11.690
0.472 11.563
0.473 11.364
0.474 11.404
0.475 11.339
0.476 11.380
0.477 11.536
0.479 11.657
0.480 11.563
0.481 11.374
0.482 11.402
0.483 11.331
0.485 11.269
0.486 11.277
0.487 11.235
0.488 11.380
0.489 11.330
0.491 11.361
0.492 11.380
0.493 11.394
0.494 11.398
0.495 11.320
0.496 11.344
0.498 11.354
0.499 11.418
0.500 11.401
0.501 11.468
0.502 11.436
0.504 11.429
0.505 11.412
0.506 11.268
0.507 11.241
0.508 11.224
0.509 11.146
0.511 11.176
0.512 11.223
0.513 11.142
0.514 11.092
0.515 11.155
0.517 11.239
0.518 11.242
0.519 11.159
0.520 11.104
0.521 11.074
0.522 11.096
0.524 11.154
0.525 11.170
0.526 11.218
0.527 11.084
0.528 11.056
0.530 11.037
0.531 11.060
0.532 11.207
0.533 11.321
0.534 11.353
0.536 11.263
0.537 11.378
0.538 11.369
0.539 11.275
0.540 11.287
0.541 11.061
0.543 11.076
0.544 11.169
0.545 11.090
0.546 11.122
0.547 11.249
0.549 11.234
0.550 11.163
0.551 11.223
0.552 11.241
0.553 11.242
0.554 11.112
0.556 11.039
0.557 11.027
0.558 11.208
0.559 11.265
0.560 11.198
0.562 11.113
0.563 11.159
0.564 11.111
0.565 11.095
0.566 11.142
0.567 11.072
0.569 11.077
0.570 11.043
0.571 11.054
0.572 11.203
0.573 11.058
0.575 11.025
0.576 10.966
0.577 10.998
0.578 11.172
0.579 11.131
0.580 11.055
0.582 10.976
0.583 11.016
0.584 11.008
0.585 11.143
0.586 11.059
0.588 11.025
0.589 11.029
0.590 11.157
0.591 11.165
0.592 11.137
0.594 11.169
0.595 11.143
0.596 11.068
0.597 11.249
0.598 11.231
0.599 11.097
0.601 11.088
0.602 11.034
0.603 10.992
0.604 10.965
0.605 11.003
0.607 10.984
0.608 11.034
0.609 11.078
0.610 11.068
0.611 11.001
0.612 10.996
0.614 11.075
0.615 11.044
0.616 11.019
0.617 11.056
0.618 11.126
0.620 11.172
0.621 11.269
0.622 11.299
0.623 11.158
0.624 11.125
0.625 11.201
0.627 11.197
0.628 11.142
0.629 11.134
0.630 10.991
0.631 10.985
0.633 10.956
0.634 10.941
0.635 11.079
0.636 11.050
0.637 11.124
0.639 11.210
0.640 11.212
0.641 11.176
0.642 11.198
0.643 11.202
0.644 11.319
0.646 11.066
0.647 11.030
0.648 11.174
0.649 11.062
0.650 11.092
0.652 11.197
0.653 11.336
0.654 11.249
0.655 11.189
0.656 11.112
0.657 11.068
0.659 11.074
0.660 11.083
0.661 11.170
0.662 11.165
0.663 11.183
0.665 11.219
0.666 11.237
0.667 11.154
0.668 11.164
0.669 11.090
0.670 11.124
0.672 11.205
0.673 11.310
0.674 11.410
0.675 11.434
0.676 11.438
0.678 11.412
0.679 11.284
0.680 11.272
0.681 11.161
0.682 11.089
0.684 11.171
0.685 11.119
0.686 11.108
0.687 11.239
0.688 11.282
0.689 11.304
0.691 11.178
0.692 11.178
0.693 11.128
0.694 11.270
0.695 11.132
0.697 11.098
0.698 11.031
0.699 11.014
0.700 11.048
0.701 11.092
0.702 11.036
0.704 11.057
0.705 11.203
0.706 11.401
0.707 11.425
0.708 11.352
0.710 11.256
0.711 11.294
0.712 11.285
0.713 11.273
0.714 11.250
0.715 11.201
0.717 11.318
0.718 11.400
0.719 11.329
0.720 11.321
0.721 11.282
0.723 11.272
0.724 11.362
0.725 11.453
0.726 11.447
0.727 11.363
0.728 11.354
0.730 11.197
0.731 11.215
0.732 11.046
0.733 11.074
0.734 11.163
0.736 11.264
0.737 11.326
0.738 11.227
0.739 11.473
0.740 11.463
0.742 11.356
0.743 11.235
0.744 11.286
0.745 11.357
0.746 11.310
0.747 11.234
0.749 11.306
0.750 11.359
0.751 11.314
0.752 11.360
0.753 11.366
0.755 11.244
0.756 11.289
0.757 11.380
0.758 11.361
0.759 11.468
0.760 11.446
0.762 11.467
0.763 11.439
0.764 11.409
0.765 11.473
0.766 11.458
0.768 11.328
0.769 11.318
0.770 11.404
0.771 11.444
0.772 11.324
0.773 11.287
0.775 11.220
0.776 11.315
0.777 11.343
0.778 11.379
0.779 11.371
0.781 11.419
0.782 11.410
0.783 11.415
0.784 11.531
0.785 11.600
0.787 11.476
0.788 11.444
0.789 11.484
0.790 11.398
0.791 11.512
0.792 11.496
0.794 11.503
0.795 11.496
0.796 11.627
0.797 11.542
0.798 11.519
0.800 11.641
0.801 11.659
0.802 11.651
0.803 11.529
0.804 11.610
0.805 11.573
0.807 11.668
0.808 11.646
0.809 11.696
0.810 11.665
0.811 11.623
0.813 11.595
0.814 11.667
0.815 11.748
0.816 11.891
0.817 11.710
0.818 11.772
0.820 11.711
0.821 11.810
0.822 11.841
0.823 11.703
0.824 11.799
0.826 11.873
0.827 11.857
0.828 11.834
0.829 11.768
0.830 11.746
0.832 11.879
0.833 11.857
0.834 11.781
0.835 11.879
0.836 11.941
0.837 11.883
0.839 11.776
0.840 11.781
0.841 11.951
0.842 11.891
0.843 12.018
0.845 12.083
0.846 12.105
0.847 12.192
0.848 12.206
0.849 12.222
0.850 12.088
0.852 11.996
0.853 12.009
0.854 12.098
0.855 12.072
0.856 12.214
0.858 12.216
0.859 12.326
0.860 12.329
0.861 12.348
0.862 12.276
0.863 12.199
0.865 12.175
0.866 12.318
0.867 12.308
0.868 12.405
0.869 12.315
0.871 12.369
0.872 12.454
0.873 12.350
0.874 12.466
0.875 12.508
0.876 12.448
0.878 12.522
0.879 12.517
0.880 12.590
0.881 12.438
0.882 12.463
0.884 12.445
0.885 12.577
0.886 12.652
0.887 12.677
0.888 12.613
0.890 12.755
0.891 12.644
0.892 12.516
0.893 12.539
0.894 12.613
0.895 12.573
0.897 12.691
0.898 12.654
0.899 12.545
0.900 12.712
0.901 12.652
0.903 12.641
0.904 12.616
0.905 12.771
0.906 12.965
0.907 13.008
0.908 13.022
0.910 13.093
0.911 13.150
0.912 12.996
0.913 12.846
0.914 13.028
0.916 13.022
0.917 12.956
0.918 12.891
0.919 12.968
0.920 12.862
0.921 12.924
0.923 13.017
0.924 13.069
0.925 12.981
0.926 13.045
0.927 13.106
0.929 13.076
0.930 13.039
0.931 13.000
0.932 13.180
0.933 13.271
0.935 13.324
0.936 13.291
0.937 13.436
0.938 13.310
0.939 13.318
0.940 13.360
0.942 13.408
0.943 13.370
0.944 13.387
0.945 13.526
0.946 13.506
0.948 13.445
0.949 13.658
0.950 13.621
0.951 13.497
0.952 13.616
0.953 13.618
0.955 13.708
0.956 13.643
0.957 13.734
0.958 13.790
0.959 13.802
0.961 13.699
0.962 13.693
0.963 13.843
0.964 13.726
0.965 13.736
0.966 13.825
0.968 13.778
0.969 13.726
0.970 13.838
0.971 13.927
0.972 14.118
0.974 14.081
0.975 14.084
0.976 14.107
0.977 14.117
0.978 14.220
0.980 14.177
0.981 14.216
0.982 14.313
0.983 14.197
0.984 14.271
0.985 14.202
0.987 14.499
0.988 14.561
0.989 14.531
0.990 14.433
0.991 14.570
0.993 14.432
0.994 14.458
0.995 14.450
0.996 14.428
0.997 14.441
0.998 14.365
1.000 14.577
1.001 14.530
1.002 14.739
1.003 14.738
1.004 14.626
1.006 14.765
1.007 14.847
1.008 14.878
1.009 14.775
1.010 14.942
1.011 14.889
1.013 14.998
1.014 15.098
1.015 15.120
1.016 15.127
1.017 15.153
1.019 15.227
1.020 15.252
1.021 15.087
1.022 15.148
1.023 15.233
1.024 15.200
1.026 15.258
1.027 15.364
1.028 15.442
1.029 15.467
1.030 15.444
1.032 15.565
1.033 15.482
1.034 15.519
1.035 15.535
1.036 15.602
1.038 15.577
1.039 15.526
1.040 15.553
1.041 15.649
1.042 15.757
1.043 15.788
1.045 15.784
1.046 15.622
1.047 15.687
1.048 15.822
1.049 15.894
1.051 15.882
1.052 15.947
1.053 15.940
1.054 16.203
1.055 16.229
1.056 16.318
1.058 16.199
1.059 16.020
1.060 16.136
1.061 16.256
1.062 16.243
1.064 16.336
1.065 16.234
1.066 16.330
1.067 16.241
1.068 16.383
1.069 16.533
1.071 16.473
1.072 16.374
1.073 16.568
1.074 16.723
1.075 16.701
1.077 16.642
1.078 16.547
1.079 16.725
1.080 16.934
1.081 16.860
1.083 16.916
1.084 17.038
1.085 16.919
1.086 16.929
1.087 17.022
1.088 17.045
1.090 17.121
1.091 17.074
1.092 16.965
1.093 17.043
1.094 17.331
1.096 17.373
1.097 17.387
1.098 17.262
1.099 17.424
1.100 17.521
1.101 17.535
1.103 17.487
1.104 17.592
1.105 17.544
1.106 17.655
1.107 17.714
1.109 17.675
1.110 17.744
1.111 17.585
1.112 17.689
1.113 17.683
1.114 17.808
1.116 17.786
1.117 17.875
1.118 18.020
1.119 17.989
1.120 17.939
1.122 17.977
1.123 17.966
1.124 18.055
1.125 18.242
1.126 18.425
1.128 18.484
1.129 18.433
1.130 18.551
1.131 18.488
1.132 18.625
1.133 18.473
1.135 18.529
1.136 18.581
1.137 18.657
1.138 18.766
1.139 18.838
1.141 18.741
1.142 18.662
1.143 18.800
1.144 18.641
1.145 18.836
1.146 18.831
1.148 18.823
1.149 18.821
1.150 18.708
1.151 18.718
1.152 18.738
1.154 18.874
1.155 18.909
1.156 19.191
1.157 19.149
1.158 19.301
1.159 19.284
1.161 19.137
1.162 19.181
1.163 19.133
1.164 19.249
1.165 19.391
1.167 19.354
1.168 19.335
1.169 19.485
1.170 19.511
1.171 19.497
1.172 19.372
1.174 19.611
1.175 19.608
1.176 19.541
1.177 19.634
1.178 19.702
1.180 19.661
1.181 19.703
1.182 19.629
1.183 19.629
1.184 19.742
1.186 19.674
1.187 19.759
1.188 19.736
1.189 19.614
1.190 19.700
1.191 19.713
1.193 19.898
1.194 19.985
1.195 19.923
1.196 19.984
1.197 20.229
1.199 20.331
1.200 20.008
1.201 19.995
1.202 20.156
1.203 20.093
1.204 20.251
1.206 20.130
1.207 20.054
1.208 20.125
1.209 20.279
1.210 20.122
1.212 20.101
1.213 20.241
1.214 20.378
1.215 20.529
1.216 20.489
1.217 20.528
1.219 20.434
1.220 20.437
1.221 20.301
1.222 20.370
1.223 20.314
1.225 20.434
1.226 20.510
1.227 20.680
1.228 20.698
1.229 20.772
1.231 20.561
1.232 20.471
1.233 20.517
1.234 20.561
1.235 20.531
1.236 20.428
1.238 20.513
1.239 20.564
1.240 20.658
1.241 20.534
1.242 20.649
1.244 20.748
1.245 20.906
1.246 20.785
1.247 20.750
1.248 20.766
1.249 20.941
1.251 20.959
1.252 20.810
1.253 20.765
1.254 20.716
1.255 20.724
1.257 20.629
1.258 20.605
1.259 20.419
1.260 20.566
1.261 20.794
1.262 20.787
1.264 20.686
1.265 20.675
1.266 20.579
1.267 20.803
1.268 20.924
1.270 20.820
1.271 20.904
1.272 20.626
1.273 20.560
1.274 20.633
1.276 20.668
1.277 20.608
1.278 20.643
1.279 20.581
1.280 20.548
1.281 20.626
1.283 20.804
1.284 20.722
1.285 20.745
1.286 20.743
1.287 20.719
1.289 20.699
1.290 20.425
1.291 20.484
1.292 20.719
1.293 20.758
1.294 20.554
1.296 20.566
1.297 20.651
1.298 20.478
1.299 20.446
1.300 20.454
1.302 20.198
1.303 20.203
1.304 20.320
1.305 20.398
1.306 20.553
1.307 20.504
1.309 20.413
1.310 20.366
1.311 20.566
1.312 20.666
1.313 20.651
1.315 20.530
1.316 20.350
1.317 20.270
1.318 20.289
1.319 20.344
1.320 20.272
1.322 20.418
1.323 20.332
1.324 20.363
1.325 20.106
1.326 20.155
1.328 20.278
1.329 20.352
1.330 20.183
1.331 20.224
1.332 20.267
1.334 20.231
1.335 20.180
1.336 20.214
1.337 20.358
1.338 20.112
1.339 20.226
1.341 20.056
1.342 19.913
1.343 19.685
1.344 19.927
1.345 20.030
1.347 20.109
1.348 20.056
1.349 19.966
1.350 19.762
1.351 19.955
1.352 19.971
1.354 19.825
1.355 19.864
1.356 19.495
1.357 19.753
1.358 19.766
1.360 19.644
1.361 19.624
1.362 19.678
1.363 19.649
1.364 19.846
1.365 19.801
1.367 19.666
1.368 19.656
1.369 19.564
1.370 19.432
1.371 19.184
1.373 19.369
1.374 19.436
1.375 19.383
1.376 19.230
1.377 19.328
1.379 19.242
1.380 19.398
1.381 19.417
1.382 19.362
1.383 19.280
1.384 19.079
1.386 19.242
1.387 19.215
1.388 19.102
1.389 19.181
1.390 19.124
1.392 19.066
1.393 19.058
1.394 18.963
1.395 18.865
1.396 18.921
1.397 18.873
1.399 18.787
1.400 18.652
1.401 18.678
1.402 18.653
1.403 18.694
1.405 18.634
1.406 18.650
1.407 18.398
1.408 18.365
1.409 18.198
1.410 18.182
1.412 18.339
1.413 18.513
1.414 18.549
1.415 18.351
1.416 18.481
1.418 18.437
1.419 18.246
1.420 18.272
1.421 18.236
1.422 18.434
1.424 18.335
1.425 18.278
1.426 18.245
1.427 18.159
1.428 18.199
1.429 18.117
1.431 18.039
1.432 18.006
1.433 18.040
1.434 17.983
1.435 17.716
1.437 17.604
1.438 17.775
1.439 17.759
1.440 17.794
1.441 17.930
1.442 17.867
1.444 17.847
1.445 17.738
1.446 17.739
1.447 17.597
1.448 17.493
1.450 17.433
1.451 17.416
1.452 17.561
1.453 17.463
1.454 17.490
1.455 17.400
1.457 17.505
1.458 17.404
1.459 17.437
1.460 17.416
1.461 17.380
1.463 17.416
1.464 17.436
1.465 17.457
1.466 17.285
1.467 17.387
1.468 17.298
1.470 17.370
1.471 17.213
1.472 17.165
1.473 17.203
1.474 17.175
1.476 17.098
1.477 17.233
1.478 17.151
1.479 16.955
1.480 17.055
1.482 17.011
1.483 16.951
1.484 16.932
1.485 17.017
1.486 16.976
1.487 16.974
1.489 16.729
1.490 16.693
1.491 16.718
1.492 16.846
1.493 16.731
1.495 16.632
1.496 16.504
1.497 16.666
1.498 16.701
1.499 16.684
1.500 16.648
1.502 16.686
1.503 16.675
1.504 16.423
1.505 16.596
1.506 16.622
1.508 16.515
1.509 16.501
1.510 16.617
1.511 16.654
1.512 16.698
1.513 16.526
1.515 16.489
1.516 16.375
1.517 16.332
1.518 16.239
1.519 16.341
1.521 16.352
1.522 16.177
1.523 16.151
1.524 16.238
1.525 16.133
1.527 16.238
1.528 16.142
1.529 16.114
1.530 16.175
1.531 16.002
1.532 16.078
1.534 15.999
1.535 15.964
1.536 15.962
1.537 15.999
1.538 15.906
1.540 15.758
1.541 15.751
1.542 15.715
1.543 15.784
1.544 15.832
1.545 15.580
1.547 15.683
1.548 15.778
1.549 15.767
1.550 15.645
1.551 15.798
1.553 15.626
1.554 15.784
1.555 15.599
1.556 15.517
1.557 15.525
1.558 15.557
1.560 15.634
1.561 15.377
1.562 15.603
1.563 15.654
1.564 15.455
1.566 15.342
1.567 15.209
1.568 15.346
1.569 15.232
1.570 15.106
1.572 15.109
1.573 15.203
1.574 15.213
1.575 15.356
1.576 15.390
1.577 15.293
1.579 15.293
1.580 15.215
1.581 15.241
1.582 15.418
1.583 15.262
1.585 15.170
1.586 14.910
1.587 15.057
1.588 15.035
1.589 15.008
1.590 14.977
1.592 15.042
1.593 15.005
1.594 15.028
1.595 14.993
1.596 14.972
1.598 14.971
1.599 14.857
1.600 14.907
1.601 14.946
1.602 14.945
1.603 15.059
1.605 15.065
1.606 15.002
1.607 14.888
1.608 14.927
1.609 14.675
1.611 14.552
1.612 14.710
1.613 14.751
1.614 14.753
1.615 14.764
1.616 14.815
1.618 14.869
1.619 14.873
1..620 14.902
1.621 14.807
1.622 14.750
1.624 14.695
1.625 14.555
1.626 14.592
1.627 14.629
1.628 14.707
1.630 14.641
1.631 14.532
1.632 14.518
1.633 14.575
1.634 14.523
1.635 14.514
1.637 14.484
1.638 14.594
1.639 14.464
1.640 14.497
1.641 14.501
1.643 14.318
1.644 14.313
1.645 14.316
1.646 14.222
1.647 14.202
1.648 14.201
1.650 14.192
1.651 14.175
1.652 14.058
1.653 14.109
1.654 14.132
1.656 14.136
1.657 14.211
1.658 14.212
1.659 14.152
1.660 14.181
1.661 14.075
1.663 14.192
1.664 14.173
1.665 14.247
1.666 14.138
1.667 14.063
1.669 14.005
1.670 13.920
1.671 13.990
1.672 14.030
1.673 14.068
1.675 14.111
1.676 14.119
1.677 14.095
1.678 14.009
1.679 13.998
1.680 14.074
1.682 14.086
1.683 14.116
1.684 14.047
1.685 13.976
1.686 14.081
1.688 14.016
1.689 14.016
1.690 13.873
1.691 13.975
1.692 13.902
1.693 13.735
1.695 13.770
1.696 13.761
1.697 13.887
1.698 13.865
1.699 13.721
1.701 13.812
1.702 13.839
1.703 13.832
1.704 13.886
1.705 13.809
1.706 13.821
1.708 13.833
1.709 13.801
1.710 13.830
1.711 13.770
1.712 13.766
1.714 13.695
1.715 13.609
1.716 13.659
1.717 13.772
1.718 13.809
1.720 13.717
1.721 13.721
1.722 13.727
1.723 13.711
1.724 13.575
1.725 13.538
1.727 13.594
1.728 13.584
1.729 13.539
1.730 13.580
1.731 13.647
1.733 13.639
1.734 13.517
1.735 13.500
1.736 13.429
1.737 13.471
1.738 13.520
1.740 13.498
1.741 13.514
1.742 13.508
1.743 13.555
1.744 13.531
1.746 13.475
1.747 13.508
1.748 13.522
1.749 13.508
1.750 13.431
1.751 13.280
1.753 13.259
1.754 13.176
1.755 13.177
1.756 13.266
1.757 13.237
1.759 13.327
1.760 13.368
1.761 13.355
1.762 13.341
1.763 13.239
1.764 13.237
1.766 13.199
1.767 13.231
1.768 13.346
1.769 13.170
1.770 13.096
1.772 13.205
1.773 13.089
1.774 13.169
1.775 13.229
1.776 13.160
1.778 13.019
1.779 13.090
1.780 13.164
1.781 13.227
1.782 13.089
1.783 13.010
1.785 13.026
1.786 12.958
1.787 12.939
1.788 12.964
1.789 12.939
1.791 12.991
1.792 12.950
1.793 12.908
1.794 12.888
1.795 12.896
1.796 13.002
1.798 13.004
1.799 12.986
1.800 12.997
1.801 13.039
1.802 12.868
1.804 12.844
1.805 12.902
1.806 12.787
1.807 12.816
1.808 12.784
1.809 12.805
1.811 12.793
1.812 12.720
1.813 12.629
1.814 12.697
1.815 12.743
1.817 12.706
1.818 12.666
1.819 12.651
1.820 12.732
1.821 12.817
1.823 12.717
1.824 12.762
1.825 12.617
1.826 12.714
1.827 12.754
1.828 12.733
1.830 12.673
1.831 12.631
1.832 12.645
1.833 12.680
1.834 12.581
1.836 12.540
1.837 12.526
1.838 12.528
1.839 12.440
1.840 12.433
1.841 12.524
1.843 12.469
1.844 12.638
1.845 12.473
1.846 12.273
1.847 12.261
1.849 12.357
1.850 12.541
1.851 12.501
1.852 12.574
1.853 12.508
1.854 12.454
1.856 12.379
1.857 12.234
1.858 12.271
1.859 12.333
1.860 12.369
1.862 12.378
1.863 12.351
1.864 12.196
1.865 12.151
1.866 12.140
1.868 12.125
1.869 12.133
1.870 12.231
1.871 12.173
1.872 12.204
1.873 12.278
1.875 12.319
1.876 12.318
1.877 12.275
1.878 12.291
1.879 12.125
1.881 12.152
1.882 12.142
1.883 12.067
1.884 12.080
1.885 12.168
1.886 12.186
1.888 12.256
1.889 12.227
1.890 12.139
1.891 11.963
1.892 12.106
1.894 12.181
1.895 12.151
1.896 12.099
1.897 12.011
1.898 12.039
1.899 11.906
1.901 11.879
1.902 11.890
1.903 11.906
1.904 12.022
1.905 12.036
1.907 12.036
1.908 11.936
1.909 11.916
1.910 11.816
1.911 11.842
1.912 11.825
1.914 11.769
1.915 11.840
1.916 11.877
1.917 11.799
1.918 11.766
1.920 11.808
1.921 11.900
1.922 11.867
1.923 11.796
1.924 11.740
1.926 11.709
1.927 11.653
1.928 11.659
1.929 11.744
1.930 11.859
1.931 11.832
1.933 11.779
1.934 11.692
1.935 11.694
1.936 11.727
1.937 11.660
1.939 11.677
1.940 11.601
1.941 11.601
1.942 11.574
1.943 11.531
1.944 11.541
1.946 11.582
1.947 11.434
1.948 11.313
1.949 11.349
1.950 11.381
1.952 11.362
1.953 11.331
1.954 11.320
1.955 11.349
1.956 11.319
1.957 11.439
1.959 11.443
1.960 11.407
1.961 11.339
1.962 11.383
1.963 11.418
1.965 11.416
1.966 11.463
1.967 11.309
1.968 11.314
1.969 11.365
1.971 11.349
1.972 11.292
1.973 11.231
1.974 11.371
1.975 11.312
1.976 11.351
1.978 11.259
1.979 11.287
1.980 11.409
1.981 11.354
1.982 11.203
1.984 11.181
1.985 11.228
1.986 11.099
1.987 11.140
1.988 11.101
1.989 11.177
1.991 11.108
1.992 11.089
1.993 11.130
1.994 10.984
1.995 11.014
1.997 10.989
1.998 11.016
1.999 11.002
2.000 10.974
2.001 11.045
2.002 11.047
2.004 11.013
2.005 10.940
2.006 10.909
2.007 10.970
2.008 10.971
2.010 10.957
2.011 10.945
2.012 10.859
2.013 10.873
2.014 11.018
2.016 10.905
2.017 10.844
2.018 10.816
2.019 10.840
2.020 10.823
2.021 10.909
2.023 10.956
2.024 10.951
2.025 10.904
2.026 10.804
2.027 10.761
2.029 10.766
2.030 10.801
2.031 10.797
2.032 10.791
2.033 10.832
2.034 10.717
2.036 10.749
2.037 10.701
2.038 10.606
2.039 10.520
2.040 10.679
2.042 10.659
2.043 10.643
2.044 10.709
2.045 10.734
2.046 10.774
2.047 10.722
2.049 10.687
2.050 10.671
2.051 10.679
2.052 10.570
2.053 10.467
2.055 10.542
2.056 10.616
2.057 10.685
2.058 10.450
2.059 10.575
2.060 10.652
2.062 10.525
2.063 10.477
2.064 10.553
2.065 10.641
2.066 10.524
2.068 10.599
2.069 10.517
2.070 10.518
2.071 10.495
2.072 10.538
2.074 10.524
2.075 10.562
2.076 10.498
2.077 10.561
2.078 10.491
2.079 10.406
2.081 10.416
2.082 10.445
2.083 10.473
2.084 10.443
2.085 10.519
2.087 10.532
2.088 10.570
2.089 10.488
2.090 10.475
2.091 10.476
2.092 10.440
2.094 10.390
2.095 10.370
2.096 10.316
2.097 10.324
2.098 10.306
2.100 10.248
2.101 10.313
2.102 10.190
2.103 10.230
2.104 10.206
2.105 10.172
2.107 10.169
2.108 10.073
2.109 10.055
2.110 10.056
2.111 10.146
2.113 10.217
2.114 10.160
2.115 10.208
2.116 10.136
2.117 10.226
2.119 10.269
2.120 10.185
2.121 10.108
2.122 10.059
2.123 10.050
2.124 10.060
2.126 10.065
2.127 10.063
2.128 10.137
2.129 10.208
2.130 10.286
2.132 10.309
2.133 10.189
2.134 10.128
2.135 10.087
2.136 10.100
2.137 10.123
2.139 10.058
2.140 10.118
2.141 10.110
2.142 9.993
2.143 9.916
2.145 9.986
2.146 10.061
2.147 10.183
2.148 10.046
2.149 9.962
2.150 9.922
2.152 9.923
2.153 10.001
2.154 9.978
2.155 10.051
2.156 9.908
2.158 9.949
2.159 9.889
2.160 9.810
2.161 9.867
2.162 9.899
2.164 9.791
2.165 9.834
2.166 9.881
2.167 9.829
2.168 9.871
2.169 9.797
2.171 9.868
2.172 9.846
2.173 9.753
2.174 9.810
2.175 9.825
2.177 9.952
2.178 9.824
2.179 9.742
2.180 9.727
2.181 9.705
2.182 9.677
2.184 9.700
2.185 9.762
2.186 9.793
2.187 9.823
2.188 9.798
2.190 9.677
2.191 9.683
2.192 9.645
2.193 9.729
2.194 9.717
2.195 9.739
2.197 9.679
2.198 9.668
2.199 9.732
2.200 9.733
2.201 9.606
2.203 9.587
2.204 9.645
2.205 9.630
2.206 9.788
2.207 9.762
2.208 9.726
2.210 9.662
2.211 9.649
2.212 9.473
2.213 9.520
2.214 9.601
2.216 9.608
2.217 9.567
2.218 9.646
2.219 9.626
2.220 9.718
2.222 9.637
2.223 9.673
2.224 9.626
2.225 9.588
2.226 9.622
2.227 9.657
2.229 9.593
2.230 9.554
2.231 9.453
2.232 9.478
2.233 9.483
2.235 9.448
2.236 9.534
2.237 9.513
2.238 9.457
2.239 9.467
2.240 9.520
2.242 9.466
2.243 9.559
2.244 9.599
2.245 9.506
2.246 9.452
2.248 9.581
2.249 9.513
2.250 9.618
2.251 9.483
2.252 9.532
2.253 9.486
2.255 9.469
2.256 9.443
2.257 9.388
2.258 9.407
2.259 9.445
2.261 9.498
2.262 9.460
2.263 9.554
2.264 9.529
2.265 9.496
2.267 9.558
2.268 9.462
2.269 9.470
2.270 9.412
2.271 9.472
2.272 9.409
2.274 9.373
2.275 9.271
2.276 9.250
2.277 9.357
2.278 9.253
2.280 9.228
2.281 9.204
2.282 9.317
2.283 9.292
2.284 9.362
2.285 9.306
2.287 9.275
2.288 9.231
2.289 9.164
2.290 9.146
2.291 9.077
2.293 9.225
2.294 9.216
2.295 9.193
2.296 9.215
2.297 9.172
2.298 9.186
2.300 9.274
2.301 9.249
2.302 9.216
2.303 9.289
2.304 9.295
2.306 9.287
2.307 9.312
2.308 9.207
2.309 9.283
2.310 9.366
2.312 9.302
2.313 9.248
2.314 9.254
2.315 9.169
2.316 9.178
2.317 9.125
2.319 9.182
2.320 9.247
2.321 9.263
2.322 9.219
2.323 9.265
2.325 9.178
2..326 9.184
2.327 9.085
2.328 9.112
2.329 9.219
2.330 9.256
2.332 9.253
2.333 9.313
2.334 9.254
2.335 9.189
2.336 9.218
2.338 9.239
2.339 9.288
2.340 9.229
2.341 9.193
2.342 9.112
2.343 9.146
2.345 9.155
2.346 9.153
2.347 9.135
2.348 9.228
2.349 9.152
2.351 9.198
2.352 9.102
2.353 9.065
2.354 9.112
2.355 9.162
2.356 9.055
2.358 9.075
2.359 9.105
2.360 9.088
2.361 9.146
2.362 9.196
2.364 9.204
2.365 9.131
2.366 9.105
2.367 9.162
2.368 9.165
2.370 9.122
2.371 9.071
2.372 9.111
2.373 9.098
2.374 9.028
2.375 8.947
2.377 8.910
2.378 9.038
2.379 8.980
2.380 9.079
2.381 9.062
2.383 8.991
2.384 8.987
2.385 8.917
2.386 8.979
2.387 8.929
2.388 8.925
2.390 8.931
2.391 8.899
2.392 8.881
2.393 8.957
2.394 8.970
2.396 9.050
2.397 9.082
2.398 9.108
2.399 9.016
2.400 8.991
2.401 9.037
2.403 8.957
2.404 9.020
2.405 8.942
2.406 9.074
2.407 9.058
2.409 9.016
2.410 8.948
2.411 8.901
2.412 8.824
2.413 8.985
2.415 9.031
2.416 9.021
2.417 9.101
2.418 9.037
2.419 9.000
2.420 8.918
2.422 8.897
2.423 8.897
2.424 8.875
2.425 8.922
2.426 9.048
2.428 8.986
2.429 8.919
2.430 8.933
2.431 8.994
2.432 9.071
2.433 9.002
2.435 8.980
2.436 8.983
2.437 8.919
2.438 8.878
2.439 8.914
2.441 8.958
2.442 8.974
2.443 8.975
2.444 8.792
2.445 8.822
2.446 8.878
2.448 8.927
2.449 8.832
2.450 8.825
2.451 8.874
2.452 8.795
2.454 8.801
2.455 8.815
2.456 8.849
2.457 8.912
2.458 8.902
2.460 8.812
2.461 8.779
2.462 8.690
2.463 8.724
2.464 8.813
2.465 8.873
2.467 8.864
2.468 8.846
2.469 8.860
2.470 8.981
2.471 8.945
2.473 8.824
2.474 8.849
2.475 8.849
2.476 8.912
2.477 8.892
2.478 8.916
2.480 8.828
2.481 8.835
2.482 8.863
2.483 8.942
2.484 8.881
2.486 9.018
2.487 9.079
2.488 9.023
2.489 8.997
2.490 8.873
2.491 8.892
2.493 8.864
2.494 9.037
2.495 8.981
2.496 8.891
2.497 8.912
2.499 8.800
2.500 8.927
2.501 8.881
2.502 8.883
2.503 8.955
2.504 8.884
2.506 8.861
2.507 8.858
2.508 8.913
2.509 8.939
2.510 8.885
2.512 9.018
2.513 8.939
2.514 8.863
2.515 8.939
2.516 8.907
2.518 8.958
2.519 8.915
2.520 8.867
2.521 8.864
2.522 9.073
2.523 8.992
2.525 8.994
2.526 9.060
2.527 8.991
2.528 8.954
2.529 9.045
2.531 9.117
2.532 9.155
2.533 9.142
2.534 9.083
2.535 9.113
2.536 8.975
2.538 9.057
2.539 9.208
2.540 9.035
2.541 9.180
2.542 9.159
2.544 9.062
2.545 9.102
2.546 9.122
2.547 9.147
2.548 9.202
2.549 9.185
2.551 9.176
2.552 9.105
2.553 9.025
2.554 9.123
2.555 9.156
2.557 9.157
2.558 9.240
2.559 9.249
2.560 9.269
2.561 9.221
2.563 9.179
2.564 9.190
2.565 9.189
2.566 9.232
2.567 9.335
2.568 9.364
2.570 9.364
2.571 9.266
2.572 9.355
2.573 9.338
2.574 9.268
2.576 9.337
2.577 9.298
2.578 9.258
2.579 9.260
2.580 9.149
2.581 9.285
2.583 9.425
2.584 9.361
2.585 9.337
2.586 9.304
2.587 9.324
2.589 9.425
2.590 9.364
2.591 9.386
2.592 9.370
2.593 9.482
2.594 9.448
2.596 9.590
2.597 9.532
2.598 9.551
2.599 9.446
2.600 9.431
2.602 9.538
2.603 9.576
2.604 9.672
2.605 9.542
2.606 9.603
2.608 9.662
2.609 9.749
2.610 9.775
2.611 9.692
2.612 9.704
2.613 9.641
2.615 9.596
2.616 9.662
2.617 9.692
2.618 9.571
2.619 9.537
2.621 9.557
2.622 9.476
2.623 9.605
2.624 9.645
2.625 9.723
2.626 9.763
2.628 9.752
2.629 9.733
2.630 9.724
2.631 9.880
2.632 9.789
2.634 9.879
2.635 9.899
2.636 9.918
2.637 9.932
2.638 9.771
2.639 9.901
2.641 9.868
2.642 9.855
2.643 9.776
2.644 9.718
2.645 9.757
2.647 9.932
2.648 9.816
2.649 9.884
2.650 9.753
2.651 9.745
2.652 9.736
2.654 9.692
2.655 9.708
2.656 9.904
2.657 9.879
2.658 9.838
2.660 9.800
2.661 9.810
2.662 9.908
2.663 9.930
2.664 9.908
2.666 9.941
2.667 10.122
2.668 10.050
2.669 10.065
2.670 9.916
2.671 10.022
2.673 10.017
2.674 9.941
2.675 9.877
2.676 10.015
2.677 10.048
2.679 10.032
2.680 10.046
2.681 9.905
2.682 9.892
2.683 9.903
2.684 9.989
2.686 9.992
2.687 9.939
2.688 9.755
2.689 9.831
2.690 9.863
2.692 9.934
2.693 9.982
2.694 10.005
2.695 10.051
2.696 10.024
2.697 10.111
2.699 10.107
2.700 10.018
2.701 9.909
2.702 9.823
2.703 9.934
2.705 9.793
2.706 9.757
2.707 9.845
2.708 9.857
2.709 9.964
2.711 9.963
2.712 9.830
2.713 9.896
2.714 9.959
2.715 9.768
2.716 9.774
2.718 9.760
2.719 9.876
2.720 9.817
2.721 9.776
2.722 9.896
2.724 9.887
2.725 9.874
2.726 9.749
2.727 9.729
2.728 9.758
2.729 9.705
2.731 9.835
2.732 9.759
2.733 9.668
2.734 9.645
2.735 9.620
2.737 9.615
2.738 9.634
2.739 9.763
2.740 9.719
2.741 9.668
2.742 9.599
2.744 9.578
2.745 9.510
2.746 9.417
2.747 9.563
2.748 9.551
2.750 9.469
2.751 9.393
2.752 9.474
2.753 9.458
2.754 9.468
2.756 9.496
2.757 9.421
2.758 9.404
2.759 9.423
2.760 9.454
2.761 9.424
2.763 9.347
2.764 9.215
2.765 9.224
2.766 9.383
2.767 9.220
2.769 9.094
2.770 9.193
2.771 9.253
2.772 9.304
2.773 9.240
2.774 9.216
2.776 9.248
2.777 9.350
2.778 9.378
2.779 9.301
2.780 9.272
2.782 9.245
2.783 9.243
2.784 9.192
2.785 9.160
2.786 9.060
2.787 9.121
2.789 9.095
2.790 9.101
2.791 9.112
2.792 9.224
2.793 9.150
2.795 9.191
2.796 9.212
2.797 9.258
2.798 9.166
2.799 9.120
2.800 9.006
2.802 8.974
2.803 9.056
2.804 9.132
2.805 9.216
2.806 9.253
2.808 9.184
2.809 9.211
2.810 9.223
2.811 9.211
2.812 9.132
2.814 9.147
2.815 9.109
2.816 9.070
2.817 9.096
2.818 9.028
2.819 9.141
2.821 9.053
2.822 9.171
2.823 9.254
2.824 9.307
2.825 9.256
2.827 9.056
2.828 8.993
2.829 8.990
2.830 9.012
2.831 8.873
2.832 9.004
2.834 9.016
2.835 9.142
2.836 9.033
2.837 9.004
2.838 8.904
2.840 8.950
2.841 9.035
2.842 9.074
2.843 9.028
2.844 8.976
2.845 8.876
2.847 8.857
2.848 8.888
2.849 8.916
2.850 8.935
2.851 8.861
2.853 8.824
2.854 8.988
2.855 8.892
2.856 8.867
2.857 8.872
2.859 8.720
2.860 8.858
2.861 9.018
2.862 8.945
2.863 9.011
2.864 9.012
2.866 8.910
2.867 8.829
2.868 8.783
2.869 8.856
2.870 8.905
2.872 8.917
2.873 8.839
2.874 8.814
2.875 8.717
2.876 8.670
2.877 8.717
2.879 8.745
2.880 8.744
2.881 8.596
2.882 8.608
2.883 8.691
2.885 8.701
2.886 8.694
2.887 8.728
2.888 8.658
2.889 8.603
2.890 8.736
2.892 8.568
2.893 8.522
2.894 8.599
2.895 8.643
2.896 8.622
2.898 8.783
2.899 8.834
2.900 8.706
2.901 8.739
2.902 8.805
2.904 8.725
2.905 8.774
2.906 8.815
2.907 8.901
2.908 8.790
2.909 8.795
2.911 8.844
2.912 8.795
2.913 8.682
2.914 8.675
2.915 8.823
2.917 8.857
2.918 8.717
2.919 8.741
2.920 8.693
2.921 8.654
2.922 8.574
2.924 8.699
2.925 8.919
2.926 8.924
2.927 8.827
2.928 8.885
2.930 8.804
2.931 8.685
2.932 8.737
2.933 8.829
2.934 8.832
2.935 9.034
2.937 9.097
2.938 8.919
2.939 8.932
2.940 8.886
2.941 8.952
2.943 8.960
2.944 8.889
2.945 8.867
2.946 8.906
2.947 8.902
2.948 8.800
2.950 8.798
2.951 8.732
2.952 8.792
2.953 8.721
2.954 8.715
2.956 8.841
2.957 8.782
2.958 8.861
2.959 8.784
2.960 8.699
2.962 8.603
2.963 8.633
2.964 8.636
2.965 8.456
2.966 8.372
2.967 8.366
2.969 8.495
2.970 8.508
2.971 8.485
2.972 8.379
2.973 8.234
2.975 8.439
2.976 8.428
2.977 8.350
2.978 8.302
2.979 8.452
2.980 8.441
2.982 8.385
2.983 8.486
2.984 8.529
2.985 8.416
2.986 8.477
2.988 8.503
2.989 8.538
2.990 8.610
2.991 8.578
2.992 8.499
2.993 8.505
2.995 8.442
2.996 8.473
2.997 8.538
2.998 8.761
2.999 8.799
