0.058 1494.778
0.060 1470.674
0.061 1437.667
0.062 1397.186
0.063 1353.819
0.064 1326.323
0.065 1309.661
0.067 1302.086
0.068 1282.224
0.069 1247.217
0.070 1226.668
0.071 1202.101
0.073 1167.328
0.074 1139.308
0.075 1110.698
0.076 1084.466
0.077 1054.635
0.078 1035.384
0.080 1009.907
0.081 980.064
0.082 954.454
0.083 930.495
0.084 907.644
0.086 877.089
0.087 852.285
0.088 826.751
0.089 800.157
0.090 779.298
0.092 760.233
0.093 735.879
0.094 707.311
0.095 689.407
0.096 660.700
0.097 637.061
0.099 607.241
0.100 585.209
0.101 563.874
0.102 535.316
0.103 512.054
0.105 489.132
0.106 470.182
0.107 444.235
0.108 425.420
0.109 403.452
0.110 382.735
0.112 365.710
0.113 346.600
0.114 328.113
0.115 309.825
0.116 294.548
0.118 277.417
0.119 263.905
0.120 247.019
0.121 230.054
0.122 217.449
0.123 206.395
0.125 192.357
0.126 178.240
0.127 167.902
0.128 155.884
0.129 145.467
0.131 137.234
0.132 127.255
0.133 118.362
0.134 109.406
0.135 102.651
0.136 94.099
0.138 87.426
0.139 80.636
0.140 74.868
0.141 69.260
0.142 63.811
0.144 59.499
0.145 54.096
0.146 49.805
0.147 45.600
0.148 42.705
0.150 39.742
0.151 36.493
0.152 34.034
0.153 31.529
0.154 29.145
0.155 26.739
0.157 25.101
0.158 23.374
0.159 21.941
0.160 20.627
0.161 19.468
0.163 18.418
0.164 17.573
0.165 17.240
0.166 16.744
0.167 16.510
0.168 16.190
0.170 15.988
0.171 15.912
0.172 16.165
0.173 15.964
0.174 16.292
0.176 16.979
0.177 17.220
0.178 17.486
0.179 18.012
0.180 18.491
0.181 19.029
0.183 19.581
0.184 20.476
0.185 20.458
0.186 21.091
0.187 21.677
0.189 22.544
0.190 23.007
0.191 23.362
0.192 24.175
0.193 24.699
0.195 25.355
0.196 25.759
0.197 26.095
0.198 26.318
0.199 26.792
0.200 27.300
0.202 27.619
0.203 27.591
0.204 28.167
0.205 28.041
0.206 27.812
0.208 28.449
0.209 28.744
0.210 28.727
0.211 28.885
0.212 28.865
0.213 28.764
0.215 28.772
0.216 28.861
0.217 28.738
0.218 28.478
0.219 28.295
0.221 27.994
0.222 27.839
0.223 27.855
0.224 27.642
0.225 27.112
0.226 26.784
0.228 26.492
0.229 26.054
0.230 25.878
0.231 25.751
0.232 25.248
0.234 24.914
0.235 24.639
0.236 24.134
0.237 23.598
0.238 23.457
0.240 22.646
0.241 21.950
0.242 21.537
0.243 21.453
0.244 21.243
0.245 20.825
0.247 20.572
0.248 20.099
0.249 19.507
0.250 19.052
0.251 18.558
0.253 18.148
0.254 17.576
0.255 17.060
0.256 16.960
0.257 16.545
0.258 16.406
0.260 16.020
0.261 15.839
0.262 15.420
0.263 14.978
0.264 14.625
0.266 14.338
0.267 14.016
0.268 13.698
0.269 13.559
0.270 12.977
0.271 12.919
0.273 12.867
0.274 12.547
0.275 12.338
0.276 12.187
0.277 12.041
0.279 12.167
0.280 11.958
0.281 11.788
0.282 11.686
0.283 11.657
0.284 11.613
0.286 11.505
0.287 11.431
0.288 11.143
0.289 11.173
0.290 11.228
0.292 11.231
0.293 11.319
0.294 11.258
0.295 11.395
0.296 11.537
0.298 11.453
0.299 11.274
0.300 11.339
0.301 11.281
0.302 11.515
0.303 11.510
0.305 11.707
0.306 11.697
0.307 11.615
0.308 11.622
0.309 11.801
0.311 11.864
0.312 11.829
0.313 11.754
0.314 11.798
0.315 12.024
0.316 12.259
0.318 12.323
0.319 12.282
0.320 12.316
0.321 12.261
0.322 12.352
0.324 12.503
0.325 12.483
0.326 12.375
0.327 12.266
0.328 12.454
0.329 12.625
0.331 12.690
0.332 12.622
0.333 12.627
0.334 12.427
0.335 12.426
0.337 12.464
0.338 12.505
0.339 12.525
0.340 12.454
0.341 12.395
0.343 12.261
0.344 12.029
0.345 12.114
0.346 12.399
0.347 12.269
0.348 12.231
0.350 12.174
0.351 12.180
0.352 12.184
0.353 11.978
0.354 11.906
0.356 11.940
0.357 11.928
0.358 11.725
0.359 11.734
0.360 11.912
0.361 11.897
0.363 11.656
0.364 11.684
0.365 11.466
0.366 11.504
0.367 11.494
0.369 11.231
0.370 11.216
0.371 11.212
0.372 11.215
0.373 11.182
0.374 11.059
0.376 11.100
0.377 10.970
0.378 11.147
0.379 10.904
0.380 10.841
0.382 10.810
0.383 10.679
0.384 10.580
0.385 10.528
0.386 10.572
0.388 10.403
0.389 10.481
0.390 10.403
0.391 10.360
0.392 10.262
0.393 10.497
0.395 10.385
0.396 10.412
0.397 10.164
0.398 10.157
0.399 10.215
0.401 10.049
0.402 10.139
0.403 10.187
0.404 10.160
0.405 10.264
0.406 10.225
0.408 10.087
0.409 10.096
0.410 9.996
0.411 10.103
0.412 10.199
0.414 10.163
0.415 10.231
0.416 10.065
0.417 9.992
0.418 10.131
0.419 10.097
0.421 10.175
0.422 10.178
0.423 10.193
0.424 10.215
0.425 10.135
0.427 10.213
0.428 10.295
0.429 10.174
0.430 10.111
0.431 10.255
0.432 10.353
0.434 10.238
0.435 10.135
0.436 10.008
0.437 10.054
0.438 10.132
0.440 10.293
0.441 10.495
0.442 10.378
0.443 10.404
0.444 10.324
0.446 10.230
0.447 10.127
0.448 9.877
0.449 9.962
0.450 10.152
0.451 10.264
0.453 10.186
0.454 10.114
0.455 10.125
0.456 10.108
0.457 10.186
0.459 10.291
0.460 10.272
0.461 10.243
0.462 10.184
0.463 10.121
0.464 10.136
0.466 10.190
0.467 10.273
0.468 10.238
0.469 10.359
0.470 10.183
0.472 10.037
0.473 10.005
0.474 10.041
0.475 10.043
0.476 10.050
0.477 10.021
0.479 10.004
0.480 10.026
0.481 9.998
0.482 9.781
0.483 9.814
0.485 9.834
0.486 9.797
0.487 9.700
0.488 9.623
0.489 9.613
0.491 9.683
0.492 9.675
0.493 9.693
0.494 9.731
0.495 9.641
0.496 9.705
0.498 9.674
0.499 9.661
0.500 9.574
0.501 9.387
0.502 9.460
0.504 9.592
0.505 9.534
0.506 9.504
0.507 9.607
0.508 9.638
0.509 9.468
0.511 9.361
0.512 9.441
0.513 9.508
0.514 9.394
0.515 9.635
0.517 9.491
0.518 9.507
0.519 9.484
0.520 9.426
0.521 9.417
0.522 9.480
0.524 9.456
0.525 9.508
0.526 9.452
0.527 9.511
0.528 9.281
0.530 9.347
0.531 9.365
0.532 9.335
0.533 9.477
0.534 9.527
0.536 9.371
0.537 9.448
0.538 9.576
0.539 9.591
0.540 9.547
0.541 9.429
0.543 9.478
0.544 9.331
0.545 9.432
0.546 9.432
0.547 9.484
0.549 9.505
0.550 9.544
0.551 9.494
0.552 9.504
0.553 9.485
0.554 9.472
0.556 9.531
0.557 9.458
0.558 9.554
0.559 9.588
0.560 9.697
0.562 9.727
0.563 9.525
0.564 9.436
0.565 9.458
0.566 9.481
0.567 9.439
0.569 9.340
0.570 9.265
0.571 9.395
0.572 9.474
0.573 9.502
0.575 9.547
0.576 9.422
0.577 9.373
0.578 9.417
0.579 9.538
0.580 9.512
0.582 9.562
0.583 9.564
0.584 9.596
0.585 9.494
0.586 9.381
0.588 9.307
0.589 9.263
0.590 9.392
0.591 9.517
0.592 9.526
0.594 9.263
0.595 9.283
0.596 9.355
0.597 9.389
0.598 9.445
0.599 9.389
0.601 9.472
0.602 9.426
0.603 9.613
0.604 9.493
0.605 9.487
0.607 9.544
0.608 9.508
0.609 9.536
0.610 9.612
0.611 9.643
0.612 9.595
0.614 9.435
0.615 9.488
0.616 9.490
0.617 9.541
0.618 9.496
0.620 9.410
0.621 9.554
0.622 9.460
0.623 9.491
0.624 9.462
0.625 9.400
0.627 9.403
0.628 9.383
0.629 9.320
0.630 9.362
0.631 9.346
0.633 9.478
0.634 9.368
0.635 9.384
0.636 9.283
0.637 9.344
0.639 9.350
0.640 9.466
0.641 9.393
0.642 9.514
0.643 9.385
0.644 9.385
0.646 9.424
0.647 9.438
0.648 9.583
0.649 9.450
0.650 9.282
0.652 9.353
0.653 9.348
0.654 9.435
0.655 9.375
0.656 9.243
0.657 9.409
0.659 9.418
0.660 9.556
0.661 9.348
0.662 9.279
0.663 9.370
0.665 9.383
0.666 9.484
0.667 9.531
0.668 9.514
0.669 9.526
0.670 9.431
0.672 9.460
0.673 9.605
0.674 9.567
0.675 9.682
0.676 9.664
0.678 9.694
0.679 9.647
0.680 9.613
0.681 9.547
0.682 9.528
0.684 9.447
0.685 9.553
0.686 9.570
0.687 9.622
0.688 9.575
0.689 9.446
0.691 9.402
0.692 9.312
0.693 9.271
0.694 9.467
0.695 9.578
0.697 9.614
0.698 9.593
0.699 9.543
0.700 9.631
0.701 9.642
0.702 9.649
0.704 9.652
0.705 9.515
0.706 9.585
0.707 9.598
0.708 9.548
0.710 9.503
0.711 9.458
0.712 9.419
0.713 9.399
0.714 9.421
0.715 9.506
0.717 9.546
0.718 9.475
0.719 9.453
0.720 9.570
0.721 9.467
0.723 9.601
0.724 9.687
0.725 9.639
0.726 9.528
0.727 9.561
0.728 9.516
0.730 9.407
0.731 9.495
0.732 9.511
0.733 9.602
0.734 9.625
0.736 9.666
0.737 9.612
0.738 9.631
0.739 9.603
0.740 9.564
0.742 9.594
0.743 9.587
0.744 9.559
0.745 9.572
0.746 9.496
0.747 9.482
0.749 9.558
0.750 9.604
0.751 9.513
0.752 9.684
0.753 9.699
0.755 9.680
0.756 9.666
0.757 9.624
0.758 9.591
0.759 9.624
0.760 9.695
0.762 9.683
0.763 9.693
0.764 9.697
0.765 9.772
0.766 9.769
0.768 9.691
0.769 9.837
0.770 9.863
0.771 9.809
0.772 9.791
0.773 9.803
0.775 9.774
0.776 9.894
0.777 9.809
0.778 9.775
0.779 9.771
0.781 9.865
0.782 9.659
0.783 9.746
0.784 9.702
0.785 9.798
0.787 9.789
0.788 9.805
0.789 9.813
0.790 9.859
0.791 9.917
0.792 9.798
0.794 9.650
0.795 9.690
0.796 9.761
0.797 9.765
0.798 9.696
0.800 9.795
0.801 9.706
0.802 9.750
0.803 9.787
0.804 9.849
0.805 9.892
0.807 9.849
0.808 9.954
0.809 9.900
0.810 9.855
0.811 9.815
0.813 9.704
0.814 9.817
0.815 9.832
0.816 9.871
0.817 9.789
0.818 9.843
0.820 9.788
0.821 9.789
0.822 9.973
0.823 9.975
0.824 9.948
0.826 10.063
0.827 10.027
0.828 10.001
0.829 10.034
0.830 10.044
0.832 10.077
0.833 10.092
0.834 10.184
0.835 9.983
0.836 10.064
0.837 10.095
0.839 10.091
0.840 10.104
0.841 10.134
0.842 10.106
0.843 10.053
0.845 10.101
0.846 10.109
0.847 10.120
0.848 10.143
0.849 10.202
0.850 10.202
0.852 10.207
0.853 10.138
0.854 10.115
0.855 10.166
0.856 10.082
0.858 10.070
0.859 10.262
0.860 10.130
0.861 10.114
0.862 10.165
0.863 10.297
0.865 10.344
0.866 10.294
0.867 10.279
0.868 10.249
0.869 10.296
0.871 10.292
0.872 10.385
0.873 10.424
0.874 10.499
0.875 10.488
0.876 10.423
0.878 10.438
0.879 10.355
0.880 10.269
0.881 10.444
0.882 10.411
0.884 10.467
0.885 10.420
0.886 10.417
0.887 10.351
0.888 10.361
0.890 10.355
0.891 10.422
0.892 10.514
0.893 10.495
0.894 10.455
0.895 10.454
0.897 10.475
0.898 10.465
0.899 10.549
0.900 10.427
0.901 10.445
0.903 10.611
0.904 10.697
0.905 10.650
0.906 10.679
0.907 10.658
0.908 10.652
0.910 10.718
0.911 10.697
0.912 10.778
0.913 10.865
0.914 10.843
0.916 10.832
0.917 10.760
0.918 10.784
0.919 10.873
0.920 10.794
0.921 10.790
0.923 10.859
0.924 10.850
0.925 10.809
0.926 10.791
0.927 10.723
0.929 10.885
0.930 10.972
0.931 10.886
0.932 11.001
0.933 10.954
0.935 10.974
0.936 10.995
0.937 11.009
0.938 10.966
0.939 11.107
0.940 11.194
0.942 11.195
0.943 11.297
0.944 11.261
0.945 11.110
0.946 10.969
0.948 10.976
0.949 10.975
0.950 10.906
0.951 11.057
0.952 11.074
0.953 11.156
0.955 11.180
0.956 11.309
0.957 11.111
0.958 11.130
0.959 11.097
0.961 11.041
0.962 11.067
0.963 11.166
0.964 11.362
0.965 11.436
0.966 11.458
0.968 11.468
0.969 11.461
0.970 11.603
0.971 11.662
0.972 11.564
0.974 11.596
0.975 11.479
0.976 11.533
0.977 11.474
0.978 11.444
0.980 11.427
0.981 11.532
0.982 11.662
0.983 11.706
0.984 11.635
0.985 11.633
0.987 11.699
0.988 11.548
0.989 11.716
0.990 11.766
0.991 11.940
0.993 11.924
0.994 11.888
0.995 11.792
0.996 11.867
0.997 12.026
0.998 12.005
1.000 11.969
1.001 11.935
1.002 12.008
1.003 12.021
1.004 12.007
1.006 11.976
1.007 11.951
1.008 11.929
1.009 12.117
1.010 12.223
1.011 12.145
1.013 12.143
1.014 12.032
1.015 12.091
1.016 12.157
1.017 12.160
1.019 12.167
1.020 12.230
1.021 12.254
1.022 12.288
1.023 12.201
1.024 12.242
1.026 12.439
1.027 12.351
1.028 12.407
1.029 12.431
1.030 12.376
1.032 12.453
1.033 12.542
1.034 12.770
1.035 12.726
1.036 12.707
1.038 12.640
1.039 12.693
1.040 12.653
1.041 12.589
1.042 12.624
1.043 12.634
1.045 12.592
1.046 12.750
1.047 12.687
1.048 12.760
1.049 12.820
1.051 12.707
1.052 12.647
1.053 12.764
1.054 12.779
1.055 13.001
1.056 12.981
1.058 13.027
1.059 13.213
1.060 13.217
1.061 13.097
1.062 13.169
1.064 13.206
1.065 13.258
1.066 13.207
1.067 13.256
1.068 13.150
1.069 13.176
1.071 13.212
1.072 13.239
1.073 13.250
1.074 13.368
1.075 13.332
1.077 13.348
1.078 13.280
1.079 13.288
1.080 13.330
1.081 13.236
1.083 13.321
1.084 13.278
1.085 13.491
1.086 13.525
1.087 13.672
1.088 13.750
1.090 13.599
1.091 13.602
1.092 13.678
1.093 13.643
1.094 13.676
1.096 13.839
1.097 13.879
1.098 13.886
1.099 13.904
1.100 13.990
1.101 13.854
1.103 13.899
1.104 13.961
1.105 13.917
1.106 13.891
1.107 14.076
1.109 14.218
1.110 14.126
1.111 14.075
1.112 14.111
1.113 14.140
1.114 14.246
1.116 14.222
1.117 14.280
1.118 14.203
1.119 14.211
1.120 14.363
1.122 14.400
1.123 14.367
1.124 14.412
1.125 14.328
1.126 14.403
1.128 14.371
1.129 14.439
1.130 14.686
1.131 14.599
1.132 14.503
1.133 14.544
1.135 14.495
1.136 14.551
1.137 14.438
1.138 14.499
1.139 14.548
1.141 14.674
1.142 14.789
1.143 14.829
1.144 14.792
1.145 14.720
1.146 14.884
1.148 14.914
1.149 14.877
1.150 14.787
1.151 14.727
1.152 14.815
1.154 14.838
1.155 15.102
1.156 15.293
1.157 15.059
1.158 15.137
1.159 15.235
1.161 15.284
1.162 15.052
1.163 15.128
1.164 15.220
1.165 15.322
1.167 15.322
1.168 15.264
1.169 15.179
1.170 15.163
1.171 15.098
1.172 15.052
1.174 15.263
1.175 15.298
1.176 15.326
1.177 15.422
1.178 15.303
1.180 15.319
1.181 15.261
1.182 15.278
1.183 15.444
1.184 15.571
1.186 15.514
1.187 15.521
1.188 15.379
1.189 15.390
1.190 15.356
1.191 15.329
1.193 15.313
1.194 15.438
1.195 15.480
1.196 15.544
1.197 15.512
1.199 15.522
1.200 15.542
1.201 15.618
1.202 15.606
1.203 15.789
1.204 15.632
1.206 15.695
1.207 15.777
1.208 15.854
1.209 15.760
1.210 15.824
1.212 15.818
1.213 15.643
1.214 15.679
1.215 15.742
1.216 15.717
1.217 15.750
1.219 15.793
1.220 15.806
1.221 15.868
1.222 15.939
1.223 15.908
1.225 16.122
1.226 16.027
1.227 16.075
1.228 16.052
1.229 16.012
1.231 16.144
1.232 16.148
1.233 16.067
1.234 15.955
1.235 15.883
1.236 15.939
1.238 16.046
1.239 15.876
1.240 16.038
1.241 16.035
1.242 16.088
1.244 16.132
1.245 16.230
1.246 16.203
1.247 16.267
1.248 16.237
1.249 16.318
1.251 16.255
1.252 16.240
1.253 16.248
1.254 16.286
1.255 16.233
1.257 16.229
1.258 16.373
1.259 16.350
1.260 16.296
1.261 16.159
1.262 16.182
1.264 16.198
1.265 16.273
1.266 16.234
1.267 16.363
1.268 16.188
1.270 16.224
1.271 16.224
1.272 16.146
1.273 16.095
1.274 16.204
1.276 16.192
1.277 16.336
1.278 16.372
1.279 16.395
1.280 16.357
1.281 16.287
1.283 16.320
1.284 16.266
1.285 16.385
1.286 16.192
1.287 16.330
1.289 16.249
1.290 16.332
1.291 16.378
1.292 16.208
1.293 16.206
1.294 16.035
1.296 16.041
1.297 16.323
1.298 16.195
1.299 16.291
1.300 16.173
1.302 16.131
1.303 16.097
1.304 15.990
1.305 15.958
1.306 15.948
1.307 15.811
1.309 15.821
1.310 16.000
1.311 16.077
1.312 16.103
1.313 16.051
1.315 16.104
1.316 15.953
1.317 16.042
1.318 16.048
1.319 16.001
1.320 16.059
1.322 16.109
1.323 16.047
1.324 16.140
1.325 16.174
1.326 16.108
1.328 16.017
1.329 15.961
1.330 15.964
1.331 15.982
1.332 15.984
1.334 15.865
1.335 15.886
1.336 15.759
1.337 15.594
1.338 15.613
1.339 15.634
1.341 15.572
1.342 15.523
1.343 15.543
1.344 15.607
1.345 15.618
1.347 15.561
1.348 15.536
1.349 15.511
1.350 15.611
1.351 15.313
1.352 15.292
1.354 15.336
1.355 15.315
1.356 15.344
1.357 15.478
1.358 15.535
1.360 15.513
1.361 15.401
1.362 15.309
1.363 15.402
1.364 15.329
1.365 15.318
1.367 15.349
1.368 15.443
1.369 15.542
1.370 15.545
1.371 15.488
1.373 15.262
1.374 15.082
1.375 15.068
1.376 15.093
1.377 15.188
1.379 15.289
1.380 15.141
1.381 15.175
1.382 15.126
1.383 15.064
1.384 15.155
1.386 15.049
1.387 15.114
1.388 15.157
1.389 15.188
1.390 15.067
1.392 15.011
1.393 15.039
1.394 14.828
1.395 14.783
1.396 14.835
1.397 14.695
1.399 14.845
1.400 14.773
1.401 14.663
1.402 14.822
1.403 14.603
1.405 14.655
1.406 14.582
1.407 14.712
1.408 14.502
1.409 14.528
1.410 14.605
1.412 14.704
1.413 14.638
1.414 14.626
1.415 14.556
1.416 14.584
1.418 14.571
1.419 14.616
1.420 14.469
1.421 14.404
1.422 14.489
1.424 14.497
1.425 14.324
1.426 14.306
1.427 14.266
1.428 14.365
1.429 14.469
1.431 14.384
1.432 14.212
1.433 14.183
1.434 14.253
1.435 14.245
1.437 14.053
1.438 14.168
1.439 14.249
1.440 14.122
1.441 14.014
1.442 14.179
1.444 14.188
1.445 14.209
1.446 14.187
1.447 14.008
1.448 13.976
1.450 13.888
1.451 13.875
1.452 13.960
1.453 13.909
1.454 13.798
1.455 13.701
1.457 13.811
1.458 13.832
1.459 13.772
1.460 13.655
1.461 13.678
1.463 13.771
1.464 13.667
1.465 13.619
1.466 13.637
1.467 13.608
1.468 13.544
1.470 13.562
1.471 13.345
1.472 13.425
1.473 13.554
1.474 13.490
1.476 13.470
1.477 13.531
1.478 13.677
1.479 13.609
1.480 13.628
1.482 13.542
1.483 13.547
1.484 13.609
1.485 13.585
1.486 13.527
1.487 13.340
1.489 13.227
1.490 13.237
1.491 13.375
1.492 13.402
1.493 13.485
1.495 13.342
1.496 13.211
1.497 13.233
1.498 13.202
1.499 13.275
1.500 13.297
1.502 13.191
1.503 13.145
1.504 13.012
1.505 12.985
1.506 12.984
1.508 12.979
1.509 13.092
1.510 13.114
1.511 13.212
1..512 13.241
1.513 13.195
1.515 13.168
1.516 13.034
1.517 12.846
1.518 12.906
1.519 12.971
1.521 12.934
1.522 12.899
1.523 12.849
1.524 12.880
1.525 12.826
1.527 12.797
1.528 12.924
1.529 12.926
1.530 12.758
1.531 12.733
1.532 12.743
1.534 12.763
1.535 12.703
1.536 12.708
1.537 12.709
1.538 12.666
1.540 12.832
1.541 12.718
1.542 12.444
1.543 12.353
1.544 12.482
1.545 12.407
1.547 12.361
1.548 12.323
1.549 12.350
1.550 12.466
1.551 12.379
1.553 12.595
1.554 12.631
1.555 12.543
1.556 12.481
1.557 12.427
1.558 12.349
1.560 12.453
1.561 12.486
1.562 12.351
1.563 12.469
1.564 12.470
1.566 12.331
1.567 12.322
1.568 12.417
1.569 12.410
1.570 12.274
1.572 12.253
1.573 12.166
1.574 12.357
1.575 12.271
1.576 12.181
1.577 12.232
1.579 12.235
1.580 12.208
1.581 12.043
1.582 12.064
1.583 12.138
1.585 12.040
1.586 12.166
1.587 12.105
1.588 12.082
1.589 12.043
1.590 11.991
1.592 12.037
1.593 11.923
1.594 12.005
1.595 12.111
1.596 12.153
1.598 12.070
1.599 12.014
1.600 12.075
1.601 12.044
1.602 11.933
1.603 11.899
1.605 11.945
1.606 11.796
1.607 11.832
1.608 11.881
1.609 11.834
1.611 11.945
1.612 11.891
1.613 11.938
1.614 11.879
1.615 11.909
1.616 11.889
1.618 11.976
1.619 11.866
1.620 11.804
1.621 11.814
1.622 12.013
1.624 11.787
1.625 11.752
1.626 11.765
1.627 11.720
1.628 11.720
1.630 11.607
1.631 11.633
1.632 11.668
1.633 11.755
1.634 11.644
1.635 11.630
1.637 11.586
1.638 11.674
1.639 11.769
1.640 11.708
1.641 11.730
1.643 11.738
1.644 11.496
1.645 11.493
1.646 11.541
1.647 11.624
1.648 11.630
1.650 11.661
1.651 11.532
1.652 11.520
1.653 11.508
1.654 11.522
1.656 11.388
1.657 11.441
1.658 11.489
1.659 11.505
1.660 11.503
1.661 11.501
1.663 11.372
1.664 11.440
1.665 11.589
1.666 11.472
1.667 11.399
1.669 11.384
1.670 11.291
1.671 11.266
1.672 11.256
1.673 11.289
1.675 11.295
1.676 11.388
1.677 11.233
1.678 11.266
1.679 11.331
1.680 11.374
1.682 11.258
1.683 11.206
1.684 11.188
1.685 11.241
1.686 11.240
1.688 11.189
1.689 11.185
1.690 11.170
1.691 11.148
1.692 11.126
1.693 11.271
1.695 11.223
1.696 11.282
1.697 11.322
1.698 11.274
1.699 11.370
1.701 11.317
1.702 11.227
1.703 11.135
1.704 11.231
1.705 11.253
1.706 11.082
1.708 11.135
1.709 11.037
1.710 11.045
1.711 11.157
1.712 11.057
1.714 11.094
1.715 11.118
1.716 11.159
1.717 11.183
1.718 11.286
1.720 11.200
1.721 11.201
1.722 11.111
1.723 11.123
1.724 11.125
1.725 11.015
1.727 11.086
1.728 11.064
1.729 10.985
1.730 11.016
1.731 10.919
1.733 10.981
1.734 10.991
1.735 10.992
1.736 10.951
1.737 10.999
1.738 11.013
1.740 10.995
1.741 10.952
1.742 10.912
1.743 10.967
1.744 10.910
1.746 10.881
1.747 10.933
1.748 10.895
1.749 10.906
1.750 10.980
1.751 10.778
1.753 10.753
1.754 10.770
1.755 10.853
1.756 10.846
1.757 10.717
1.759 10.828
1.760 10.732
1.761 10.715
1.762 10.867
1.763 10.829
1.764 10.828
1.766 10.607
1.767 10.549
1.768 10.590
1.769 10.704
1.770 10.711
1.772 10.747
1.773 10.750
1.774 10.770
1.775 10.781
1.776 10.745
1.778 10.673
1.779 10.704
1.780 10.638
1.781 10.539
1.782 10.609
1.783 10.588
1.785 10.544
1.786 10.602
1.787 10.502
1.788 10.461
1.789 10.446
1.791 10.526
1.792 10.534
1.793 10.471
1.794 10.505
1.795 10.527
1.796 10.437
1.798 10.394
1.799 10.465
1.800 10.462
1.801 10.511
1.802 10.461
1.804 10.456
1.805 10.408
1.806 10.378
1.807 10.280
1.808 10.397
1.809 10.513
1.811 10.519
1.812 10.458
1.813 10.448
1.814 10.253
1.815 10.307
1.817 10.316
1.818 10.271
1.819 10.258
1.820 10.201
1.821 10.289
1.823 10.279
1.824 10.354
1.825 10.373
1.826 10.403
1.827 10.359
1.828 10.341
1.830 10.272
1.831 10.250
1.832 10.109
1.833 10.295
1.834 10.243
1.836 10.288
1.837 10.335
1.838 10.211
1.839 10.126
1.840 10.054
1.841 9.971
1.843 10.032
1.844 10.126
1.845 10.102
1.846 10.108
1.847 9.987
1.849 9.915
1.850 10.014
1.851 9.995
1.852 10.050
1.853 10.094
1.854 10.051
1.856 10.012
1.857 10.010
1.858 10.014
1.859 10.080
1.860 10.028
1.862 10.069
1.863 9.994
1.864 10.039
1.865 10.096
1.866 10.155
1.868 10.005
1.869 9.928
1.870 9.960
1.871 9.940
1.872 9.847
1.873 9.855
1.875 9.886
1.876 9.999
1.877 10.028
1.878 9.999
1.879 10.036
1.881 10.075
1.882 10.065
1.883 9.964
1.884 9.931
1.885 9.957
1.886 9.902
1.888 9.919
1.889 9.913
1.890 9.827
1.891 9.850
1.892 9.808
1.894 9.842
1.895 9.905
1.896 9.909
1.897 9.804
1.898 9.831
1.899 9.843
1.901 9.747
1.902 9.767
1.903 9.744
1.904 9.745
1.905 9.681
1.907 9.796
1.908 9.847
1.909 9.835
1.910 9.787
1.911 9.728
1.912 9.667
1.914 9.731
1.915 9.672
1.916 9.781
1.917 9.782
1.918 9.822
1.920 9.727
1.921 9.633
1.922 9.546
1.923 9.488
1.924 9.595
1.926 9.549
1.927 9.467
1.928 9.457
1.929 9.425
1.930 9.387
1.931 9.359
1.933 9.296
1.934 9.462
1.935 9.512
1.936 9.480
1.937 9.429
1.939 9.488
1.940 9.540
1.941 9.504
1.942 9.552
1.943 9.425
1.944 9.436
1.946 9.462
1.947 9.488
1.948 9.453
1.949 9.411
1.950 9.416
1.952 9.379
1.953 9.297
1.954 9.398
1.955 9.428
1.956 9.392
1.957 9.396
1.959 9.332
1.960 9.293
1.961 9.270
1.962 9.393
1.963 9.304
1.965 9.394
1.966 9.261
1.967 9.281
1.968 9.293
1.969 9.289
1.971 9.161
1.972 9.235
1.973 9.218
1.974 9.278
1.975 9.288
1.976 9.259
1.978 9.197
1.979 9.319
1.980 9.280
1.981 9.248
1.982 9.213
1.984 9.195
1.985 9.182
1.986 9.134
1.987 9.087
1.988 9.089
1.989 9.045
1.991 9.141
1.992 9.106
1.993 9.132
1.994 9.143
1.995 9.061
1.997 9.000
1.998 9.026
1.999 9.142
2.000 9.108
2.001 8.991
2.002 9.057
2.004 9.086
2.005 9.022
2.006 9.004
2.007 9.063
2.008 8.980
2.010 9.028
2.011 9.004
2.012 8.991
2.013 9.034
2.014 8.976
2.016 9.003
2.017 8.981
2.018 8.961
2.019 9.047
2.020 9.071
2.021 8.937
2.023 8.838
2.024 8.931
2.025 8.936
2.026 8.931
2.027 8.967
2.029 8.957
2.030 8.955
2.031 8.919
2.032 8.982
2.033 8.911
2.034 8.923
2.036 8.839
2.037 8.927
2.038 8.902
2.039 8.782
2.040 8.908
2.042 8.978
2.043 9.001
2.044 8.962
2.045 8.878
2.046 8.750
2.047 8.674
2.049 8.693
2.050 8.692
2.051 8.717
2.052 8.734
2.053 8.783
2.055 8.727
2.056 8.656
2.057 8.621
2.058 8.794
2.059 8.752
2.060 8.731
2.062 8.714
2.063 8.667
2.064 8.680
2.065 8.748
2.066 8.678
2.068 8.686
2.069 8.736
2.070 8.759
2.071 8.749
2.072 8.805
2.074 8.821
2.075 8.798
2.076 8.677
2.077 8.657
2.078 8.609
2.079 8.632
2.081 8.584
2.082 8.501
2.083 8.595
2.084 8.580
2.085 8.605
2.087 8.519
2.088 8.477
2.089 8.493
2.090 8.521
2.091 8.526
2.092 8.457
2.094 8.403
2.095 8.524
2.096 8.553
2.097 8.605
2.098 8.571
2.100 8.548
2.101 8.508
2.102 8.474
2.103 8.507
2.104 8.350
2.105 8.414
2.107 8.419
2.108 8.409
2.109 8.442
2.110 8.415
2.111 8.370
2.113 8.438
2.114 8.428
2.115 8.310
2.116 8.326
2.117 8.302
2.119 8.318
2.120 8.283
2.121 8.327
2.122 8.407
2.123 8.359
2.124 8.433
2.126 8.477
2.127 8.510
2.128 8.343
2.129 8.296
2.130 8.323
2.132 8.298
2.133 8.271
2.134 8.213
2.135 8.219
2.136 8.203
2.137 8.276
2.139 8.157
2.140 8.091
2.141 8.185
2.142 8.246
2.143 8.202
2.145 8.187
2.146 8.147
2.147 8.230
2.148 8.272
2.149 8.344
2.150 8.305
2.152 8.344
2.153 8.268
2.154 8.362
2.155 8.262
2.156 8.312
2.158 8.233
2.159 8.226
2.160 8.178
2.161 8.172
2.162 8.267
2.164 8.239
2.165 8.215
2.166 8.241
2.167 8.256
2.168 8.260
2.169 8.206
2.171 8.166
2.172 8.148
2.173 8.132
2.174 8.071
2.175 8.122
2.177 8.100
2.178 8.067
2.179 8.026
2.180 7.976
2.181 7.916
2.182 8.020
2.184 8.074
2.185 8.081
2.186 8.037
2.187 8.068
2.188 8.107
2.190 8.085
2.191 8.097
2.192 8.056
2.193 8.027
2.194 8.053
2.195 7.989
2.197 8.011
2.198 8.018
2.199 7.977
2.200 7.959
2.201 7.923
2.203 7.973
2.204 8.017
2.205 7.993
2.206 7.920
2.207 8.003
2.208 8.044
2.210 8.083
2.211 7.992
2.212 7.974
2.213 8.016
2.214 8.107
2.216 7.974
2.217 7.935
2.218 7.990
2.219 8.063
2.220 7.938
2.222 7.906
2.223 7.821
2.224 7.868
2.225 7.967
2.226 8.059
2.227 7.978
2.229 7.911
2.230 7.798
2.231 7.868
2.232 7.923
2.233 7.953
2.235 7.901
2.236 7.942
2.237 7.996
2.238 7.982
2.239 7.974
2.240 8.003
2.242 7.932
2.243 7.965
2.244 7.908
2.245 7.941
2.246 8.002
2.248 7.964
2.249 7.906
2.250 7.981
2.251 7.976
2.252 7.941
2.253 7.906
2.255 7.911
2.256 7.859
2.257 7.799
2.258 7.874
2.259 7.921
2.261 7.854
2.262 7.927
2.263 7.934
2.264 7.976
2.265 7.915
2.267 7.924
2.268 7.823
2.269 7.763
2.270 7.715
2.271 7.792
2.272 7.744
2.274 7.789
2.275 7.720
2.276 7.745
2.277 7.828
2.278 7.850
2.280 7.964
2.281 7.965
2.282 7.894
2.283 7.760
2.284 7.825
2.285 7.790
2.287 7.712
2.288 7.810
2.289 7.774
2.290 7.800
2.291 7.777
2.293 7.671
2.294 7.646
2.295 7.736
2.296 7.786
2.297 7.839
2.298 7.748
2.300 7.646
2.301 7.681
2.302 7.844
2.303 7.784
2.304 7.777
2.306 7.779
2.307 7.692
2.308 7.641
2.309 7.682
2.310 7.659
2.312 7.710
2.313 7.735
2.314 7.719
2.315 7.715
2.316 7.700
2.317 7.685
2.319 7.658
2.320 7.753
2.321 7.771
2.322 7.755
2.323 7.785
2.325 7.696
2.326 7.750
2.327 7.771
2.328 7.763
2.329 7.716
2.330 7.730
2.332 7.686
2.333 7.653
2.334 7.812
2.335 7.745
2.336 7.625
2.338 7.669
2.339 7.669
2.340 7.686
2.341 7.632
2.342 7.682
2.343 7.562
2.345 7.523
2.346 7.598
2.347 7.452
2.348 7.469
2.349 7.559
2.351 7.624
2.352 7.635
2.353 7.600
2.354 7.605
2.355 7.570
2.356 7.648
2.358 7.629
2.359 7.621
2.360 7.690
2.361 7.589
2.362 7.595
2.364 7.555
2.365 7.619
2.366 7.663
2.367 7.565
2.368 7.506
2.370 7.531
2.371 7.523
2.372 7.545
2.373 7.501
2.374 7.581
2.375 7.601
2.377 7.556
2.378 7.583
2.379 7.586
2.380 7.629
2.381 7.672
2.383 7.649
2.384 7.603
2.385 7.678
2.386 7.679
2.387 7.626
2.388 7.679
2.390 7.576
2.391 7.585
2.392 7.605
2.393 7.556
2.394 7.523
2.396 7.479
2.397 7.449
2.398 7.420
2.399 7.508
2.400 7.603
2.401 7.600
2.403 7.653
2.404 7.528
2.405 7.463
2.406 7.507
2.407 7.558
2.409 7.532
2.410 7.547
2.411 7.548
2.412 7.563
2.413 7.513
2.415 7.432
2.416 7.475
2.417 7.494
2.418 7.483
2.419 7.434
2.420 7.509
2.422 7.573
2.423 7.527
2.424 7.564
2.425 7.552
2.426 7.608
2.428 7.519
2.429 7.507
2.430 7.507
2.431 7.478
2.432 7.471
2.433 7.571
2.435 7.470
2.436 7.562
2.437 7.469
2.438 7.296
2.439 7.370
2.441 7.379
2.442 7.502
2.443 7.585
2.444 7.508
2.445 7.409
2.446 7.437
2.448 7.420
2.449 7.448
2.450 7.438
2.451 7.488
2.452 7.404
2.454 7.312
2.455 7.343
2.456 7.358
2.457 7.323
2.458 7.287
2.460 7.341
2.461 7.336
2.462 7.307
2.463 7.301
2.464 7.315
2.465 7.337
2.467 7.327
2.468 7.254
2.469 7.234
2.470 7.269
2.471 7.262
2.473 7.320
2.474 7.369
2.475 7.274
2.476 7.306
2.477 7.369
2.478 7.413
2.480 7.362
2.481 7.444
2.482 7.439
2.483 7.456
2.484 7.415
2.486 7.430
2.487 7.507
2.488 7.472
2.489 7.496
2.490 7.418
2.491 7.495
2.493 7.482
2.494 7.490
2.495 7.619
2.496 7.652
2.497 7.685
2.499 7.554
2.500 7.608
2.501 7.609
2.502 7.535
2.503 7.626
2.504 7.526
2.506 7.518
2.507 7.488
2.508 7.511
2.509 7.571
2.510 7.489
2.512 7.527
2.513 7.499
2.514 7.548
2.515 7.523
2.516 7.572
2.518 7.497
2.519 7.485
2.520 7.380
2.521 7.382
2.522 7.409
2.523 7.525
2.525 7.450
2.526 7.550
2.527 7.538
2.528 7.490
2.529 7.518
2.531 7.620
2.532 7.564
2.533 7.662
2.534 7.644
2.535 7.565
2.536 7.537
2.538 7.457
2.539 7.549
2.540 7.552
2.541 7.565
2.542 7.560
2.544 7.638
2.545 7.593
2.546 7.463
2.547 7.565
2.548 7.564
2.549 7.605
2.551 7.636
2.552 7.622
2.553 7.559
2.554 7.549
2.555 7.618
2.557 7.688
2.558 7.713
2.559 7.691
2.560 7.643
2.561 7.637
2.563 7.696
2.564 7.704
2.565 7.687
2.566 7.625
2.567 7.741
2.568 7.783
2.570 7.899
2.571 7.845
2.572 7.866
2.573 7.848
2.574 7.894
2.576 7.861
2.577 7.785
2.578 7.754
2.579 7.722
2.580 7.816
2.581 7.854
2.583 7.864
2.584 7.895
2.585 7.919
2.586 7.957
2.587 7.899
2.589 7.928
2.590 8.010
2.591 7.913
2.592 7.878
2.593 7.972
2.594 7.971
2.596 8.003
2.597 8.129
2.598 8.181
2.599 8.116
2.600 8.004
2.602 8.051
2.603 7.982
2.604 7.936
2.605 7.959
2.606 8.100
2.608 8.151
2.609 8.180
2.610 8.188
2.611 8.186
2.612 8.203
2.613 8.235
2.615 8.252
2.616 8.287
2.617 8.371
2.618 8.383
2.619 8.404
2.621 8.338
2.622 8.290
2.623 8.280
2.624 8.293
2.625 8.284
2.626 8.314
2.628 8.279
2.629 8.374
2.630 8.362
2.631 8.467
2.632 8.488
2.634 8.434
2.635 8.447
2.636 8.492
2.637 8.522
2.638 8.493
2.639 8.482
2.641 8.560
2.642 8.586
2.643 8.668
2.644 8.616
2.645 8.616
2.647 8.699
2.648 8.650
2.649 8.582
2.650 8.644
2.651 8.646
2.652 8.735
2.654 8.774
2.655 8.814
2.656 8.746
2.657 8.788
2.658 8.751
2.660 8.692
2.661 8.661
2.662 8.707
2.663 8.839
2.664 8.800
2.666 8.731
2.667 8.804
2.668 8.893
2.669 8.901
2.670 8.897
2.671 8.852
2.673 8.905
2.674 8.881
2.675 8.811
2.676 8.871
2.677 8.898
2.679 8.941
2.680 8.948
2.681 8.961
2.682 8.875
2.683 8.847
2.684 8.858
2.686 9.035
2.687 8.939
2.688 8.801
2.689 8.850
2.690 8.902
2.692 8.872
2.693 8.864
2.694 8.849
2.695 8.897
2.696 8.723
2.697 8.756
2.699 8.807
2.700 8.725
2.701 8.730
2.702 8.720
2.703 8.694
2.705 8.787
2.706 8.732
2.707 8.796
2.708 8.779
2.709 8.723
2.711 8.787
2.712 8.734
2.713 8.752
2.714 8.694
2.715 8.627
2.716 8.648
2.718 8.721
2.719 8.551
2.720 8.511
2.721 8.487
2.722 8.458
2.724 8.415
2.725 8.458
2.726 8.470
2.727 8.426
2.728 8.324
2.729 8.392
2.731 8.344
2.732 8.368
2.733 8.289
2.734 8.308
2.735 8.294
2.737 8.309
2.738 8.256
2.739 8.172
2.740 8.323
2.741 8.340
2.742 8.325
2.744 8.300
2.745 8.218
2.746 8.176
2.747 8.228
2.748 8.300
2.750 8.284
2.751 8.258
2.752 8.182
2.753 8.216
2.754 8.103
2.756 8.092
2.757 8.048
2.758 8.052
2.759 8.013
2.760 8.013
2.761 8.101
2.763 7.991
2.764 8.085
2.765 8.144
2.766 8.025
2.767 7.978
2.769 7.974
2.770 8.047
2.771 8.131
2.772 8.006
2.773 8.060
2.774 7.951
2.776 7.927
2.777 7.904
2.778 7.975
2.779 7.947
2.780 8.044
2.782 8.018
2.783 7.942
2.784 7.940
2.785 7.930
2.786 7.844
2.787 7.861
2.789 7.888
2.790 7.887
2.791 7.850
2.792 7.851
2.793 7.870
2.795 7.928
2.796 7.964
2.797 7.905
2.798 7.945
2.799 7.941
2.800 7.943
2.802 7.886
2.803 7.934
2.804 7.876
2.805 7.924
2.806 7.942
2.808 7.901
2.809 7.972
2.810 8.045
2.811 8.013
2.812 7.947
2.814 7.943
2.815 7.950
2.816 7.889
2.817 7.968
2.818 7.996
2.819 7.942
2.821 7.868
2.822 7.790
2.823 7.878
2.824 7.875
2.825 7.763
2.827 7.777
2.828 7.731
2.829 7.751
2.830 7.810
2.831 7.878
2.832 7.866
2.834 7.786
2.835 7.780
2.836 7.787
2.837 7.749
2.838 7.711
2.840 7.777
2.841 7.646
2.842 7.655
2.843 7.753
2.844 7.720
2.845 7.780
2.847 7.726
2.848 7.804
2.849 7.770
2.850 7.752
2.851 7.756
2.853 7.877
2.854 7.905
2.855 7.776
2.856 7.857
2.857 7.871
2.859 7.852
2.860 7.828
2.861 7.840
2.862 7.820
2.863 7.857
2.864 7.845
2.866 7.761
2.867 7.813
2.868 7.915
2.869 7.897
2.870 7.837
2.872 7.834
2.873 7.733
2.874 7.829
2.875 7.728
2.876 7.798
2.877 7.786
2.879 7.686
2.880 7.759
2.881 7.812
2.882 7.860
2.883 7.980
2.885 7.843
2.886 7.757
2.887 7.777
2.888 7.784
2.889 7.756
2.890 7.739
2.892 7.661
2.893 7.636
2.894 7.607
2.895 7.649
2.896 7.634
2.898 7.765
2.899 7.745
2.900 7.746
2.901 7.687
2.902 7.795
2.904 7.843
2.905 7.900
2.906 7.856
2.907 7.861
2.908 7.890
2.909 7.980
2.911 7.886
2.912 7.836
2.913 7.845
2.914 7.844
2.915 7.790
2.917 7.739
2.918 7.708
2.919 7.810
2.920 7.892
2.921 7.863
2.922 7.881
2.924 7.893
2.925 7.988
2.926 8.048
2.927 7.977
2.928 8.039
2.930 7.999
2.931 8.035
2.932 8.016
2.933 8.000
2.934 7.973
2.935 7.919
2.937 7.871
2.938 7.701
2.939 7.629
2.940 7.646
2.941 7.807
2.943 7.988
2.944 7.957
2.945 7.851
2.946 7.870
2.947 7.885
2.948 7.839
2.950 7.782
2.951 7.692
2.952 7.768
2.953 7.744
2.954 7.968
2.956 7.790
2.957 7.622
2.958 7.762
2.959 7.711
2.960 7.798
2.962 7.840
2.963 7.654
2.964 7.703
2.965 7.538
2.966 7.553
2.967 7.580
2.969 7.591
2.970 7.579
2.971 7.559
2.972 7.392
2.973 7.472
2.975 7.479
2.976 7.519
2.977 7.464
2.978 7.491
2.979 7.476
2.980 7.511
2.982 7.572
2.983 7.629
2.984 7.703
2.985 7.643
2.986 7.563
2.988 7.618
2.989 7.699
2.990 7.634
2.991 7.756
2.992 7.722
2.993 7.905
2.995 7.818
2.996 7.784
2.997 7.769
2.998 7.690
2.999 7.568
