<X> <Y> <dY>
1.039265947336785e-03 7.442139347633582e+03 1.467981925194115e+01
1.187732507260276e-03 7.223712252611603e+03 6.461072267764909e+00
1.336199065591062e-03 7.239439792077839e+03 3.929181120055604e+00
1.484665622130054e-03 7.157543280064861e+03 3.397361392512756e+00
1.633132176678164e-03 7.054640215261835e+03 2.696376834402896e+00
1.781598729036305e-03 6.981538604902349e+03 2.553326695259222e+00
1.930065279005388e-03 6.878763213006737e+03 2.390393187120200e+00
2.078531826386324e-03 6.788735164551832e+03 2.223576543046283e+00
2.226998370980027e-03 6.696556323254412e+03 2.204753860931170e+00
2.375464912587407e-03 6.598097375979742e+03 1.994394921025352e+00
2.523931451009377e-03 6.497879035691770e+03 2.012812814214811e+00
2.672397986046849e-03 6.399139241828482e+03 1.851014140386323e+00
2.820864517500735e-03 6.300573126855133e+03 1.783500315724322e+00
2.969331045171946e-03 6.194694747774367e+03 1.759772489623284e+00
3.117797568861397e-03 6.095830540655160e+03 1.661727343841791e+00
3.266264088369997e-03 5.989173339744639e+03 1.619627946889460e+00
3.414730603498659e-03 5.868166412746984e+03 1.558921479591178e+00
3.563197114048295e-03 5.768737203290628e+03 1.505089451891213e+00
3.711663619819818e-03 5.671235349943443e+03 1.465502004407526e+00
3.860130120614143e-03 5.561150645852048e+03 1.388477410511995e+00
4.008596616232176e-03 5.437807713539612e+03 1.386437926556440e+00
4.157063106474833e-03 5.333799521914358e+03 1.333883783575177e+00
4.305529591143026e-03 5.225893838369194e+03 1.288401722621110e+00
4.453996070037668e-03 5.113750841686924e+03 1.270661491720862e+00
4.602462542959671e-03 5.002154362248824e+03 1.204339723708500e+00
4.750929009709947e-03 4.890300061416150e+03 1.184327661246967e+00
4.899395470089409e-03 4.779503581241123e+03 1.146393853234356e+00
5.047861923898970e-03 4.666851224659753e+03 1.124119812048975e+00
5.196328370939542e-03 4.553977096432401e+03 1.096570120833358e+00
5.344794811012039e-03 4.437146110100234e+03 1.051605177435391e+00
5.493261243917372e-03 4.323589903872567e+03 1.033202463863706e+00
5.641727669456453e-03 4.208878245798614e+03 9.987904374388110e-01
5.790194087430198e-03 4.094419165548045e+03 9.807485663798672e-01
5.938660497639517e-03 3.982262207783549e+03 9.426134459247075e-01
6.087126899885325e-03 3.869070890652814e+03 9.310605952039119e-01
6.235593293968535e-03 3.756838304211065e+03 8.987489403480097e-01
6.384059679690060e-03 3.643118467598671e+03 8.677026562554779e-01
6.532526056850811e-03 3.527009303718503e+03 8.456023040269097e-01
6.680992425251704e-03 3.418981566606947e+03 8.293912504169373e-01
6.829458784693651e-03 3.307672897087336e+03 8.127093099764868e-01
6.977925134977566e-03 3.198088342214020e+03 7.748442486273331e-01
7.126391475904362e-03 3.090969460418186e+03 7.644454436258351e-01
7.274857807274953e-03 2.982515532569271e+03 7.329345939596510e-01
7.423324128890250e-03 2.876080912046294e+03 7.137255246824515e-01
7.571790440551172e-03 2.771712043833023e+03 7.018158883874293e-01
7.720256742058629e-03 2.667099014924255e+03 6.750715088684506e-01
7.868723033213537e-03 2.568312011111576e+03 6.624476667269134e-01
8.017189313816805e-03 2.466007548224222e+03 6.379726523836239e-01
8.165655583669350e-03 2.367531040579053e+03 6.147199216847762e-01
8.314121842572089e-03 2.268939260421429e+03 6.008815366926686e-01
8.462588090325933e-03 2.172877005860778e+03 5.769372240119357e-01
8.611054326731796e-03 2.079512492746501e+03 5.710079802545537e-01
8.759520551590594e-03 1.987466890571670e+03 5.440115010164317e-01
8.907986764703241e-03 1.898108281765072e+03 5.301588132314475e-01
9.056452965870650e-03 1.810229050794678e+03 5.127811506347733e-01
9.204919154893739e-03 1.723746074882442e+03 4.930460689696421e-01
9.353385331573419e-03 1.640238421875106e+03 4.854758197214246e-01
9.501851495710607e-03 1.558474732375457e+03 4.627348828017144e-01
9.650317647106216e-03 1.479516282625854e+03 4.485546087048193e-01
9.798783785561163e-03 1.401674470084643e+03 4.332918067595274e-01
9.947249910876360e-03 1.326864751714670e+03 4.163725210310024e-01
1.009571602285273e-02 1.254868932806931e+03 4.069246280839917e-01
1.024418212129118e-02 1.185000041817280e+03 3.864452211014545e-01
1.039264820599262e-02 1.115583918269524e+03 3.794700606994820e-01
1.054111427675798e-02 1.049161052085213e+03 3.602356201026330e-01
1.068958033338818e-02 9.864311068298513e+02 3.453198035399271e-01
1.083804637568411e-02 9.240687147059803e+02 3.365255252164626e-01
1.098651240344671e-02 8.650018647666213e+02 3.187082334953665e-01
1.113497841647688e-02 8.085271580098856e+02 3.105330530644664e-01
1.128344441457554e-02 7.539802798005240e+02 2.949691381422520e-01
1.143191039754362e-02 7.015975663630389e+02 2.815136745235006e-01
1.158037636518202e-02 6.514558485486554e+02 2.744836172676406e-01
1.172884231729166e-02 6.050616441740112e+02 2.581704066182619e-01
1.187730825367346e-02 5.589414251935576e+02 2.478835694442719e-01
1.202577417412833e-02 5.152951298540368e+02 2.358321188159446e-01
1.217424007845719e-02 4.740491813314705e+02 2.250651282349154e-01
1.232270596646097e-02 4.355246061590335e+02 2.168203772686906e-01
1.247117183794057e-02 3.989195743180263e+02 2.026470923481762e-01
1.261963769269691e-02 3.635162570508135e+02 1.943887049562819e-01
1.276810353053091e-02 3.305983579949022e+02 1.823885061465313e-01
1.291656935124349e-02 2.997256541415007e+02 1.746543804908765e-01
1.306503515463557e-02 2.710557401591138e+02 1.648489307194086e-01
1.321350094050805e-02 2.442078755147262e+02 1.541736747170543e-01
1.336196670866187e-02 2.185703738695540e+02 1.462645680713188e-01
1.351043245889793e-02 1.952775860738592e+02 1.368818396825047e-01
1.365889819101716e-02 1.736518153520832e+02 1.293206499466590e-01
1.380736390482048e-02 1.538025227034902e+02 1.198850425791711e-01
1.395582960010879e-02 1.350482780623146e+02 1.122507437174647e-01
1.410429527668303e-02 1.181483550460210e+02 1.049081953192909e-01
1.425276093434411e-02 1.027960809341067e+02 9.694097919344065e-02
1.440122657289295e-02 8.870152891693776e+01 8.930194080420477e-02
1.454969219213047e-02 7.578195260180247e+01 8.179358723600207e-02
1.469815779185758e-02 6.425791066523095e+01 7.590737712374435e-02
1.484662337187521e-02 5.405872537295197e+01 6.900061081355222e-02
1.499508893198428e-02 4.503670925666544e+01 6.243073921851723e-02
1.514355447198570e-02 3.709117984032437e+01 5.640555707344914e-02
1.529201999168039e-02 3.012369570136176e+01 5.061379035186206e-02
1.544048549086928e-02 2.409209411996446e+01 4.532851233798553e-02
1.558895096935328e-02 1.901352988749038e+01 3.979797353844824e-02
1.573741642693332e-02 1.474804785983609e+01 3.508335148716364e-02
1.588588186341031e-02 1.118948521372639e+01 3.034871622970351e-02
1.603434727858518e-02 8.459529354161312e+00 2.622672873320639e-02
1.618281267225884e-02 6.392754250250045e+00 2.313153955555045e-02
1.633127804423223e-02 4.899155146406280e+00 1.993179032166971e-02
1.647974339430625e-02 4.017059888139242e+00 1.807107781014262e-02
1.662820872228182e-02 3.572812680873009e+00 1.700633068367626e-02
1.677667402795988e-02 3.650880197301606e+00 1.706719388194310e-02
1.692513931114134e-02 4.120208522895027e+00 1.811368376612415e-02
1.707360457162713e-02 4.946912436786588e+00 1.945320071872830e-02
1.722206980921815e-02 6.127483297372745e+00 2.194968368991683e-02
1.737053502371535e-02 7.494846525429701e+00 2.369568098839692e-02
1.751900021491964e-02 9.205651954485418e+00 2.610508118247379e-02
1.766746538263194e-02 1.109626797148475e+01 2.881758544966354e-02
1.781593052665317e-02 1.313556781237828e+01 3.088592803076677e-02
1.796439564678426e-02 1.525373068766164e+01 3.351328641126493e-02
1.811286074282614e-02 1.746241006931828e+01 3.540133932464016e-02
1.826132581457971e-02 1.967326719770516e+01 3.735567618781310e-02
1.840979086184591e-02 2.216092894881745e+01 3.962995267800738e-02
1.855825588442566e-02 2.449437589545955e+01 4.124601736426112e-02
1.870672088211989e-02 2.681456931378721e+01 4.334946158503195e-02
1.885518585472951e-02 2.910084489977050e+01 4.550915712144035e-02
1.900365080205546e-02 3.138972363303984e+01 4.769787776355202e-02
1.915211572389865e-02 3.352599558937382e+01 4.935594751482737e-02
1.930058062006001e-02 3.571396297282644e+01 5.125094347075121e-02
1.944904549034047e-02 3.767297238936438e+01 5.383060375803912e-02
1.959751033454094e-02 3.955388666153549e+01 5.523623248997932e-02
1.974597515246237e-02 4.127655880025171e+01 5.755425266096677e-02
1.989443994390566e-02 4.300012682938983e+01 5.914449314912477e-02
2.004290470867175e-02 4.428647646642101e+01 6.005846488286260e-02
2.019136944656156e-02 4.562158963311263e+01 6.122919779552269e-02
2.033983415737602e-02 4.678528566519488e+01 6.244313871318716e-02
2.048829884091604e-02 4.772883695055047e+01 6.346249154280088e-02
2.063676349698258e-02 4.853752523330360e+01 6.374591942968443e-02
2.078522812537653e-02 4.928620235390947e+01 6.505454691702769e-02
2.093369272589884e-02 4.969097965387207e+01 6.537390438289885e-02
2.108215729835043e-02 5.005954818884893e+01 6.566707652743879e-02
2.123062184253223e-02 5.036755935106205e+01 6.640724005788896e-02
2.137908635824515e-02 5.019248912067140e+01 6.612551273235664e-02
2.152755084529015e-02 5.014584296651002e+01 6.631565709218318e-02
2.167601530346813e-02 4.969877940035590e+01 6.639852116690188e-02
2.182447973258003e-02 4.953266561763161e+01 6.678838661283995e-02
2.197294413242678e-02 4.878276676944925e+01 6.573256335806277e-02
2.212140850280929e-02 4.804882111906930e+01 6.449448122243082e-02
2.226987284352852e-02 4.736898065551610e+01 6.392605461374673e-02
2.241833715438537e-02 4.638454560843328e+01 6.216942655912448e-02
2.256680143518079e-02 4.535977577920830e+01 6.167537506258732e-02
2.271526568571569e-02 4.433402876985923e+01 5.999494492183047e-02
2.286372990579102e-02 4.299113240192101e+01 5.841754972592238e-02
2.301219409520770e-02 4.173382553243847e+01 5.807617396093757e-02
2.316065825376665e-02 4.040960282536727e+01 5.626433318331189e-02
2.330912238126882e-02 3.896198895968290e+01 5.590859638565478e-02
2.345758647751513e-02 3.740705321017413e+01 5.359502305024751e-02
2.360605054230651e-02 3.587582015722823e+01 5.317447010927195e-02
2.375451457544390e-02 3.433223610910087e+01 5.175427614595041e-02
2.390297857672821e-02 3.271650089250956e+01 4.963285917084575e-02
2.405144254596040e-02 3.107948311468327e+01 4.893057117641151e-02
2.419990648294138e-02 2.937616211019039e+01 4.717045252575721e-02
2.434837038747209e-02 2.784210439605025e+01 4.605358852659544e-02
2.449683425935346e-02 2.610716256016696e+01 4.447524118491653e-02
2.464529809838643e-02 2.455504819628968e+01 4.234055011779717e-02
2.479376190437193e-02 2.289193772793299e+01 4.163177207093122e-02
2.494222567711088e-02 2.130084320744774e+01 3.955111153847779e-02
2.509068941640423e-02 1.980047954097278e+01 3.851109353711706e-02
2.523915312205290e-02 1.825747895250829e+01 3.655991273981345e-02
2.538761679385784e-02 1.683131868791418e+01 3.504043664317816e-02
2.553608043161997e-02 1.538517234944916e+01 3.361985945539911e-02
2.568454403514022e-02 1.396342340206583e+01 3.179171496427009e-02
2.583300760421955e-02 1.268888128720670e+01 3.047271878380209e-02
2.598147113865888e-02 1.143829848546889e+01 2.858298759099023e-02
2.612993463825913e-02 1.032644646929332e+01 2.729059560667638e-02
2.627839810282126e-02 9.141006233179953e+00 2.573648187329276e-02
2.642686153214619e-02 8.099085678901112e+00 2.393226282336276e-02
2.657532492603487e-02 7.128080438697683e+00 2.245065239499798e-02
2.672378828428821e-02 6.246738456946468e+00 2.099631069951853e-02
2.687225160670718e-02 5.402516939113559e+00 1.968589827979189e-02
2.702071489309268e-02 4.670444175488186e+00 1.824309503540291e-02
2.716917814324569e-02 3.943258287180892e+00 1.661726100299915e-02
2.731764135696711e-02 3.340363858808107e+00 1.545548916000051e-02
2.746610453405790e-02 2.810533644455399e+00 1.408747937408473e-02
2.761456767431899e-02 2.310813304164758e+00 1.277033243750422e-02
2.776303077755132e-02 1.913566696687718e+00 1.171962514437187e-02
2.791149384355582e-02 1.583168923235483e+00 1.060852269859112e-02
2.805995687213344e-02 1.298642292533637e+00 9.699121986523238e-03
2.820841986308512e-02 1.071718957576627e+00 8.859977547619928e-03
2.835688281621178e-02 9.439816393862244e-01 8.306473410540199e-03
2.850534573131439e-02 8.421096959152298e-01 7.894428219270149e-03
2.865380860819386e-02 7.992598927693413e-01 7.679398895331180e-03
2.880227144665114e-02 8.292716272408798e-01 7.829985783278858e-03
2.895073424648718e-02 8.751940763591791e-01 8.003879126187420e-03
2.909919700750293e-02 9.703461948130743e-01 8.278899671929555e-03
2.924765972949930e-02 1.112370468533899e+00 8.875166079641143e-03
2.939612241227725e-02 1.292086132048704e+00 9.456985353228269e-03
2.954458505563771e-02 1.511520745622253e+00 1.020555436766596e-02
2.969304765938165e-02 1.755980762278188e+00 1.089456626662659e-02
2.984151022330999e-02 2.005461586464838e+00 1.163306001868520e-02
2.998997274722367e-02 2.301657827196288e+00 1.242303090255225e-02
3.013843523092363e-02 2.614848220958448e+00 1.316215458157674e-02
3.028689767421083e-02 2.961980951766735e+00 1.383171456707384e-02
3.043536007688621e-02 3.264295971136713e+00 1.465183309201789e-02
3.058382243875071e-02 3.618249007612007e+00 1.533322370352057e-02
3.073228475960527e-02 3.953588367008830e+00 1.593298250280995e-02
3.088074703925083e-02 4.322995743567789e+00 1.670475189506463e-02
3.102920927748836e-02 4.704003641584079e+00 1.723076178032153e-02
3.117767147411878e-02 5.052787540427402e+00 1.794120772348249e-02
3.132613362894304e-02 5.379290744752589e+00 1.841332552600997e-02
3.147459574176209e-02 5.662549291888152e+00 1.884676586830959e-02
3.162305781237687e-02 6.026365079877634e+00 1.945410070796015e-02
3.177151984058834e-02 6.290571385052764e+00 1.973498878092197e-02
3.191998182619744e-02 6.620342247757490e+00 2.041753929487714e-02
3.206844376900511e-02 6.887969614190855e+00 2.051635008754239e-02
3.221690566881231e-02 7.151030022355431e+00 2.086026496241717e-02
3.236536752541998e-02 7.402490933459126e+00 2.139985823520087e-02
3.251382933862906e-02 7.593607636983834e+00 2.150269720674928e-02
3.266229110824052e-02 7.783552322422594e+00 2.194743782398702e-02
3.281075283405527e-02 7.985577408967807e+00 2.186141201369033e-02
3.295921451587431e-02 8.075485796332085e+00 2.205739714183591e-02
3.310767615349856e-02 8.202170719507736e+00 2.235001535412090e-02
3.325613774672897e-02 8.267792694163216e+00 2.220547855927030e-02
3.340459929536650e-02 8.341400427208098e+00 2.231739558914546e-02
3.355306079921208e-02 8.376658867393544e+00 2.230010736221224e-02
3.370152225806669e-02 8.374861343111320e+00 2.267054291985220e-02
3.384998367173125e-02 8.325128241217682e+00 2.273672798865128e-02
3.399844504000674e-02 8.338276378792616e+00 2.293105575784314e-02
3.414690636269409e-02 8.283012743972911e+00 2.299568820833134e-02
3.429536763959428e-02 8.183811813724049e+00 2.309560638017320e-02
3.444382887050824e-02 8.114787636082623e+00 2.285351367088886e-02
3.459229005523692e-02 7.975021670740613e+00 2.230613957315384e-02
3.474075119358127e-02 7.833845024709451e+00 2.190238189602293e-02
3.488921228534227e-02 7.680278009249213e+00 2.159634925514289e-02
3.503767333032085e-02 7.474625621651731e+00 2.127791703291622e-02
3.518613432831797e-02 7.272219890866541e+00 2.092179058315032e-02
3.533459527913459e-02 7.082607934309872e+00 2.051975378774938e-02
3.548305618257167e-02 6.842850224376814e+00 2.024878188410880e-02
3.563151703843015e-02 6.591453395912078e+00 1.972167014678640e-02
3.577997784651099e-02 6.339478510628974e+00 1.935527673774652e-02
3.592843860661515e-02 6.095932508093577e+00 1.888413316376575e-02
3.607689931854360e-02 5.824025178930587e+00 1.841304800072834e-02
3.622535998209726e-02 5.536775052509243e+00 1.802258050262205e-02
3.637382059707712e-02 5.270264953232597e+00 1.743538701530696e-02
3.652228116328413e-02 5.028791483350702e+00 1.712708282871385e-02
3.667074168051924e-02 4.712792828244432e+00 1.640952338515556e-02
3.681920214858341e-02 4.421854374395759e+00 1.589557850742631e-02
3.696766256727761e-02 4.133568146668329e+00 1.546091561152525e-02
3.711612293640280e-02 3.863959107123241e+00 1.480842767536017e-02
3.726458325575990e-02 3.581370412931309e+00 1.435667922660487e-02
3.741304352514992e-02 3.344999796055338e+00 1.385647255822530e-02
3.756150374437381e-02 3.065845576649743e+00 1.314817007451942e-02
3.770996391323252e-02 2.807898899697874e+00 1.263791255186566e-02
3.785842403152700e-02 2.579783762845611e+00 1.203982459379208e-02
3.800688409905824e-02 2.342364065561521e+00 1.162748588099374e-02
3.815534411562716e-02 2.103058042634248e+00 1.089976934576344e-02
3.830380408103477e-02 1.919712099238314e+00 1.042253588654820e-02
3.845226399508201e-02 1.714257535001176e+00 9.868952013435508e-03
3.860072385756984e-02 1.515610558501017e+00 9.252473672876248e-03
3.874918366829922e-02 1.327449797791898e+00 8.735010717380132e-03
3.889764342707114e-02 1.166668099730372e+00 8.150112167199150e-03
3.904610313368653e-02 1.023490008318320e+00 7.691429753477066e-03
3.919456278794636e-02 9.073419042843582e-01 7.229462924904926e-03
3.934302238965163e-02 7.857894902666668e-01 6.721353758184645e-03
3.949148193860327e-02 6.779191352341112e-01 6.314586806613017e-03
3.963994143460225e-02 6.051180528946828e-01 5.952711002370257e-03
3.978840087744954e-02 5.266531233623892e-01 5.612735695373155e-03
3.993686026694612e-02 4.649800213968048e-01 5.332282780668897e-03
4.008531960289294e-02 4.075511324738800e-01 5.070825453469091e-03
4.023377888509096e-02 3.858743540703500e-01 4.911541040666234e-03
4.038223811334118e-02 3.642108978295141e-01 4.779432371791160e-03
4.053069728744454e-02 3.598758089633749e-01 4.756822787868454e-03
4.067915640720204e-02 3.684376741222631e-01 4.789101318316934e-03
4.082761547241460e-02 3.726616721854065e-01 4.813866302810626e-03
4.097607448288322e-02 4.037548604488048e-01 4.978341808858717e-03
4.112453343840888e-02 4.413862989289418e-01 5.150149192632689e-03
4.127299233879253e-02 4.882452270923918e-01 5.360333713989788e-03
4.142145118383515e-02 5.378347984875351e-01 5.581730956569236e-03
4.156990997333770e-02 6.023220920666233e-01 5.904720018389679e-03
4.171836870710118e-02 6.754400289030207e-01 6.197806874301296e-03
4.186682738492653e-02 7.463758229617493e-01 6.435076194091949e-03
4.201528600661474e-02 8.292274728871865e-01 6.756865112093089e-03
4.216374457196678e-02 9.134085894410373e-01 7.018601596616705e-03
4.231220308078361e-02 9.968141102664444e-01 7.325628895413504e-03
4.246066153286622e-02 1.086566467440819e+00 7.562718695835573e-03
4.260911992801558e-02 1.191419525892948e+00 7.956577924446142e-03
4.275757826603267e-02 1.283117456722903e+00 8.240387097658156e-03
4.290603654671846e-02 1.378910817845410e+00 8.617203921756330e-03
4.305449476987392e-02 1.471486455096163e+00 8.966687608346829e-03
4.320295293530004e-02 1.578620606071550e+00 9.316784893273920e-03
4.335141104279778e-02 1.648039306740673e+00 9.659191915607076e-03
4.349986909216812e-02 1.746589711150229e+00 9.848072687745034e-03
4.364832708321206e-02 1.847525768036860e+00 1.023144387956416e-02
4.379678501573054e-02 1.949099724430386e+00 1.053078251683614e-02
4.394524288952457e-02 1.990484319071548e+00 1.055711399763018e-02
4.409370070439510e-02 2.073256052120503e+00 1.091978913179236e-02
4.424215846014314e-02 2.151184967420953e+00 1.097767671596333e-02
4.439061615656966e-02 2.234472424287604e+00 1.125938737526490e-02
4.453907379347562e-02 2.268034900006194e+00 1.134896815951393e-02
4.468753137066204e-02 2.335035880931087e+00 1.149305842682181e-02
4.483598888792985e-02 2.348078533288659e+00 1.152873934392222e-02
4.498444634508008e-02 2.385053934663734e+00 1.157899533493379e-02
4.513290374191368e-02 2.441888707959341e+00 1.187723990427563e-02
4.528136107823164e-02 2.446818990713414e+00 1.180432200594303e-02
4.542981835383494e-02 2.473793297577953e+00 1.187910840855383e-02
4.557827556852459e-02 2.494905613096383e+00 1.200930112844965e-02
4.572673272210154e-02 2.492782894739440e+00 1.192685494993121e-02
4.587518981436679e-02 2.494928861108684e+00 1.206721382035899e-02
4.602364684512131e-02 2.466261968494540e+00 1.190948078602637e-02
4.617210381416612e-02 2.459981368762638e+00 1.196683600562896e-02
4.632056072130217e-02 2.429817012571714e+00 1.190967727117401e-02
4.646901756633046e-02 2.393115434306385e+00 1.182464281432234e-02
4.661747434905197e-02 2.374721455561542e+00 1.185801790159231e-02
4.676593106926771e-02 2.322599960537290e+00 1.162536788383246e-02
4.691438772677863e-02 2.274772291226804e+00 1.157130189610886e-02
4.706284432138574e-02 2.229966177978862e+00 1.146217258908463e-02
4.721130085289003e-02 2.164404996133162e+00 1.122060066228819e-02
4.735975732109249e-02 2.093583365622136e+00 1.108167880761973e-02
4.750821372579410e-02 2.028215816687594e+00 1.083299816794427e-02
4.765667006679587e-02 1.963456573187285e+00 1.069018241037868e-02
4.780512634389875e-02 1.888329099463117e+00 1.051232208046951e-02
4.795358255690377e-02 1.802142410167109e+00 1.011469181064463e-02
4.810203870561192e-02 1.724881669269531e+00 1.005092908476889e-02
4.825049478982417e-02 1.653584667066082e+00 9.784988681249576e-03
4.839895080934152e-02 1.558199938294321e+00 9.532513963872349e-03
4.854740676396496e-02 1.490500924011784e+00 9.274522690939480e-03
4.869586265349549e-02 1.415729092693361e+00 9.046459878313257e-03
4.884431847773410e-02 1.314408571520630e+00 8.790102504291386e-03
4.899277423648181e-02 1.250216660841803e+00 8.543567269676526e-03
4.914122992953956e-02 1.157956298659166e+00 8.226493300293028e-03
4.928968555670842e-02 1.075746154734665e+00 7.981359421662729e-03
4.943814111778932e-02 1.011241272321965e+00 7.721639877245951e-03
4.958659661258329e-02 9.303123114504639e-01 7.449961296566221e-03
4.973505204089131e-02 8.472260678471785e-01 7.138980207664345e-03
4.988350740251437e-02 7.796194070152557e-01 6.853476149012798e-03
5.003196269725350e-02 7.183432111993369e-01 6.581585876854566e-03
5.018041792490967e-02 6.545687062807476e-01 6.358317350624662e-03
5.032887308528391e-02 5.957823659254690e-01 6.036977436266139e-03
5.047732817817720e-02 5.368888326778479e-01 5.799728295784450e-03
5.062578320339053e-02 4.849481001401325e-01 5.527805763504628e-03
5.077423816072490e-02 4.372079989657058e-01 5.300265689246679e-03
5.092269304998134e-02 3.874288499374215e-01 5.087914103123634e-03
5.107114787096082e-02 3.450788488957176e-01 4.746751352429507e-03
5.121960262346438e-02 3.174150870159484e-01 4.667806020122616e-03
5.136805730729297e-02 2.765892775268699e-01 4.381305895223172e-03
5.151651192224765e-02 2.614947308462678e-01 4.280033694732281e-03
5.166496646812937e-02 2.386192873107695e-01 4.158729576985346e-03
5.181342094473917e-02 2.289266475323867e-01 4.069155466839105e-03
5.196187535187805e-02 2.111575988266012e-01 3.944673251558088e-03
5.211032968934701e-02 2.026853947828950e-01 3.916028879579930e-03
5.225878395694704e-02 1.955826156014477e-01 3.855141248735925e-03
5.240723815447917e-02 1.973370878533449e-01 3.870032368523499e-03
5.255569228174441e-02 1.958267010221836e-01 3.830342953963882e-03
5.270414633854377e-02 2.021466445931141e-01 3.922310978690992e-03
5.285260032467823e-02 2.142301404683684e-01 3.952231708777722e-03
5.300105423994882e-02 2.252812442408312e-01 4.017143499563835e-03
5.314950808415651e-02 2.503134824785628e-01 4.238747361154360e-03
5.329796185710238e-02 2.690547066547526e-01 4.305881075362463e-03
5.344641555858739e-02 2.951723491658103e-01 4.497230486105927e-03
5.359486918841256e-02 3.273159578894334e-01 4.644798279734626e-03
5.374332274637892e-02 3.483261507097815e-01 4.804796060116869e-03
5.389177623228747e-02 3.742314482512648e-01 4.898579756283250e-03
5.404022964593919e-02 4.011068491942943e-01 5.033340160902460e-03
5.418868298713515e-02 4.457409815507288e-01 5.274196879882139e-03
5.433713625567634e-02 4.732590084303501e-01 5.396698239979780e-03
5.448558945136375e-02 5.004492044213251e-01 5.527071773546377e-03
5.463404257399841e-02 5.330712192446837e-01 5.735913924226853e-03
5.478249562338136e-02 5.746258942330121e-01 5.841975975455436e-03
5.493094859931359e-02 6.038242016802906e-01 5.975328890740042e-03
5.507940150159613e-02 6.464251969627824e-01 6.154591869341699e-03
5.522785433002999e-02 6.781079773892533e-01 6.317286305925331e-03
5.537630708441619e-02 7.217297055282240e-01 6.500117579114186e-03
5.552475976455573e-02 7.435549141500369e-01 6.565827197805295e-03
5.567321237024965e-02 7.782268490062569e-01 6.725249884804667e-03
5.582166490129895e-02 8.069269658196979e-01 6.784502615381357e-03
5.597011735750465e-02 8.328380551116122e-01 6.893335179805984e-03
5.611856973866784e-02 8.499154882283613e-01 6.956538922858599e-03
5.626702204458946e-02 8.713130264663291e-01 7.069076817935649e-03
5.641547427507055e-02 9.088699660933393e-01 7.170484338068641e-03
5.656392642991215e-02 9.160483699792560e-01 7.171414264883288e-03
5.671237850891523e-02 9.314482126129394e-01 7.201859848640400e-03
5.686083051188091e-02 9.546584707264095e-01 7.298812451019298e-03
5.700928243861012e-02 9.647105659662703e-01 7.367219156395991e-03
5.715773428890394e-02 9.701839004889180e-01 7.343568866674938e-03
5.730618606256337e-02 9.675791285102130e-01 7.361008865969441e-03
5.745463775938945e-02 9.837977692848909e-01 7.405645381960459e-03
5.760308937918321e-02 9.836418023211974e-01 7.353208613490434e-03
5.775154092174565e-02 9.770887685940516e-01 7.382210298395800e-03
5.789999238687781e-02 9.598295236409085e-01 7.301194488593895e-03
5.804844377438072e-02 9.648257587062374e-01 7.292853616496560e-03
5.819689508405541e-02 9.458324812131591e-01 7.237204535650532e-03
5.834534631570294e-02 9.504922886742576e-01 7.246925768846262e-03
5.849379746912427e-02 9.477248947695271e-01 7.236854816248083e-03
5.864224854412050e-02 9.090203700848531e-01 7.073221448083060e-03
5.879069954049263e-02 9.001072189544048e-01 7.094480127618747e-03
5.893915045804167e-02 8.733051016259952e-01 6.915120723016986e-03
5.908760129656868e-02 8.526645938564840e-01 6.877940934297751e-03
5.923605205587472e-02 8.258801920097673e-01 6.763517055013727e-03
5.938450273576075e-02 8.059443284421268e-01 6.671136729239416e-03
5.953295333602786e-02 7.767507761985915e-01 6.601456079847477e-03
5.968140385647707e-02 7.498526692488102e-01 6.459013741489199e-03
5.982985429690943e-02 7.309297640692437e-01 6.397354586247872e-03
5.997830465712594e-02 6.989995109744194e-01 6.201416330051059e-03
6.012675493692765e-02 6.424241222768260e-01 6.000057453335213e-03
6.027520513611563e-02 6.184112918895743e-01 6.000184258291884e-03
6.042365525449088e-02 6.068650269238877e-01 6.030651263913883e-03
6.057210529185448e-02 5.790918011506496e-01 5.989696848767509e-03
6.072055524800739e-02 5.332788119920436e-01 5.775762163660023e-03
6.086900512275072e-02 5.095607718084743e-01 5.758152938254810e-03
6.101745491588551e-02 4.764877926831772e-01 5.594850381661025e-03
6.116590462721274e-02 4.483612608784538e-01 5.485287186172547e-03
6.131435425653353e-02 4.156130414199695e-01 5.366370217885898e-03
6.146280380364888e-02 3.908127591295899e-01 5.214122508107183e-03
6.161125326835982e-02 3.601430452495034e-01 5.099729393484811e-03
6.175970265046742e-02 3.260934414978207e-01 4.874133494234874e-03
6.190815194977271e-02 3.127359026202364e-01 4.842854415184439e-03
6.205660116607675e-02 2.791556714188512e-01 4.651592005272903e-03
6.220505029918055e-02 2.597575246083587e-01 4.559594784819787e-03
6.235349934888521e-02 2.474099718613320e-01 4.448458986731783e-03
6.250194831499173e-02 2.233935942374449e-01 4.268200652922961e-03
6.265039719730119e-02 2.109523111997941e-01 4.200400988778580e-03
6.279884599561461e-02 1.930339458357623e-01 4.109389398414509e-03
6.294729470973306e-02 1.690269421322713e-01 3.955335836928730e-03
6.309574333945757e-02 1.624271299713138e-01 3.874113276328907e-03
6.324419188458920e-02 1.529102531668455e-01 3.687227747580880e-03
6.339264034492902e-02 1.403662728566872e-01 3.593675320163698e-03
6.354108872027803e-02 1.371919538429057e-01 3.492040118146971e-03
6.368953701043734e-02 1.282931288174280e-01 3.410917675540654e-03
6.383798521520795e-02 1.255615343329300e-01 3.363603876849333e-03
6.398643333439098e-02 1.218907185356770e-01 3.366338460908774e-03
6.413488136778742e-02 1.161725222914490e-01 3.279374406602623e-03
6.428332931519834e-02 1.197990579616159e-01 3.304619191219302e-03
6.443177717642481e-02 1.253513134675094e-01 3.328985463729141e-03
6.458022495126788e-02 1.338541694101360e-01 3.361664659633760e-03
6.472867263952860e-02 1.370901486526710e-01 3.407733059751810e-03
6.487712024100803e-02 1.432536086391475e-01 3.450130451882221e-03
6.502556775550723e-02 1.505316199822956e-01 3.446909150841176e-03
6.517401518282728e-02 1.580424978143437e-01 3.555435678111283e-03
6.532246252276919e-02 1.610474781792448e-01 3.558910408518738e-03
6.547090977513406e-02 1.827942123116088e-01 3.717710132943898e-03
6.561935693972293e-02 1.956979076293779e-01 3.812205828653346e-03
6.576780401633688e-02 2.077767494349110e-01 3.900766025900634e-03
6.591625100477695e-02 2.233656693768228e-01 4.023848577507648e-03
6.606469790484421e-02 2.384299256814665e-01 4.029173541852287e-03
6.621314471633973e-02 2.549952213788281e-01 4.168852719357967e-03
6.636159143906457e-02 2.599133342099080e-01 4.212962688003506e-03
6.651003807281980e-02 2.752872397064163e-01 4.283431972901222e-03
6.665848461740648e-02 2.954963634251007e-01 4.435426163935250e-03
6.680693107262567e-02 3.069643803187034e-01 4.424189239075601e-03
6.695537743827844e-02 3.192352005382701e-01 4.523968356788692e-03
6.710382371416586e-02 3.407989207942668e-01 4.622609663012821e-03
6.725226990008899e-02 3.557377372476221e-01 4.728590268245137e-03
6.740071599584893e-02 3.587463301298036e-01 4.721922694685497e-03
6.754916200124669e-02 3.823435737341111e-01 4.829894586436284e-03
6.769760791608341e-02 3.888669243350827e-01 4.900379127086150e-03
6.784605374016010e-02 3.991238699343773e-01 4.900617588256329e-03
6.799449947327789e-02 4.080768867533693e-01 4.965403555246758e-03
6.814294511523777e-02 4.206847648579337e-01 5.042137880468761e-03
6.829139066584090e-02 4.262786441590922e-01 5.029537225179393e-03
6.843983612488833e-02 4.426875508575189e-01 5.134447893999770e-03
6.858828149218107e-02 4.482388202911531e-01 5.123618821822073e-03
6.873672676752028e-02 4.536012823044561e-01 5.140889872376574e-03
6.888517195070698e-02 4.463025851753452e-01 5.112527465852286e-03
6.903361704154228e-02 4.554499245499777e-01 5.156764280526936e-03
6.918206203982724e-02 4.634974897681876e-01 5.206382192702656e-03
6.933050694536295e-02 4.664580950358465e-01 5.162898708830171e-03
6.947895175795046e-02 4.549251282031820e-01 5.143809608678843e-03
6.962739647739091e-02 4.498372732025782e-01 5.095986926164288e-03
6.977584110348531e-02 4.567925951778296e-01 5.134829661966763e-03
6.992428563603478e-02 4.529881109620383e-01 5.093293634651597e-03
7.007273007484040e-02 4.429537476349449e-01 5.073292151114631e-03
7.022117441970321e-02 4.451094625558810e-01 5.059771936640767e-03
7.036961867042435e-02 4.340915383218876e-01 4.998413517455574e-03
7.051806282680488e-02 4.236885062327200e-01 4.943122605085279e-03
7.066650688864587e-02 4.135237748783882e-01 4.877266315253007e-03
7.081495085574846e-02 4.027027213026560e-01 4.844448132990741e-03
7.096339472791366e-02 3.977569082127675e-01 4.806386431997012e-03
7.111183850494258e-02 3.828849058171006e-01 4.707707690486487e-03
7.126028218663637e-02 3.725193992883051e-01 4.644709745388059e-03
7.140872577279601e-02 3.561492982616491e-01 4.565403000231325e-03
7.155716926322268e-02 3.479746372447911e-01 4.523691754823588e-03
7.170561265771742e-02 3.414954762255323e-01 4.498721362216911e-03
7.185405595608137e-02 3.234403947550690e-01 4.388332056071696e-03
7.200249915811553e-02 3.117028411546763e-01 4.343263684181422e-03
7.215094226362108e-02 3.047478842085136e-01 4.258446804876650e-03
7.229938527239907e-02 2.834732628054795e-01 4.153772121405558e-03
7.244782818425061e-02 2.688936867184321e-01 4.025912641793853e-03
7.259627099897678e-02 2.546754169243151e-01 3.985414506142826e-03
7.274471371637868e-02 2.465211415381407e-01 3.920549831141550e-03
7.289315633625741e-02 2.294434248559567e-01 3.791984432728777e-03
7.304159885841408e-02 2.207499224936592e-01 3.737434488499282e-03
7.319004128264975e-02 2.052459174051890e-01 3.641867464201078e-03
7.333848360876553e-02 1.869791666884564e-01 3.541384784582728e-03
7.348692583656254e-02 1.808200188070734e-01 3.486611576190770e-03
7.363536796584186e-02 1.676675684373298e-01 3.354894105857334e-03
7.378380999640459e-02 1.571722844587246e-01 3.348618541809502e-03
7.393225192805185e-02 1.491451997153715e-01 3.230817339073212e-03
7.408069376058472e-02 1.405847462237565e-01 3.179682872645900e-03
7.422913549380430e-02 1.217758501008447e-01 3.086015516332785e-03
7.437757712751171e-02 1.184069384596241e-01 2.991378414263585e-03
7.452601866150806e-02 1.164740302809106e-01 2.988258621253882e-03
7.467446009559441e-02 1.016564308688271e-01 2.860522980064412e-03
7.482290142957190e-02 9.781932023005684e-02 2.832179828343901e-03
7.497134266324165e-02 9.225402979865682e-02 2.797625695680484e-03
7.511978379640473e-02 8.735946070114936e-02 2.715366912778917e-03
7.526822482886228e-02 8.747327584811301e-02 2.703642798623310e-03
7.541666576041539e-02 8.564982522422455e-02 2.721065154671968e-03
7.556510659086517e-02 8.198604734921303e-02 2.709688895339937e-03
7.571354732001272e-02 7.728597246093830e-02 2.615222684059257e-03
7.586198794765918e-02 7.777665242106266e-02 2.636072408684564e-03
7.601042847360565e-02 8.178860338602732e-02 2.664730465799146e-03
7.615886889765322e-02 8.771027770415755e-02 2.662437218795917e-03
7.630730921960302e-02 8.194685344077865e-02 2.664130636618463e-03
7.645574943925618e-02 8.491906159463163e-02 2.659897298431856e-03
7.660418955641379e-02 8.850975218571058e-02 2.697916307829072e-03
7.675262957087696e-02 9.105812149929805e-02 2.703738125380552e-03
7.690106948244683e-02 9.856253720073457e-02 2.762788764992828e-03
7.704950929092451e-02 1.051755305639854e-01 2.824174869896412e-03
7.719794899611111e-02 1.083648422620542e-01 2.862324360985084e-03
7.734638859780776e-02 1.132915136895712e-01 2.883774742097528e-03
7.749482809581558e-02 1.245717582545884e-01 2.920396309894117e-03
7.764326748993566e-02 1.216845744845297e-01 2.955865527506787e-03
7.779170677996915e-02 1.337058247440929e-01 3.002299101912421e-03
7.794014596571718e-02 1.324467334412297e-01 3.034741605247155e-03
7.808858504698084e-02 1.448225020687979e-01 3.121622936464625e-03
7.823702402356127e-02 1.532359485098699e-01 3.171682297252982e-03
7.838546289525961e-02 1.605638791948990e-01 3.200602631086071e-03
7.853390166187696e-02 1.651068601436530e-01 3.237489604894635e-03
7.868234032321446e-02 1.722750617951495e-01 3.306642885669662e-03
7.883077887907322e-02 1.848530236798816e-01 3.369963292171508e-03
7.897921732925441e-02 1.846725873699594e-01 3.341331767326314e-03
7.912765567355910e-02 1.907904206627317e-01 3.409135692063164e-03
7.927609391178843e-02 2.016890385689373e-01 3.458038436155470e-03
7.942453204374357e-02 2.067439631129176e-01 3.498665423259045e-03
7.957297006922565e-02 2.008044937156702e-01 3.470070511589843e-03
7.972140798803574e-02 2.117189121095698e-01 3.540886812295996e-03
7.986984579997504e-02 2.262304737911766e-01 3.604155828043266e-03
8.001828350484462e-02 2.240677163910189e-01 3.583821714258538e-03
8.016672110244569e-02 2.267228695790528e-01 3.618704330768702e-03
8.031515859257930e-02 2.308569378017127e-01 3.643353997209592e-03
8.046359597504665e-02 2.317402390150760e-01 3.628418702708871e-03
8.061203324964886e-02 2.313681609656154e-01 3.617719500218107e-03
8.076047041618704e-02 2.378437470348944e-01 3.636431998435458e-03
8.090890747446239e-02 2.398993935803050e-01 3.695663126582524e-03
8.105734442427596e-02 2.418834576643148e-01 3.674162774248719e-03
8.120578126542898e-02 2.355993857360653e-01 3.646125948423303e-03
8.135421799772254e-02 2.377239356471387e-01 3.674389302245098e-03
8.150265462095777e-02 2.356920403890316e-01 3.632235955502980e-03
8.165109113493584e-02 2.379097090034447e-01 3.667178088055774e-03
8.179952753945788e-02 2.379456449083946e-01 3.626614281817800e-03
8.194796383432505e-02 2.397425540280612e-01 3.623172319415904e-03
8.209640001933849e-02 2.316929883194608e-01 3.600213870416293e-03
8.224483609429935e-02 2.278020786396436e-01 3.565013873401857e-03
8.239327205900873e-02 2.225621293482886e-01 3.541051849159614e-03
8.254170791326784e-02 2.208250572665626e-01 3.491146881796100e-03
8.269014365687780e-02 2.162042971577025e-01 3.513221763010282e-03
8.283857928963975e-02 2.059311858565414e-01 3.452837527387010e-03
8.298701481135486e-02 2.011649346305958e-01 3.402576696259724e-03
8.313545022182427e-02 1.966548705006802e-01 3.404486453106780e-03
8.328388552084913e-02 1.931785715493647e-01 3.342562848012701e-03
8.343232070823060e-02 1.859282617500437e-01 3.301578570525183e-03
8.358075578376983e-02 1.753279862802139e-01 3.249346923207898e-03
8.372919074726795e-02 1.679409790607328e-01 3.181959877806045e-03
8.387762559852617e-02 1.632005664759862e-01 3.184789339331503e-03
8.402606033734558e-02 1.593269822726113e-01 3.091245095252159e-03
8.417449496352740e-02 1.478695857703486e-01 3.109197297469129e-03
8.432292947687275e-02 1.406821332813352e-01 3.003350078898165e-03
8.447136387718281e-02 1.411259220797552e-01 3.005345493725759e-03
8.461979816425871e-02 1.251338677057138e-01 2.911472758041540e-03
8.476823233790162e-02 1.254456573833053e-01 2.850152010207665e-03
8.491666639791272e-02 1.154956542614833e-01 2.830298561868751e-03
8.506510034409315e-02 1.097227432283164e-01 2.754538740595625e-03
8.521353417624407e-02 1.052971206828048e-01 2.732946225656817e-03
8.536196789416668e-02 1.002218091583910e-01 2.694694538792565e-03
8.551040149766212e-02 9.944663635617608e-02 2.649265417395400e-03
8.565883498653153e-02 8.806397449472003e-02 2.586033332935713e-03
8.580726836057613e-02 8.285046138679582e-02 2.539267068568040e-03
8.595570161959706e-02 8.071770686549785e-02 2.503503996984317e-03
8.610413476339546e-02 7.801695415215974e-02 2.497153764365975e-03
8.625256779177254e-02 6.823756080736737e-02 2.453323599482798e-03
8.640100070452945e-02 6.895865764118850e-02 2.382355468774737e-03
8.654943350146739e-02 6.508644752035755e-02 2.380393637422103e-03
8.669786618238751e-02 6.298234031415620e-02 2.325114839201433e-03
8.684629874709095e-02 5.997756323022860e-02 2.348139526756772e-03
8.699473119537893e-02 6.136167238848322e-02 2.316306150658563e-03
8.714316352705261e-02 5.618792507754764e-02 2.321988226635476e-03
8.729159574191316e-02 5.493668318695753e-02 2.279391096271980e-03
8.744002783976176e-02 5.778897948958518e-02 2.287041824221478e-03
8.758845982039959e-02 5.588254336139738e-02 2.286402408395704e-03
8.773689168362783e-02 6.002168925306448e-02 2.308873257149329e-03
8.788532342924767e-02 6.190055206067415e-02 2.285443233800762e-03
8.803375505706024e-02 5.509710933586889e-02 2.327627592134007e-03
8.818218656686679e-02 5.773128218175386e-02 2.338069001104363e-03
8.833061795846844e-02 6.290731417618786e-02 2.338855368187949e-03
8.847904923166640e-02 6.961000104866824e-02 2.378390098453401e-03
8.862748038626185e-02 6.248373466218414e-02 2.368662941196884e-03
8.877591142205599e-02 6.624312951771841e-02 2.394136794569218e-03
8.892434233885001e-02 6.889235326422127e-02 2.404661054545383e-03
8.907277313644503e-02 7.002512839555254e-02 2.409607244808273e-03
8.922120381464232e-02 7.203009807074671e-02 2.445059632777652e-03
8.936963437324301e-02 7.950852947973328e-02 2.493667451761701e-03
8.951806481204833e-02 8.080652888101343e-02 2.513645859786844e-03
8.966649513085943e-02 8.644200546091205e-02 2.505321077713789e-03
8.981492532947756e-02 8.673757209953908e-02 2.526388976535398e-03
8.996335540770387e-02 9.318607237672101e-02 2.606199250692877e-03
9.011178536533952e-02 9.311816326262956e-02 2.582388461790069e-03
9.026021520218577e-02 1.018071966559166e-01 2.634002410062101e-03
9.040864491804375e-02 1.032552450917091e-01 2.615448865147895e-03
9.055707451271472e-02 1.064982361427866e-01 2.679689098547955e-03
9.070550398599986e-02 1.106092695868757e-01 2.687108139245573e-03
9.085393333770032e-02 1.136627617727113e-01 2.731017503301905e-03
9.100236256761735e-02 1.156739879400727e-01 2.719929349332133e-03
9.115079167555214e-02 1.207548876784071e-01 2.766912885521446e-03
9.129922066130586e-02 1.223707966521667e-01 2.781339482872438e-03
9.144764952467974e-02 1.223364963195910e-01 2.773511212117749e-03
9.159607826547496e-02 1.319673336973358e-01 2.815355240481352e-03
9.174450688349275e-02 1.311853925120286e-01 2.863646097032567e-03
9.189293537853430e-02 1.256704622650437e-01 2.784880114502124e-03
9.204136375040081e-02 1.376297440887091e-01 2.859095103475208e-03
9.218979199889352e-02 1.348126242161710e-01 2.842944899815148e-03
9.233822012381357e-02 1.375333986565369e-01 2.866916384448310e-03
9.248664812496223e-02 1.417762827815892e-01 2.903727027490578e-03
9.263507600214066e-02 1.370844788027042e-01 2.856378803369321e-03
9.278350375515013e-02 1.363583536308794e-01 2.873818043334261e-03
9.293193138379179e-02 1.346604394996485e-01 2.870523349045007e-03
9.308035888786687e-02 1.360598571855947e-01 2.886845789257697e-03
9.322878626717657e-02 1.385685983178718e-01 2.847666758978398e-03
9.337721352152216e-02 1.399967998844489e-01 2.853627926252411e-03
9.352564065070480e-02 1.380362394084740e-01 2.854322470137786e-03
9.367406765452573e-02 1.375618352893736e-01 2.863943719031051e-03
9.382249453278614e-02 1.362950601357683e-01 2.835931465031423e-03
9.397092128528726e-02 1.330405351072271e-01 2.781899182506817e-03
9.411934791183033e-02 1.277038620558635e-01 2.796131124257657e-03
9.426777441221654e-02 1.281452556644229e-01 2.825642523816403e-03
9.441620078624713e-02 1.248917317962282e-01 2.747373073290361e-03
9.456462703372331e-02 1.231349520058070e-01 2.730766601847899e-03
9.471305315444631e-02 1.189753229161856e-01 2.694748700410003e-03
9.486147914821734e-02 1.185355851129259e-01 2.700206156451570e-03
9.500990501483762e-02 1.093309809311691e-01 2.634532145677875e-03
9.515833075410839e-02 1.079233600283160e-01 2.652122378830144e-03
9.530675636583089e-02 1.014904898884664e-01 2.592506339514505e-03
9.545518184980632e-02 1.081793839686305e-01 2.629474815289663e-03
9.560360720583591e-02 1.031106964925634e-01 2.575176619941494e-03
9.575203243372092e-02 9.786597623886104e-02 2.523244036391295e-03
9.590045753326254e-02 9.270551559839446e-02 2.529628055358647e-03
9.604888250426204e-02 9.110208507780403e-02 2.517926788594148e-03
9.619730734652061e-02 8.346434730667243e-02 2.408218661544212e-03
9.634573205983951e-02 8.393476109199804e-02 2.420472026795812e-03
9.649415664401995e-02 7.437569709322753e-02 2.357470679247780e-03
9.664258109886319e-02 7.455722075379455e-02 2.369184480827105e-03
9.679100542417043e-02 7.337217716806926e-02 2.334432478151256e-03
9.693942961974295e-02 7.114618943480458e-02 2.312614810340058e-03
9.708785368538199e-02 6.481345287343064e-02 2.249146371520345e-03
9.723627762088875e-02 6.361899415345665e-02 2.265204368265566e-03
9.738470142606449e-02 5.790817724351584e-02 2.242439887287992e-03
9.753312510071047e-02 5.737854822042056e-02 2.239759937030143e-03
9.768154864462790e-02 5.230718442766803e-02 2.188683182526721e-03
9.782997205761802e-02 5.592321419351083e-02 2.208787988716614e-03
9.797839533948209e-02 4.728117720114435e-02 2.155434987193162e-03
9.812681849002138e-02 5.036541684899047e-02 2.157169983304725e-03
9.827524150903710e-02 4.363693087833175e-02 2.092788020631162e-03
9.842366439633053e-02 4.349284469889517e-02 2.122460335772107e-03
9.857208715170288e-02 4.780045589483558e-02 2.128454653964114e-03
9.872050977495538e-02 4.580249647434493e-02 2.097964701677839e-03
9.886893226588934e-02 4.276552276374809e-02 2.083324252083454e-03
9.901735462430598e-02 4.453050862296929e-02 2.097086715666643e-03
9.916577685000656e-02 4.284326082709095e-02 2.070433580203809e-03
9.931419894279231e-02 4.296184948299112e-02 2.093688820814508e-03
9.946262090246452e-02 4.221854625776492e-02 2.062268057298711e-03
9.961104272882444e-02 4.260774854440044e-02 2.059444462981578e-03
9.975946442167330e-02 3.935221289931111e-02 2.036096258702044e-03
9.990788598081238e-02 4.205384638007683e-02 2.104933279242129e-03
1.000563074060429e-01 4.749245925039516e-02 2.105280778948443e-03
1.002047286971662e-01 4.810880237010570e-02 2.078350903759763e-03
1.003531498539835e-01 4.817783929057601e-02 2.095916274855687e-03
1.005015708762960e-01 4.892337032320897e-02 2.130576734827103e-03
1.006499917639050e-01 4.888108077844729e-02 2.144341913779612e-03
1.007984125166118e-01 5.354113279808344e-02 2.135963240744857e-03
1.009468331342177e-01 5.239112766913002e-02 2.150971955319448e-03
1.010952536165238e-01 5.547693673135817e-02 2.204798071334208e-03
1.012436739633315e-01 5.135422597518430e-02 2.197645966136579e-03
1.013920941744421e-01 5.399640240853153e-02 2.249449864268710e-03
1.015405142496567e-01 5.796164209872044e-02 2.298372423291646e-03
1.016889341887768e-01 6.036680252923012e-02 2.328979951071138e-03
1.018373539916035e-01 6.310322667199834e-02 2.372589073980439e-03
1.019857736579381e-01 6.435919264459190e-02 2.352099334772498e-03
1.021341931875819e-01 6.294318455667058e-02 2.424222255749676e-03
1.022826125803362e-01 6.764102122875720e-02 2.459562520293756e-03
1.024310318360022e-01 6.978046397470553e-02 2.473886736860080e-03
1.025794509543812e-01 7.202958890108302e-02 2.480146641802059e-03
1.027278699352746e-01 7.248118656790795e-02 2.513138708876763e-03
1.028762887784834e-01 7.671881167482644e-02 2.568471356483217e-03
1.030247074838092e-01 7.623979384960831e-02 2.557786022681155e-03
1.031731260510531e-01 7.476439580011805e-02 2.583022816487213e-03
1.033215444800164e-01 7.924247281641458e-02 2.596516176497710e-03
1.034699627705003e-01 7.934593984299040e-02 2.654750164845855e-03
1.036183809223063e-01 8.297815227526700e-02 2.667025504502209e-03
1.037667989352355e-01 8.371041404571541e-02 2.671222572161019e-03
1.039152168090893e-01 8.311396789773486e-02 2.683196378570714e-03
1.040636345436689e-01 8.767816697644443e-02 2.617499899490661e-03
1.042120521387756e-01 8.628941376072788e-02 2.642251027859856e-03
1.043604695942107e-01 8.379422891039900e-02 2.574286729123499e-03
1.045088869097756e-01 8.625267870098723e-02 2.565737086475769e-03
1.046573040852714e-01 8.602073127888765e-02 2.576936817426923e-03
1.048057211204995e-01 8.079293308742772e-02 2.521863661406167e-03
1.049541380152612e-01 8.839002664647029e-02 2.600483712658871e-03
1.051025547693577e-01 8.496127219351229e-02 2.506501728872004e-03
1.052509713825904e-01 8.426360771240357e-02 2.522496109092721e-03
1.053993878547606e-01 8.459946612398683e-02 2.532561740919751e-03
1.055478041856695e-01 8.588576018851718e-02 2.524247052271069e-03
1.056962203751185e-01 8.143952535584925e-02 2.501261593012588e-03
1.058446364229088e-01 8.084641562061703e-02 2.463453341389064e-03
1.059930523288418e-01 7.639357781211582e-02 2.432224503930344e-03
1.061414680927188e-01 7.956240594895395e-02 2.487301095596067e-03
1.062898837143410e-01 7.627771248745147e-02 2.439165523207717e-03
1.064382991935097e-01 7.634390156221227e-02 2.395870540592985e-03
1.065867145300264e-01 7.293543774350277e-02 2.406911422870655e-03
1.067351297236922e-01 7.167060624146468e-02 2.388850406525307e-03
1.068835447743085e-01 6.879232383168686e-02 2.354783871307516e-03
1.070319596816766e-01 7.224043088581678e-02 2.352380949710122e-03
1.071803744455978e-01 6.727991544917936e-02 2.319185975258774e-03
1.073287890658734e-01 6.570030087824365e-02 2.267375384969743e-03
1.074772035423047e-01 6.357286722671682e-02 2.311252335839918e-03
1.076256178746930e-01 5.927581640454993e-02 2.254510666554038e-03
1.077740320628398e-01 6.148137937379922e-02 2.262635229312227e-03
1.079224461065461e-01 6.068703046524433e-02 2.247573737769436e-03
1.080708600056134e-01 5.756590516064359e-02 2.247769524541116e-03
1.082192737598431e-01 5.524806420634594e-02 2.220451135461246e-03
1.083676873690363e-01 5.062860349876865e-02 2.183503245376241e-03
1.085161008329945e-01 5.150853469099678e-02 2.140924559307287e-03
1.086645141515189e-01 5.026263868268120e-02 2.134916108713436e-03
1.088129273244109e-01 4.762097437678719e-02 2.108032904448988e-03
1.089613403514718e-01 4.239973768358117e-02 2.094275068134087e-03
1.091097532325029e-01 4.867196594562206e-02 2.105918337828704e-03
1.092581659673056e-01 4.509795118263827e-02 2.103140672640052e-03
1.094065785556811e-01 3.850848430587452e-02 2.054706565439391e-03
1.095549909974309e-01 4.141979541460395e-02 2.042460373805165e-03
1.097034032923561e-01 3.998716058343134e-02 2.056159259740085e-03
1.098518154402582e-01 3.841907005446914e-02 2.043876901262096e-03
1.100002274409385e-01 4.078898148262211e-02 2.063676438280363e-03
1.101486392941984e-01 3.705136074820261e-02 1.994034632394073e-03
1.102970509998390e-01 3.552584940002407e-02 2.007965728182698e-03
1.104454625576619e-01 3.296428862897583e-02 1.973802002322573e-03
1.105938739674683e-01 3.482036290168518e-02 1.957463904288951e-03
1.107422852290595e-01 3.554924058725263e-02 1.984554473629445e-03
1.108906963422369e-01 3.228594980778852e-02 1.970942152445829e-03
1.110391073068019e-01 3.156339002296955e-02 2.030441191148914e-03
1.111875181225557e-01 3.218094935159094e-02 2.052514036614188e-03
1.113359287892998e-01 3.179871973119260e-02 2.042874312108686e-03
1.114843393068354e-01 3.297204899849954e-02 2.042024117381116e-03
1.116327496749638e-01 3.179843273040074e-02 2.073174337367234e-03
1.117811598934866e-01 3.416776006753046e-02 2.090588674033418e-03
1.119295699622049e-01 3.467020390603900e-02 2.096314839950758e-03
1.120779798809202e-01 3.141425882900233e-02 2.121648008105320e-03
1.122263896494337e-01 3.345526087670273e-02 2.112370270232618e-03
1.123747992675469e-01 3.637028406221780e-02 2.167399057411904e-03
1.125232087350610e-01 4.092896998761870e-02 2.216937393894208e-03
1.126716180517775e-01 3.878940501883046e-02 2.145432135409009e-03
1.128200272174977e-01 3.793602222041485e-02 2.179167518109252e-03
1.129684362320229e-01 3.644089764165503e-02 2.177696092940805e-03
1.131168450951544e-01 4.407614972127862e-02 2.204331003862161e-03
1.132652538066937e-01 4.111978399686652e-02 2.180309064665375e-03
1.134136623664422e-01 4.726938787960661e-02 2.218320167458399e-03
1.135620707742011e-01 4.556551137400551e-02 2.259770753195521e-03
1.137104790297718e-01 4.649843892532519e-02 2.242025363530499e-03
1.138588871329557e-01 4.480718141844589e-02 2.252827406627263e-03
1.140072950835541e-01 4.601763410367293e-02 2.258019618305933e-03
1.141557028813685e-01 4.812688776174529e-02 2.308973367087249e-03
1.143041105262001e-01 4.981764570482282e-02 2.291605788279939e-03
1.144525180178503e-01 5.078801528018730e-02 2.336079342799016e-03
1.146009253561206e-01 4.922644510551245e-02 2.297385267508695e-03
1.147493325408122e-01 5.088342561670446e-02 2.310637212591407e-03
1.148977395717266e-01 5.383743242165622e-02 2.353095160132517e-03
1.150461464486651e-01 4.770347513152144e-02 2.339063370789376e-03
1.151945531714290e-01 5.574721879356340e-02 2.305417750899456e-03
1.153429597398198e-01 6.073030114047158e-02 2.370133635801411e-03
1.154913661536388e-01 5.612545820751864e-02 2.325335504922744e-03
1.156397724126874e-01 5.894281106008621e-02 2.403769450221604e-03
1.157881785167671e-01 5.453298474752426e-02 2.375210031660704e-03
1.159365844656790e-01 5.747392997411625e-02 2.396026636228525e-03
1.160849902592246e-01 5.698817689942896e-02 2.366472123501019e-03
1.162333958972054e-01 5.445782991806056e-02 2.373101542034309e-03
1.163818013794227e-01 5.906704334020407e-02 2.419979928287004e-03
1.165302067056779e-01 5.267293622932307e-02 2.388766356329035e-03
1.166786118757722e-01 5.951808518904034e-02 2.428994888721694e-03
1.168270168895073e-01 6.140324341253536e-02 2.421952471247111e-03
1.169754217466844e-01 5.557449452618063e-02 2.374802691224559e-03
1.171238264471048e-01 5.695308951137450e-02 2.396152430214336e-03
1.172722309905701e-01 5.713798725619650e-02 2.346676854708383e-03
1.174206353768815e-01 5.685084349825614e-02 2.387065698862211e-03
1.175690396058405e-01 5.379865589752976e-02 2.377501220509955e-03
1.177174436772486e-01 5.383380206701825e-02 2.352444424527319e-03
1.178658475909069e-01 5.625268318960070e-02 2.409658666036376e-03
1.180142513466170e-01 5.152955429991703e-02 2.351046734290302e-03
1.181626549441803e-01 5.171106989019088e-02 2.370491362447229e-03
1.183110583833981e-01 4.689108071777519e-02 2.332561511778862e-03
1.184594616640718e-01 5.059889049357429e-02 2.359438679078390e-03
1.186078647860030e-01 4.961416444397720e-02 2.362325892715832e-03
1.187562677489928e-01 4.869224853153151e-02 2.337435124456084e-03
1.189046705528428e-01 4.544301675912595e-02 2.332332198532343e-03
1.190530731973543e-01 4.396574509875817e-02 2.301844911884418e-03
1.192014756823288e-01 4.175955622670069e-02 2.283066966119398e-03
1.193498780075676e-01 4.217698614643833e-02 2.329131022765533e-03
1.194982801728722e-01 3.920472827282264e-02 2.224426854513756e-03
1.196466821780439e-01 4.218242460760992e-02 2.258780141607469e-03
1.197950840228843e-01 4.314335143128001e-02 2.281965592414116e-03
1.199434857071946e-01 4.123541106057603e-02 2.255938836141621e-03
1.200918872307763e-01 3.763238016089226e-02 2.304290851750523e-03
1.202402885934308e-01 3.584847726782274e-02 2.199654178944332e-03
1.203886897949596e-01 3.690148323710511e-02 2.239231376352687e-03
1.205370908351639e-01 3.452906181798594e-02 2.184258051153009e-03
1.206854917138454e-01 3.296147701299886e-02 2.193839782735862e-03
1.208338924308053e-01 3.574814971039141e-02 2.222589927243209e-03
1.209822929858451e-01 3.210050755345378e-02 2.214491859589096e-03
1.211306933787662e-01 3.380025861439125e-02 2.199391182409400e-03
1.212790936093700e-01 3.040711087456113e-02 2.132617632993094e-03
1.214274936774580e-01 2.919014051674388e-02 2.197881431294506e-03
1.215758935828316e-01 2.537428921990969e-02 2.182504460959553e-03
1.217242933252921e-01 3.006879590174544e-02 2.189018834234032e-03
1.218726929046411e-01 2.989707018493080e-02 2.133397297469559e-03
1.220210923206799e-01 2.317916974982329e-02 2.124313085496484e-03
1.221694915732101e-01 2.709034607814437e-02 2.160145048638567e-03
1.223178906620329e-01 2.918671634477758e-02 2.110530227224223e-03
1.224662895869498e-01 2.780613688835232e-02 2.144946121998942e-03
1.226146883477624e-01 2.597237326704557e-02 2.143248781346301e-03
1.227630869442719e-01 2.921047620315866e-02 2.162583955773329e-03
1.229114853762799e-01 2.529825846795877e-02 2.159770384842330e-03
1.230598836435877e-01 2.663678349778155e-02 2.119636553121825e-03
1.232082817459969e-01 2.557180604588227e-02 2.193728312729981e-03
1.233566796833089e-01 2.949385389202887e-02 2.130483704062323e-03
1.235050774553250e-01 2.837480228375276e-02 2.159788731172802e-03
1.236534750618467e-01 2.653999735524968e-02 2.164791582996315e-03
1.238018725026756e-01 2.574649027496979e-02 2.145009534278415e-03
1.239502697776129e-01 2.366363926216775e-02 2.173331504919144e-03
1.240986668864602e-01 2.851413671929728e-02 2.163216233214764e-03
1.242470638290189e-01 2.612833267745397e-02 2.148830176591872e-03
1.243954606050905e-01 2.711967080580101e-02 2.189894784322845e-03
1.245438572144764e-01 3.501570460151972e-02 2.190288597353097e-03
1.246922536569781e-01 3.012816746679815e-02 2.185017910257141e-03
1.248406499323969e-01 2.500227973711188e-02 2.161507510561083e-03
1.249890460405344e-01 3.483539399696754e-02 2.222313140517248e-03
1.251374419811920e-01 3.117072395078243e-02 2.216097752618702e-03
1.252858377541713e-01 3.026371607271845e-02 2.225323387182546e-03
1.254342333592735e-01 3.119741462177245e-02 2.258340054992873e-03
1.255826287963002e-01 2.949181002410572e-02 2.181557701567109e-03
1.257310240650529e-01 3.379134026526720e-02 2.266055970718829e-03
1.258794191653329e-01 3.382831758778268e-02 2.269679091322265e-03
1.260278140969418e-01 3.327311236470936e-02 2.272686682764803e-03
1.261762088596811e-01 3.426960552483159e-02 2.284219044550221e-03
1.263246034533521e-01 3.279080704898715e-02 2.255879657780404e-03
1.264729978777564e-01 3.555661629728112e-02 2.269605975970262e-03
1.266213921326954e-01 4.205316183169189e-02 2.252246638222566e-03
1.267697862179706e-01 3.867888921025193e-02 2.301494551958369e-03
1.269181801333835e-01 3.461187523161988e-02 2.276603252124708e-03
1.270665738787355e-01 3.500536719810689e-02 2.257897370615152e-03
1.272149674538281e-01 3.623814641081777e-02 2.230510558819548e-03
1.273633608584628e-01 3.586590758302430e-02 2.265713814019714e-03
1.275117540924411e-01 3.368328682917988e-02 2.267219174873999e-03
1.276601471555643e-01 4.106880621311722e-02 2.265956786700876e-03
1.278085400476341e-01 4.051273328815070e-02 2.307410665824447e-03
1.279569327684519e-01 4.051067324728421e-02 2.302412460414629e-03
1.281053253178191e-01 4.430212444944454e-02 2.295162740734042e-03
1.282537176955372e-01 3.695231265836919e-02 2.284342978245612e-03
1.284021099014078e-01 4.212312155333925e-02 2.293846070496396e-03
1.285505019352323e-01 3.917665996771617e-02 2.273583781902839e-03
1.286988937968122e-01 4.020656013662560e-02 2.319341924112507e-03
1.288472854859490e-01 3.503655038593543e-02 2.239424034512398e-03
1.289956770024441e-01 3.742370525798420e-02 2.310672055442148e-03
1.291440683460992e-01 4.035972017787282e-02 2.281098486949479e-03
1.292924595167155e-01 4.043288654727678e-02 2.271215995973422e-03
1.294408505140947e-01 3.338835542994844e-02 2.254322109689197e-03
1.295892413380383e-01 3.459843291937248e-02 2.247914201000428e-03
1.297376319883476e-01 4.009832452122441e-02 2.291785797002990e-03
1.298860224648243e-01 3.803051230443177e-02 2.244674972817927e-03
1.300344127672698e-01 3.309029688886736e-02 2.276220658383417e-03
1.301828028954856e-01 3.541445663230385e-02 2.260577371736737e-03
1.303311928492733e-01 3.414887776452366e-02 2.223072846760575e-03
1.304795826284343e-01 3.393725492766606e-02 2.219470160914472e-03
1.306279722327701e-01 3.250798633542935e-02 2.251644206741438e-03
1.307763616620822e-01 3.322545258298154e-02 2.222636770908576e-03
1.309247509161722e-01 3.046374426990379e-02 2.242434282643125e-03
1.310731399948415e-01 3.037556631543000e-02 2.263603024999613e-03
1.312215288978917e-01 3.092511750542112e-02 2.201652090114063e-03
1.313699176251241e-01 3.158689132048441e-02 2.225083581603879e-03
1.315183061763405e-01 3.504333876193934e-02 2.211471527846570e-03
1.316666945513423e-01 3.095211863795822e-02 2.180858001903193e-03
1.318150827499309e-01 2.765513556353197e-02 2.185047049969661e-03
1.319634707719080e-01 2.851886912118180e-02 2.140225468230535e-03
1.321118586170749e-01 2.941007958852791e-02 2.184477230992368e-03
1.322602462852334e-01 2.460138645965276e-02 2.153059437347046e-03
1.324086337761848e-01 2.437575318253592e-02 2.159925776132108e-03
1.325570210897306e-01 2.370082826072152e-02 2.134809009908467e-03
1.327054082256724e-01 2.558614327536005e-02 2.169593498669217e-03
1.328537951838119e-01 2.768195113078117e-02 2.162469473596186e-03
1.330021819639503e-01 2.358931421250568e-02 2.144778573400053e-03
1.331505685658892e-01 1.800042909306182e-02 2.127652489181852e-03
1.332989549894304e-01 2.049372812199837e-02 2.147611814774207e-03
1.334473412343751e-01 2.354085954052688e-02 2.108241939786655e-03
1.335957273005250e-01 2.768858385604383e-02 2.148297635298519e-03
1.337441131876815e-01 2.360998727255854e-02 2.138888656698364e-03
1.338924988956463e-01 2.428590238223585e-02 2.133474913265643e-03
1.340408844242209e-01 2.352541625182148e-02 2.125844257676766e-03
1.341892697732067e-01 2.253237471681051e-02 2.076854511464280e-03
1.343376549424055e-01 2.206053143609400e-02 2.133729878002100e-03
1.344860399316185e-01 2.188053602529628e-02 2.103521256901935e-03
1.346344247406474e-01 2.161651183914907e-02 2.091562923983269e-03
1.347828093692938e-01 1.505507663992302e-02 2.135601076503578e-03
1.349311938173592e-01 2.326508149756397e-02 2.114471661940027e-03
1.350795780846451e-01 2.151027239452249e-02 2.158821884911817e-03
1.352279621709530e-01 2.112030639414544e-02 2.122650570991451e-03
1.353763460760846e-01 2.155965685523200e-02 2.106217779260213e-03
1.355247297998415e-01 2.093591411411549e-02 2.076457885369870e-03
1.356731133420249e-01 1.999859251757835e-02 2.133212536496094e-03
1.358214967024367e-01 2.246233020748857e-02 2.167554723885250e-03
1.359698798808782e-01 2.475090913214685e-02 2.093948104595758e-03
1.361182628771512e-01 2.235678683661208e-02 2.158038361569094e-03
1.362666456910571e-01 2.387438178905174e-02 2.131842378869498e-03
1.364150283223974e-01 2.350269409687877e-02 2.134928034196413e-03
1.365634107709738e-01 2.294708039501383e-02 2.159125997659505e-03
1.367117930365878e-01 2.212705224581192e-02 2.136248380225625e-03
1.368601751190411e-01 2.491504277234527e-02 2.144436897834404e-03
1.370085570181349e-01 2.500477412567133e-02 2.135073283664837e-03
1.371569387336711e-01 2.742729740883849e-02 2.204498291956064e-03
1.373053202654511e-01 2.528754698787095e-02 2.173043602127151e-03
1.374537016132766e-01 2.709382476080267e-02 2.188112716441432e-03
1.376020827769490e-01 2.500604941455602e-02 2.217807967837737e-03
1.377504637562700e-01 2.485458931066573e-02 2.145111276485196e-03
1.378988445510411e-01 2.177437365425700e-02 2.182506254865488e-03
1.380472251610639e-01 2.522559674049708e-02 2.202685846041841e-03
1.381956055861399e-01 2.606035602433777e-02 2.196553239236306e-03
1.383439858260708e-01 2.666943548627630e-02 2.211759739054847e-03
1.384923658806582e-01 2.575632487534980e-02 2.168993316128965e-03
1.386407457497034e-01 2.827467794777559e-02 2.250551760113203e-03
1.387891254330083e-01 2.764467601208725e-02 2.183837937647175e-03
1.389375049303744e-01 3.086296667003652e-02 2.204910151801263e-03
1.390858842416031e-01 3.034113264056425e-02 2.238124185271187e-03
1.392342633664962e-01 2.728326496643432e-02 2.196215368189864e-03
1.393826423048553e-01 2.936656124924285e-02 2.246606929998862e-03
1.395310210564817e-01 2.545062216235453e-02 2.187493379138631e-03
1.396793996211773e-01 2.774990689334775e-02 2.206265878112250e-03
1.398277779987435e-01 2.690550873126586e-02 2.207326527765142e-03
1.399761561889819e-01 2.782109996923115e-02 2.279265247303205e-03
1.401245341916943e-01 2.411630079703009e-02 2.231430206244309e-03
1.402729120066820e-01 2.637588284344351e-02 2.173345471681963e-03
1.404212896337468e-01 2.902591644993746e-02 2.214106574211195e-03
1.405696670726902e-01 2.695289194195641e-02 2.207848803488127e-03
1.407180443233139e-01 2.704582889577703e-02 2.203512412342307e-03
1.408664213854193e-01 2.526360647047270e-02 2.176842379500216e-03
1.410147982588082e-01 2.769285033844980e-02 2.216638574580835e-03
1.411631749432821e-01 2.529872663923435e-02 2.228231440867145e-03
1.413115514386427e-01 2.330850674232852e-02 2.204320416229901e-03
1.414599277446915e-01 3.077780495037182e-02 2.203062287064781e-03
1.416083038612301e-01 2.927402529068374e-02 2.170911795589464e-03
1.417566797880601e-01 2.548282975640730e-02 2.211964232311918e-03
1.419050555249833e-01 2.278652515739857e-02 2.181605906721170e-03
1.420534310718010e-01 2.252933668244140e-02 2.198094808788568e-03
1.422018064283151e-01 2.345204335799774e-02 2.326603361165579e-03
1.423501815943271e-01 2.355166785712389e-02 2.310978449692961e-03
1.424985565696385e-01 2.608299410758170e-02 2.333047777963506e-03
1.426469313540512e-01 2.759437776214298e-02 2.397367207676406e-03
1.427953059473665e-01 2.157377575874635e-02 2.406295427460858e-03
1.429436803493862e-01 2.034723932141932e-02 2.423670671749055e-03
1.430920545599118e-01 2.399093436236152e-02 2.380951076862398e-03
1.432404285787451e-01 2.246345396126967e-02 2.448109289250678e-03
1.433888024056876e-01 2.243127188521938e-02 2.518134001797853e-03
1.435371760405410e-01 2.599782701868039e-02 2.485776225866965e-03
1.436855494831068e-01 2.106688320240633e-02 2.500387954305488e-03
1.438339227331868e-01 2.224220383616268e-02 2.520554322032924e-03
1.439822957905825e-01 1.961670808702460e-02 2.504017174440429e-03
1.441306686550955e-01 1.922767379816719e-02 2.565284386381254e-03
1.442790413265275e-01 2.575219997611793e-02 2.553597214544883e-03
1.444274138046802e-01 1.738288936987126e-02 2.566092552063954e-03
1.445757860893551e-01 1.865373322467603e-02 2.624487666642193e-03
1.447241581803540e-01 1.492971330026548e-02 2.592329181055866e-03
1.448725300774784e-01 1.691475222248956e-02 2.679281077686087e-03
1.450209017805300e-01 1.834480292565926e-02 2.654637318152669e-03
1.451692732893104e-01 1.216286758933960e-02 2.650005221194607e-03
1.453176446036212e-01 1.258005572256788e-02 2.538149760851432e-03
1.454660157232642e-01 2.107694685342974e-02 2.703497284554489e-03
1.456143866480410e-01 1.779307784989024e-02 2.696532686139771e-03
1.457627573777532e-01 1.664283273676878e-02 2.684855141335510e-03
1.459111279122024e-01 1.605309871139089e-02 2.754082056955811e-03
1.460594982511903e-01 2.014512152152983e-02 2.778190601330238e-03
1.462078683945185e-01 1.783678208091965e-02 2.885747383921415e-03
1.463562383419889e-01 1.677105726255667e-02 2.822445196168669e-03
1.465046080934028e-01 1.695626740250525e-02 2.810370534715563e-03
1.466529776485621e-01 1.409109948107482e-02 2.723150609018561e-03
1.468013470072683e-01 1.558906167049195e-02 2.808887344875885e-03
1.469497161693232e-01 1.867999359097750e-02 2.846608022155036e-03
1.470980851345284e-01 2.149223061974552e-02 2.919849241193971e-03
1.472464539026855e-01 1.814834970656694e-02 2.962725444335141e-03
1.473948224735963e-01 1.960594707922086e-02 2.845634561829118e-03
1.475431908470624e-01 1.812147544080742e-02 3.034888080089912e-03
1.476915590228854e-01 1.543087779709489e-02 2.997857397333104e-03
1.478399270008671e-01 1.943640901500533e-02 2.964045341044645e-03
1.479882947808090e-01 1.732022657232490e-02 3.036460799370424e-03
1.481366623625130e-01 1.506854922097958e-02 3.044357768491726e-03
1.482850297457805e-01 1.682288483362075e-02 3.165778920660624e-03
1.484333969304134e-01 1.927429125619647e-02 3.026575023390203e-03
1.485817639162133e-01 1.826584127369502e-02 3.145243582480305e-03
1.487301307029819e-01 1.476914270364449e-02 3.079420000202093e-03
1.488784972905207e-01 2.263116902485601e-02 3.116861632364565e-03
1.490268636786317e-01 1.575780668199242e-02 3.284240057755402e-03
1.491752298671163e-01 2.545634268423051e-02 3.089258346666635e-03
1.493235958557763e-01 1.018891571778894e-02 3.174839200941512e-03
1.494719616444135e-01 1.803708830108031e-02 3.156100394479827e-03
1.496203272328294e-01 1.580335674619696e-02 3.224261687672934e-03
1.497686926208257e-01 1.541835800824134e-02 3.184231429078498e-03
1.499170578082042e-01 2.078723785240764e-02 3.173171701802312e-03
1.500654227947665e-01 1.991161109368277e-02 3.517025497504691e-03
1.502137875803144e-01 2.387832253459577e-02 3.294679750777879e-03
1.503621521646495e-01 1.719580525142535e-02 3.218508993541712e-03
1.505105165475735e-01 2.519042938317647e-02 3.300334733096166e-03
1.506588807288882e-01 2.531607692403461e-02 3.331036563674703e-03
1.508072447083951e-01 2.062194975047369e-02 3.390482795632177e-03
1.509556084858961e-01 2.065381852698054e-02 3.216579745521296e-03
1.511039720611928e-01 1.730648227852644e-02 3.242136741832490e-03
1.512523354340869e-01 1.896972262740759e-02 3.410841281665718e-03
1.514006986043802e-01 2.144571540640209e-02 3.156174869900856e-03
1.515490615718743e-01 2.198018730210261e-02 3.296663143997689e-03
1.516974243363709e-01 1.767681417199937e-02 3.254649221824824e-03
1.518457868976718e-01 2.074567683529134e-02 3.291333914435676e-03
1.519941492555787e-01 1.495504465912548e-02 3.305753911467792e-03
1.521425114098933e-01 2.163362943764760e-02 3.278454830807536e-03
1.522908733604172e-01 1.933595643069413e-02 3.367359666063490e-03
1.524392351069522e-01 1.873269709374661e-02 3.250709326004178e-03
1.525875966493001e-01 2.198110099788353e-02 3.408579767376076e-03
1.527359579872626e-01 2.182625272999887e-02 3.387068031195518e-03
1.528843191206413e-01 1.795685362279564e-02 3.309577354568913e-03
1.530326800492380e-01 2.278473261632387e-02 3.398569864976496e-03
1.531810407728545e-01 2.170464945397022e-02 3.306051022488288e-03
1.533294012912923e-01 2.199027202454591e-02 3.540523369515069e-03
1.534777616043534e-01 2.196195059998048e-02 3.347846135293774e-03
1.536261217118393e-01 2.716864044094117e-02 3.500050867965433e-03
1.537744816135519e-01 1.375608388327203e-02 3.365745065029983e-03
1.539228413092928e-01 1.768651884998540e-02 3.561549692298275e-03
1.540712007988639e-01 1.634837198083848e-02 3.593510243501422e-03
1.542195600820668e-01 1.654931108621569e-02 3.385477817417988e-03
1.543679191587032e-01 1.542152023279085e-02 3.524002071667405e-03
1.545162780285749e-01 2.253512043539879e-02 3.414661373015718e-03
1.546646366914837e-01 2.209047506498896e-02 3.651129251693920e-03
1.548129951472313e-01 2.399264410789411e-02 3.488650783836470e-03
1.549613533956194e-01 1.917034524333707e-02 3.612612088049764e-03
1.551097114364498e-01 1.331650845519184e-02 3.548039630014923e-03
1.552580692695243e-01 2.034587968503991e-02 3.517249666073064e-03
1.554064268946445e-01 1.417162014342527e-02 3.538959761585582e-03
1.555547843116122e-01 1.459556538974588e-02 3.561585666210977e-03
1.557031415202292e-01 2.122857983882914e-02 3.637487001179840e-03
1.558514985202972e-01 1.591522888256584e-02 3.602985357707998e-03
1.559998553116179e-01 1.757416896351600e-02 3.455808103210918e-03
1.561482118939933e-01 1.721500042946093e-02 3.498173112575715e-03
1.562965682672249e-01 9.487066948657141e-03 3.528456090864118e-03
1.564449244311146e-01 1.914417342575359e-02 3.662746618169361e-03
1.565932803854641e-01 1.347357184210622e-02 3.466673180802656e-03
1.567416361300751e-01 1.372949694072349e-02 3.584470417932131e-03
1.568899916647495e-01 1.985945511731770e-02 3.694833402141781e-03
1.570383469892890e-01 1.267850131303504e-02 3.526342015356869e-03
1.571867021034954e-01 7.968423721690231e-03 3.578541911420682e-03
1.573350570071704e-01 1.422241774172209e-02 3.479293773990554e-03
1.574834117001158e-01 1.528231374132650e-02 3.570061943910350e-03
1.576317661821335e-01 1.802987891036474e-02 3.809840756584402e-03
1.577801204530250e-01 1.745324665374737e-02 3.695088499711959e-03
1.579284745125923e-01 1.523478681058085e-02 3.649802105510809e-03
1.580768283606372e-01 1.753658139827821e-02 3.812820419623119e-03
1.582251819969613e-01 1.030645453368367e-02 3.748772969307334e-03
1.583735354213664e-01 7.280666869152380e-03 3.786622721828727e-03
1.585218886336544e-01 1.551181517742046e-02 3.843013477701183e-03
1.586702416336271e-01 2.201679678574350e-02 3.792324757617290e-03
1.588185944210862e-01 1.606945662201552e-02 3.947836996577110e-03
1.589669469958334e-01 1.808044335397311e-02 3.833716509873160e-03
1.591152993576707e-01 1.323171053170884e-02 3.870578972211838e-03
1.592636515063998e-01 1.369445865568258e-02 3.746980284051982e-03
1.594120034418224e-01 1.379303095629130e-02 3.911043720261056e-03
1.595603551637404e-01 1.500574412037946e-02 3.973835182206486e-03
1.597087066719556e-01 7.148423398454361e-03 3.880860783388151e-03
1.598570579662698e-01 1.602105881930734e-02 3.924619157045090e-03
1.600054090464846e-01 1.456111520372021e-02 3.875617317939066e-03
1.601537599124021e-01 1.528892202400191e-02 3.961477095739503e-03
1.603021105638239e-01 1.341999632827665e-02 4.013139791493763e-03
1.604504610005519e-01 1.767135309545870e-02 3.970495627086466e-03
1.605988112223878e-01 1.219665240871248e-02 4.052110531214534e-03
1.607471612291335e-01 1.893759456465140e-02 4.172740652211377e-03
1.608955110205908e-01 1.770688355437771e-02 3.962682611966172e-03
1.610438605965615e-01 3.068114349138964e-02 4.138789884755489e-03
1.611922099568474e-01 1.420117189553303e-02 4.146647428029933e-03
1.613405591012503e-01 1.961009180901396e-02 4.156475817701067e-03
1.614889080295720e-01 1.159975154762151e-02 4.080963235592039e-03
1.616372567416144e-01 1.309284415808599e-02 3.987897482647901e-03
1.617856052371793e-01 1.797357317464283e-02 4.154701322091848e-03
1.619339535160685e-01 1.320595278701516e-02 4.077508569349535e-03
1.620823015780837e-01 1.701686806600057e-02 4.258511271860137e-03
1.622306494230269e-01 2.024412731828177e-02 4.162842569306323e-03
1.623789970506999e-01 1.430878718307941e-02 4.121559241594246e-03
1.625273444609043e-01 1.947714014290599e-02 4.468677060997592e-03
1.626756916534423e-01 1.178279669771469e-02 4.276776314792285e-03
1.628240386281155e-01 1.303554924086688e-02 4.106660984486000e-03
1.629723853847257e-01 1.653588809325428e-02 4.175340680718966e-03
1.631207319230749e-01 2.030108419443424e-02 4.243887675242816e-03
1.632690782429647e-01 1.463783547659112e-02 4.383364452766329e-03
1.634174243441972e-01 8.557803139867891e-03 4.321073878840784e-03
1.635657702265741e-01 2.409780011448243e-02 4.423110905310665e-03
1.637141158898972e-01 1.462458380071608e-02 4.347377619868808e-03
1.638624613339684e-01 2.369110358323688e-02 4.421970119367234e-03
1.640108065585895e-01 2.388001369073435e-02 4.521844129160231e-03
1.641591515635625e-01 1.011929351997971e-02 4.336680663467951e-03
1.643074963486891e-01 1.127549136537156e-02 4.546271741362883e-03
1.644558409137711e-01 1.320034003098893e-02 4.712987734669772e-03
1.646041852586105e-01 1.779531853420618e-02 4.528085677687088e-03
1.647525293830090e-01 9.560169406115593e-03 4.579829706585406e-03
1.649008732867686e-01 9.671374385307796e-03 4.532968550989781e-03
1.650492169696911e-01 1.503143742860275e-02 4.403969037866515e-03
1.651975604315783e-01 2.043969805833439e-02 4.747589626855291e-03
1.653459036722321e-01 1.027790176843536e-02 4.514403799364433e-03
1.654942466914544e-01 2.098487043597165e-02 4.674740347178815e-03
1.656425894890469e-01 1.820404653953270e-02 4.669686575058459e-03
1.657909320648118e-01 1.222796564144819e-02 4.755720337346839e-03
1.659392744185506e-01 1.384744148562177e-02 4.822274872885057e-03
1.660876165500653e-01 1.435016130313065e-02 4.749948742589783e-03
1.662359584591579e-01 1.080094959832234e-02 4.653695710977368e-03
1.663843001456301e-01 1.992735637547776e-02 4.896115479935200e-03
1.665326416092838e-01 8.932005035540945e-03 4.894589522020475e-03
1.666809828499210e-01 1.301600554732239e-02 4.740490367094294e-03
1.668293238673434e-01 1.050523383528432e-02 4.957231294810216e-03
1.669776646613530e-01 1.966011965371355e-02 4.927597938131227e-03
1.671260052317516e-01 2.010815280930667e-02 4.891740254199999e-03
1.672743455783411e-01 1.974911768855602e-02 5.039846138142835e-03
1.674226857009234e-01 1.413257681056978e-02 4.793926825483625e-03
1.675710255993005e-01 1.489485060812034e-02 4.803564415245785e-03
1.677193652732740e-01 1.282935055645208e-02 5.175994998261529e-03
1.678677047226461e-01 1.223737394136779e-02 5.144215480780687e-03
1.680160439472184e-01 2.092250709868166e-02 5.237984644226801e-03
1.681643829467930e-01 1.139095777700544e-02 5.278825544549857e-03
1.683127217211718e-01 5.362205199836351e-03 5.254970556857971e-03
1.684610602701565e-01 2.736389791247691e-03 5.297470740396162e-03
1.686093985935492e-01 -2.605430979901735e-04 5.169865074949475e-03
1.687577366911517e-01 1.741386060966736e-02 5.305541614074363e-03
1.689060745627659e-01 1.442759151080908e-02 5.260229644205435e-03
1.690544122081938e-01 8.595817030487993e-03 5.533360097032527e-03
1.692027496272371e-01 1.211828947495258e-02 5.176495813470241e-03
1.693510868196979e-01 7.434139366011241e-03 5.228596063636401e-03
1.694994237853780e-01 2.135395426613354e-03 5.223157674711788e-03
1.696477605240793e-01 1.475950192150874e-02 5.414907472405560e-03
1.697960970356038e-01 1.201605598393481e-02 5.410906099304229e-03
1.699444333197534e-01 1.183533354291115e-02 5.637779066980168e-03
1.700927693763299e-01 7.216684780985347e-03 5.946435791653383e-03
1.702411052051354e-01 4.446143726721599e-04 5.186604495359357e-03
1.703894408059716e-01 1.195958732452773e-02 6.038024062787918e-03
1.705377761786405e-01 1.211967630546702e-02 5.940846555256201e-03
1.706861113229442e-01 9.372231199559225e-03 5.446960524435608e-03
1.708344462386844e-01 1.598325911454955e-02 5.776757709857285e-03
1.709827809256630e-01 1.112569489046725e-02 5.805899019059232e-03
1.711311153836821e-01 1.876213401411154e-02 6.103055295829007e-03
1.712794496125435e-01 9.247848409275068e-03 5.830465266600886e-03
1.714277836120492e-01 1.002684301922865e-02 5.833697939942589e-03
1.715761173820012e-01 1.624790235216457e-02 6.307661432207735e-03
1.717244509222012e-01 9.119106079769075e-03 5.787511747458758e-03
1.718727842324513e-01 1.721456927310907e-02 6.512530724828662e-03
1.720211173125535e-01 6.926484969220215e-03 6.527560546212049e-03
1.721694501623096e-01 2.271784736176286e-02 6.781537834789614e-03
1.723177827815215e-01 1.234174873237276e-02 6.139474292177478e-03
1.724661151699914e-01 1.800465328995002e-02 6.347802969170048e-03
1.726144473275209e-01 2.003052839960262e-02 6.744795968163820e-03
1.727627792539122e-01 1.902729593745240e-02 6.668396821559162e-03
1.729111109489672e-01 6.878510002979885e-03 6.179105722102725e-03
1.730594424124878e-01 1.902213751969389e-03 6.739607737787405e-03
1.732077736442759e-01 2.128774802568588e-02 6.771399746373035e-03
1.733561046441336e-01 1.337363378801230e-02 7.179670198772822e-03
1.735044354118627e-01 1.850804980078953e-03 6.944325667735551e-03
1.736527659472653e-01 6.517810604659960e-03 7.134886709006824e-03
1.738010962501432e-01 6.726930194248498e-03 7.196366481402418e-03
1.739494263202985e-01 1.261490972991004e-02 6.999833718422906e-03
1.740977561575331e-01 2.716703576511777e-03 7.358878856933377e-03
1.742460857616490e-01 1.086981067174561e-02 6.917651740232715e-03
1.743944151324481e-01 9.810302131909712e-03 7.785062239435170e-03
1.745427442697323e-01 1.553091819873219e-02 7.396095143981765e-03
1.746910731733038e-01 -1.581844384732599e-03 7.328973395803678e-03
1.748394018429644e-01 2.036718013991609e-02 7.321950312916407e-03
1.749877302785161e-01 8.512365937350219e-03 7.542390394566189e-03
1.751360584797609e-01 6.867063295156836e-03 8.307734638748654e-03
1.752843864465008e-01 5.107102755885669e-03 7.880600163259139e-03
1.754327141785377e-01 1.947138231924735e-02 8.233377615156601e-03
1.755810416756736e-01 5.826396090545569e-03 8.680406065826186e-03
1.757293689377105e-01 1.040983035677318e-03 8.653160953269678e-03
1.758776959644504e-01 1.317597672864175e-02 8.816041511495940e-03
1.760260227556953e-01 1.957790722533028e-02 8.807040549099377e-03
1.761743493112470e-01 1.868790825722411e-02 8.445893027975654e-03
1.763226756309078e-01 4.157015835251771e-04 9.652376232828745e-03
1.764710017144794e-01 2.681285413493002e-02 1.022715510860279e-02
1.766193275617640e-01 2.564568816631205e-02 8.754046471814842e-03
1.767676531725635e-01 2.240050772061202e-02 9.698081960615831e-03
1.769159785466800e-01 1.150085106285776e-02 1.036398397546586e-02
1.770643036839153e-01 1.871511592145216e-02 1.047425953548395e-02
1.772126285840715e-01 1.937613494620036e-02 1.017179482874280e-02
1.773609532469506e-01 1.605029364714766e-02 1.102828728343343e-02
1.775092776723547e-01 1.997033625221058e-02 1.195783488469781e-02
1.776576018600856e-01 -3.362888620285880e-03 1.058218719406785e-02
1.778059258099455e-01 2.948393386442252e-02 1.247259043647164e-02
1.779542495217363e-01 1.918899088426329e-02 1.288894252997842e-02
1.781025729952601e-01 1.922517949484213e-02 1.239612596815443e-02
1.782508962303188e-01 1.577502245746105e-02 1.190154452619540e-02
1.783992192267145e-01 1.162935932043488e-02 1.356443476831108e-02
1.785475419842491e-01 2.308001935903089e-02 1.353590305745599e-02
1.786958645027247e-01 8.578597946474545e-03 1.574515795021750e-02
1.788441867819434e-01 1.333714055344419e-02 1.530680957511356e-02
1.789925088217071e-01 1.984928049096217e-03 1.535322437757411e-02
1.791408306218179e-01 1.976871241270278e-02 1.665430790654322e-02
1.792891521820777e-01 9.631482823868200e-03 1.928247895171876e-02
1.794374735022887e-01 2.395670142700049e-04 1.880244062431335e-02
1.795857945822528e-01 -1.664708178227275e-02 2.344944591116579e-02
1.797341154217720e-01 -2.045860049471855e-02 2.465011370839800e-02
1.798824360206485e-01 4.666343978085789e-03 3.083061331184234e-02
1.800307563786842e-01 2.979139725551245e-02 4.448846181820811e-02
