#   DataFileName=25janv24_003.tif
#   DataFileType=.tif
#   
#   DataFilePath=D:SAXS-Cu:Claire:SAXS Cu 2024:20240125:
#   
#   Processed on=ven. 26 janv. 2024,08:52:52
#   Units=Arbitrary
#   SampleThickness=2.9
#   SampleTransmission=0.36738
#   CorrectionFactor=2.72
#   SampleMeasurementTime=1
#   EmptyMeasurementTime=1
#   BackgroundMeasTime=1
#   SampleI0=3600
#   EmptyI0=1
#   Nika_SampleToDetectorDistacne=1616
#   Nika_Wavelength=1.542
#   Nika_XrayEnergy=8.0405
#   Nika_PixelSizeX=0.172
#   Nika_PixelSizeY=0.172
#   Nika_HorizontalTilt=0
#   Nika_VerticalTilt=0
#   Nika_BeamCenterX=277.17
#   Nika_BeamCenterY=169.37
#   Nika_BeamSizeX=0
#   Nika_BeamSizeY=0
#   CalibrationFormula=1*((Sa2D))
#   CurrentMaskFileName=jan24_mask.hdf
#   QvectorMaxNumPnts=0
#   QvectorNumberPoints=500
#   CircularAverage=1
#   PolarizationCorrection=None
#   UncertainityCalculationMethod=OldNikaMethod

0.0090713194	6217.1577	1548.9475	0.00041012454
0.0091191828	6301.6875	1739.4224	0.00041013741
0.009167294	6225	1864.8175	0.00041015071
0.0092156595	6140.8569	1839.6068	0.00041016436
0.0092642847	6098.5454	2132.053	0.00041017766
0.0093131615	6065.1055	1511.3031	0.00041019166
0.0093623018	6033.1177	1605.6754	0.00041020423
0.0094116954	5655.7144	1690.9966	0.00041021823
0.0094613498	5909.5239	1389.2126	0.00041023357
0.0095112715	5865.25	1618.9518	0.00041024663
0.0095614512	5820.6362	2034.8926	0.00041026229
0.0096119009	5748.125	1586.62	0.00041027571
0.0096626123	5710.2778	1468.949	0.00041029038
0.0097135901	5666.8999	1370.3939	0.0004103065
0.0097648427	5599.2144	1677.3601	0.00041032035
0.0098163607	5582.8237	1485.8287	0.00041033557
0.0098681506	5465.6875	1508.6653	0.00041035117
0.009920218	5472.2104	1363.5649	0.00041036645
0.0099725556	5332.5	1471.5382	0.00041038232
0.010025172	5220.4209	1300.6208	0.00041039812
0.010078066	5275.75	1275.8033	0.00041041418
0.010131239	5231.9375	1444.1469	0.00041042943
0.010184692	5189.3687	1293.0868	0.00041044565
0.010238425	5172.1333	1484.8246	0.00041046331
0.010292444	5113.0435	1140.827	0.00041047813
0.010346748	4843	1205.6273	0.00041049506
0.010401339	5010.2104	1248.4442	0.00041051209
0.010456217	4920.3999	1412.5636	0.00041052917
0.010511382	4884.6665	1148.2861	0.00041054678
0.010566842	4846.4092	1109.1853	0.00041056532
0.010622594	4802	1325.4723	0.00041058313
0.01067864	4766.0371	971.362	0.00041059998
0.010734978	4701.4375	1297.7085	0.00041061838
0.010791617	4655.3638	1065.4594	0.00041063668
0.010848555	4593	1181.5336	0.00041065528
0.010905793	4542.1738	1013.4523	0.00041067408
0.010963334	4429.0498	1070.9436	0.0004106928
0.011021174	4460.7915	971.49493	0.00041071215
0.011079323	4385.6499	1060.5563	0.00041073147
0.011137779	4369.7729	1000.0933	0.00041075103
0.011196543	4299.0869	959.21246	0.00041077062
0.011255614	4245.0801	903.40509	0.00041079085
0.011315	4016.2942	1067.73	0.00041081096
0.011374699	4136.7085	900.90955	0.00041083139
0.011434713	4084.4814	832.4527	0.00041085103
0.011495044	4067.5	983.62018	0.00041087266
0.01155569	4022.7693	837.39117	0.00041089294
0.011616659	3980.3914	888.10583	0.00041091512
0.01167795	3936.5652	878.32867	0.00041093573
0.011739564	3884.8999	939.45752	0.0004109572
0.0118015	3816	733.48083	0.00041098031
0.011863766	3785.8799	805.68506	0.00041100153
0.01192636	3686.8333	802.88818	0.00041102397
0.011989285	3725.5833	811.37506	0.00041104658
0.012052542	3661.75	731.29974	0.00041106931
0.01211613	3620.4583	788.48218	0.00041109262
0.012180055	3568.3635	816.68036	0.00041111599
0.012244319	3434.3125	636.84485	0.0004111396
0.012308921	3492.76	743.30267	0.00041116439
0.012373864	3435.6365	786.30402	0.00041118739
0.012439147	3423.1516	624.34467	0.00041121195
0.012504777	3334.75	618.5611	0.00041123654
0.012570753	3306.8333	720.17584	0.00041126151
0.012637078	3247.5	648.56921	0.0004112864
0.012703749	3249.1304	724.94922	0.00041131204
0.012770776	3173.8235	569.49316	0.00041133765
0.012838155	3123.6785	623.80902	0.0004113637
0.012905891	3098.2903	584.84491	0.00041138986
0.012973984	3041.4583	662.38086	0.00041141611
0.013042432	3017.7878	550.41083	0.00041144318
0.013111246	2968.4333	570.56628	0.00041147019
0.013180422	2853.0938	529.06818	0.0004114976
0.013249964	2888.9565	644.5816	0.00041152394
0.013319868	2863.6843	483.68411	0.00041155313
0.013390145	2805.7097	529.61615	0.00041158128
0.013460793	2763.2	531.11469	0.00041160986
0.013531813	2721.7097	513.75897	0.00041163864
0.013603209	2690.7222	467.99692	0.00041166658
0.013674977	2661.0715	531.45068	0.00041169624
0.013747128	2620.3513	449.02615	0.00041172598
0.013819659	2541.8823	456.05902	0.00041175602
0.013892573	2532.9333	486.85864	0.00041178599
0.013965867	2485.2683	402.90283	0.00041181617
0.014039554	2462.0938	456.7037	0.00041184798
0.014113627	2435.3438	451.74042	0.00041187936
0.014188092	2356.5	422.74442	0.00041191099
0.01426295	2345.5122	380.24594	0.00041194269
0.014338199	2307.5806	435.58688	0.00041197534
0.014413849	2253.3948	380.59979	0.00041200704
0.014489898	2238.4119	401.64481	0.00041204007
0.014566349	2208.0681	344.64941	0.00041207302
0.014643198	2163.2222	376.24823	0.00041210715
0.014720458	2138.9744	356.24033	0.00041214115
0.014798124	2078.7646	372.99603	0.00041217555
0.014876201	2069.5249	339.99542	0.00041221123
0.014954689	2016.7	331.31711	0.00041224514
0.015033588	2011	349.77191	0.00041228096
0.015112907	1926.3778	297.03748	0.00041231682
0.015192644	1936.8718	322.57901	0.00041235308
0.015272802	1894.7435	315.56384	0.0004123894
0.015353379	1865.119	298.47284	0.00041242578
0.015434384	1834.8649	314.42429	0.0004124642
0.015515818	1796.2075	253.92442	0.00041250198
0.015597682	1769.9166	307.84174	0.00041253917
0.015679976	1723.3903	279.39026	0.00041257843
0.015762702	1692.4565	257.9599	0.00041261676
0.015845867	1687.7317	273.60785	0.00041265626
0.015929472	1650.9791	245.99843	0.0004126961
0.016013518	1621.4286	259.47498	0.00041273583
0.016098002	1558.4468	234.7926	0.00041277695
0.016182937	1563.75	233.00029	0.00041281627
0.01626832	1523.55	250.29851	0.00041285949
0.016354153	1514.5869	230.85263	0.00041290157
0.01644044	1472.0546	204.06433	0.00041294337
0.016527176	1447.3024	228.7041	0.00041298679
0.016614376	1413.9791	210.68434	0.00041303007
0.016702035	1388.52	202.44328	0.00041307375
0.016790157	1376.0588	198.53391	0.00041311784
0.016878743	1336.7255	192.85912	0.00041316217
0.016967792	1319.0698	208.43948	0.00041320594
0.017057316	1265.386	172.12155	0.00041325326
0.017147312	1256.9803	181.35385	0.0004132977
0.017237784	1238.0577	176.79472	0.00041334366
0.017328728	1206.9166	179.83173	0.00041339299
0.017420156	1180.614	160.60786	0.00041344052
0.017512066	1155.7307	165.03818	0.00041348668
0.017604461	1122.0769	160.2285	0.00041353729
0.017697345	1096.0656	143.87639	0.00041358371
0.017790712	1092.3334	168.45941	0.00041363394
0.017884579	1059.6666	144.15477	0.00041368403
0.01797894	1022.4516	133.06194	0.00041373458
0.018073799	1025.5741	143.55591	0.00041378519
0.018169153	996.5741	139.49612	0.00041383741
0.018265016	969.66669	125.14922	0.00041388767
0.018361384	946.36664	125.31184	0.00041394227
0.01845826	925.20691	124.71465	0.00041399384
0.018555649	913.29034	118.86677	0.00041404899
0.018653546	883.41937	114.97739	0.00041410374
0.018751962	859.4259	120.29882	0.00041415897
0.0188509	841.84375	107.75858	0.00041421448
0.01895036	813.46155	103.27464	0.00041427009
0.019050339	800.60938	102.48074	0.00041432717
0.019150849	783.88525	102.89932	0.00041438476
0.019251892	760.79102	95.075813	0.00041444265
0.019353468	748.6875	95.834373	0.0004144992
0.019455578	726.61426	88.750458	0.0004145597
0.019558223	700.35822	87.522453	0.00041461809
0.019661414	691.59375	88.525948	0.00041467859
0.01976515	676.95831	81.479172	0.00041473942
0.019869432	662.04346	81.473213	0.00041480057
0.01997426	628.67188	80.466232	0.00041486532
0.020079646	625.31079	74.19603	0.00041492653
0.02018559	604.51392	72.759644	0.00041498989
0.02029209	589.01471	73.041122	0.0004150524
0.020399153	577.58331	69.518219	0.00041511684
0.020506777	557.61841	65.251129	0.00041518474
0.020614972	546.52777	65.78038	0.00041525112
0.02072374	531.36707	60.941257	0.00041531809
0.020833081	519.33826	64.400894	0.00041538311
0.020942992	493.47501	56.223534	0.00041545412
0.021053489	486.74359	56.194241	0.00041552138
0.02116457	475.96054	55.696445	0.00041559106
0.021276236	463.11392	53.113464	0.00041566175
0.021388492	446.56976	49.010185	0.00041573236
0.021501334	434.65332	51.213665	0.00041580488
0.021614777	420.69513	47.324249	0.00041587595
0.021728819	409.58026	46.367928	0.0004159513
0.021843463	390.70001	44.513653	0.00041602473
0.021958705	387.59552	41.789612	0.00041610061
0.022074562	372.98865	40.450462	0.00041617639
0.022191029	360.1358	40.770336	0.00041625329
0.022308113	351.41861	38.567425	0.00041632849
0.022425812	342.12643	37.32328	0.00041640797
0.022544127	332.51135	36.060661	0.00041648769
0.022663072	323.44086	34.08926	0.00041656574
0.022782644	310.17978	33.440964	0.00041664651
0.022902848	302.96875	31.412455	0.00041672718
0.02302368	292.26373	31.151196	0.00041681045
0.023145156	283.45651	30.042234	0.00041689366
0.023267273	274.52222	29.427776	0.00041697753
0.023390032	264.1915	27.690878	0.00041706281
0.023513442	255.8866	26.389442	0.00041714753
0.023637494	248.79208	25.129036	0.00041723513
0.023762207	239.59596	24.449675	0.00041732113
0.02388758	232.49484	23.976957	0.00041741147
0.024013614	224.67999	22.810133	0.00041749887
0.024140311	217.80769	21.670311	0.00041758851
0.024267672	209.9899	21.429424	0.00041768092
0.024395712	202.94545	19.617275	0.000417773
0.024524426	197.89	20.090363	0.00041786607
0.024653818	191.17273	18.47954	0.00041795964
0.024783889	184.40565	18.168154	0.00041805362
0.02491465	179.71288	18.151581	0.00041815176
0.025046103	173.72501	16.059435	0.00041824725
0.02517825	165.00934	16.178675	0.00041834507
0.025311092	159.16823	15.605853	0.00041844544
0.025444631	155.92728	15.072576	0.00041854454
0.025578879	150	13.986327	0.00041864568
0.025713835	145.85841	13.905647	0.00041874815
0.025849504	141.8158	13.459289	0.00041885034
0.025985882	137	12.453526	0.00041895598
0.026122987	131.24771	12.746522	0.00041906111
0.026260814	126.25581	11.246823	0.00041916783
0.026399368	122.03419	11.428313	0.00041927563
0.026538655	118.69355	10.789412	0.00041938134
0.026678668	117.06612	10.775834	0.00041949426
0.026819428	111.81396	9.9603453	0.00041960328
0.02696093	107.38843	9.8850098	0.00041971551
0.027103178	104.61481	9.1048422	0.00041982802
0.027246172	101.10236	9.0784388	0.00041994336
0.027389925	99.137405	8.7619133	0.00042005716
0.027534436	95.529854	8.3458271	0.00042017605
0.027679712	91.569229	8.124795	0.00042029217
0.027825752	90.058823	7.8084836	0.00042041039
0.027972557	86.708954	7.5751653	0.0004205321
0.028120143	85.085106	7.2423496	0.00042065384
0.028268509	81.748093	7.224946	0.00042077678
0.028417656	79.98658	6.6192989	0.00042089794
0.028567582	77.721802	6.8161106	0.00042102658
0.028718308	76.161072	6.3026843	0.00042115344
0.028869828	74.408447	6.3107028	0.00042128001
0.02902215	71.596024	5.8847532	0.00042140935
0.029175274	69.849312	5.8406348	0.00042153869
0.029329197	68.333336	5.5789967	0.00042167204
0.02948394	66.861115	5.6302924	0.00042180574
0.029639501	67.012344	5.3140359	0.00042193889
0.029795883	64.446663	5.3151073	0.00042207542
0.029953081	63.356689	5.1050782	0.0004222127
0.030111117	62.649349	5.0979943	0.00042235156
0.030269986	59.882355	4.6335096	0.00042249236
0.030429695	59.473682	4.8718715	0.00042263384
0.030590244	58.226189	4.5326109	0.00042277633
0.030751634	57.350651	4.6667566	0.00042292025
0.030913882	56.165714	4.2823119	0.00042306882
0.031076988	55.491329	4.2557406	0.00042321451
0.031240953	53.908535	4.2482619	0.00042336274
0.031405777	53.831394	4.1406355	0.00042351248
0.031571474	53.091953	4.0597715	0.00042366752
0.03173805	52.569767	4.0435476	0.00042382086
0.031905502	51.719101	3.9093659	0.00042397695
0.03207384	51.406593	3.8420467	0.00042412887
0.032243058	50.091953	3.8303566	0.00042429205
0.032413173	50.161457	3.64849	0.00042445312
0.03258419	48.960674	3.7008357	0.00042461135
0.032756109	49.123711	3.5542679	0.00042477465
0.032928932	48.377048	3.6055737	0.00042493874
0.033102661	47.979168	3.4897375	0.0004251106
0.033277314	47.729591	3.4354556	0.00042527544
0.033452887	47.264866	3.5032687	0.00042544605
0.033629388	47.544117	3.3533232	0.0004256168
0.033806812	46.387756	3.3388803	0.00042579186
0.033985179	46.009899	3.2613328	0.00042596777
0.034164488	45.534313	3.2115517	0.00042614521
0.034344744	44.910892	3.1834648	0.00042632496
0.034525953	45.009258	3.0838077	0.00042649984
0.034708105	44.0597	3.1309965	0.00042668844
0.034891229	43.822727	2.9747269	0.00042687292
0.035075318	43.836449	3.0176432	0.00042705616
0.035260379	43.305164	2.9881856	0.00042724315
0.035446409	42.581497	2.8449504	0.00042743466
0.035633426	43.106976	2.9604244	0.00042762782
0.035821434	41.936073	2.8532326	0.00042782119
0.036010429	42.064934	2.7856629	0.00042801839
0.036200427	41.415585	2.7426836	0.00042821362
0.036391411	41.247826	2.7375751	0.0004284129
0.036583416	41.030304	2.7171626	0.00042861878
0.036776435	39.939915	2.6334174	0.00042882
0.036970474	39.658535	2.5439754	0.00042902352
0.037165523	38.995743	2.5600591	0.00042923403
0.037361611	38.688797	2.5076938	0.0004294448
0.037558734	38.561264	2.4387164	0.00042965813
0.037756901	37.807533	2.4609354	0.00042987167
0.037956107	37.026821	2.3050826	0.00043008424
0.03815636	36.483871	2.3307555	0.00043030802
0.038357675	35.733334	2.2508826	0.00043052656
0.038560055	35.925198	2.2674768	0.00043075046
0.038763504	35.294777	2.1680534	0.00043097307
0.038968012	35.274132	2.2045336	0.00043120381
0.039173611	34.040001	2.0638902	0.00043143486
0.039380297	33.33585	2.0593989	0.00043166702
0.039588071	33.076641	2.0091712	0.00043190189
0.039796941	32.361012	1.954903	0.0004321335
0.040006902	31.717314	1.89539	0.00043237975
0.040217984	30.865671	1.8959739	0.00043261849
0.040430181	30.222603	1.7777106	0.00043286619
0.040643495	29.923077	1.7391685	0.0004331072
0.040857922	28.903114	1.708994	0.00043335947
0.041073494	28.445206	1.6731774	0.00043361125
0.041290201	27.900684	1.6411412	0.00043386588
0.041508052	27.737013	1.5881525	0.00043412336
0.041727055	26.320946	1.5376114	0.00043437953
0.041947197	25.88961	1.4823679	0.00043464534
0.042168517	25.653969	1.4523057	0.0004349098
0.042391002	25.165079	1.4246329	0.00043517374
0.042614661	24.067524	1.3713081	0.00043544156
0.04283949	23.875	1.3408837	0.00043571662
0.043065514	22.75625	1.2780615	0.00043599296
0.043292735	22.341391	1.2335354	0.00043626709
0.043521151	21.84049	1.2151806	0.0004365521
0.043750774	21.050594	1.1535019	0.00043683228
0.043981593	20.602942	1.1222558	0.00043711904
0.044213645	20.20944	1.1024563	0.00043740889
0.044446923	19.504398	1.0608474	0.00043770095
0.04468143	18.828985	1.0181013	0.00043799347
0.044917163	18.437159	0.96765453	0.00043829356
0.045154147	17.827587	0.9597519	0.00043859595
0.045392387	17.398306	0.92860484	0.00043889624
0.045631882	16.727272	0.88155764	0.00043920323
0.04587264	16.22513	0.83338499	0.00043951068
0.046114657	15.477777	0.81912893	0.00043982686
0.046357963	15.279133	0.79860562	0.00044014264
0.046602551	14.835979	0.76608551	0.00044046264
0.046848431	14.116279	0.72032189	0.00044078249
0.047095612	13.886934	0.69868624	0.00044110353
0.047344077	13.277202	0.67838728	0.00044143377
0.047593873	13.244898	0.6715048	0.00044176777
0.04784498	12.926767	0.65203238	0.00044210107
0.048097417	12.358025	0.61632276	0.00044243646
0.048351172	12.004878	0.59502107	0.00044278102
0.048606277	11.753027	0.58040172	0.00044312366
0.048862729	11.483253	0.56365025	0.0004434757
0.049120534	11.096619	0.54732114	0.0004438278
0.049379699	10.891253	0.53140062	0.00044417707
0.04964022	10.662818	0.51417822	0.00044453912
0.049902126	10.572748	0.50983071	0.00044490185
0.050165415	10.215731	0.48587808	0.00044526812
0.050430093	10.232347	0.49000716	0.00044563063
0.050696153	9.8866663	0.46759009	0.00044600811
0.050963633	9.7254906	0.45540503	0.00044638428
0.05123252	9.724062	0.45836261	0.00044676609
0.051502831	9.3398266	0.43591782	0.00044714962
0.051774565	9.3411016	0.43130001	0.00044753379
0.052047718	9.1380043	0.4223749	0.0004479264
0.052322328	9.202899	0.42002451	0.00044832213
0.052598387	8.9068327	0.40651047	0.00044872161
0.052875903	8.9341564	0.40648997	0.00044911742
0.053154867	8.6991873	0.3933641	0.00044952764
0.053435314	8.7971888	0.39537537	0.00044994405
0.053717248	8.5010061	0.38245052	0.00045035448
0.054000665	8.610465	0.38013437	0.00045077424
0.054285578	8.418972	0.37535727	0.0004511927
0.054571979	8.2552786	0.36269057	0.00045162454
0.054859906	8.3558054	0.36258686	0.00045205277
0.055149354	8.3301888	0.36284003	0.00045248834
0.055440329	8.1644859	0.35395116	0.00045292368
0.055732824	8.03442	0.34287575	0.00045337158
0.056026876	7.9513106	0.34503445	0.00045381591
0.056322478	8.0035906	0.34001666	0.00045426874
0.05661964	7.9716816	0.33624065	0.00045472343
0.056918375	8.0858679	0.34289438	0.00045517797
0.057218663	7.9134946	0.32999372	0.00045564974
0.057520557	7.8888888	0.32954088	0.00045611916
0.057824042	7.6379309	0.31795058	0.00045659384
0.058129128	7.5297112	0.31102711	0.00045706501
0.058435809	7.4958539	0.30599651	0.00045755264
0.058744121	7.4957981	0.30805135	0.00045804121
0.059054062	7.4404569	0.30123463	0.00045853405
0.059365638	7.1477275	0.28867468	0.00045902791
0.059678856	7.125402	0.28637379	0.00045952605
0.059993714	7.2009492	0.28710002	0.00046003648
0.060310245	7.1220284	0.28417853	0.00046054574
0.060628448	6.8406248	0.27101755	0.00046106274
0.060948331	6.9056315	0.27001312	0.00046157843
0.061269883	6.7349768	0.26496187	0.00046211126
0.061593153	6.7159939	0.26022109	0.00046263836
0.061918125	6.5531917	0.25603512	0.00046317445
0.06224481	6.4179969	0.24502267	0.0004637118
0.062573217	6.2948904	0.24102461	0.00046425132
0.062903345	6.1625543	0.23527132	0.00046481474
0.063235231	5.9579101	0.2274576	0.00046536495
0.063568868	5.9025068	0.22072335	0.00046592636
0.063904263	5.6398306	0.21239026	0.00046649485
0.064241432	5.4564314	0.2033333	0.0004670608
0.064580359	5.403338	0.20191553	0.00046764349
0.064921089	5.2693877	0.19474603	0.00046822854
0.065263622	5.2328043	0.19067872	0.00046881594
0.065607958	5.0998669	0.18645376	0.00046939921
0.065954097	4.9934468	0.18111522	0.00047000355
0.066302076	4.823916	0.17519535	0.00047061034
0.066651896	4.6938777	0.16794521	0.00047121951
0.067003556	4.6992288	0.16878656	0.00047182958
0.067357071	4.4724312	0.158604	0.00047244859
0.067712441	4.4663277	0.1594941	0.00047308
0.068069696	4.2318125	0.14885916	0.00047371391
0.068428837	4.1857662	0.14562771	0.00047434893
0.068789877	4.0373945	0.14046524	0.00047499422
0.069152802	4.0205564	0.14004877	0.0004756508
0.069517657	3.9740872	0.13661711	0.00047630354
0.069884442	3.8473372	0.13257401	0.00047696527
0.070253156	3.6918671	0.1251535	0.00047763725
0.070623823	3.7088609	0.12601951	0.0004782977
0.070996419	3.7013731	0.12540308	0.00047898781
0.071371004	3.4955156	0.11722227	0.00047967798
0.071747571	3.5027502	0.11635824	0.00048036815
0.072126113	3.5644984	0.1185403	0.00048106621
0.072506644	3.4841182	0.1154851	0.00048177742
0.072889194	3.4265659	0.11277448	0.00048248502
0.073273763	3.382664	0.11014311	0.00048320691
0.073660366	3.3798943	0.1101118	0.00048393154
0.074049003	3.2766416	0.10766525	0.00048465261
0.074439675	3.1980197	0.10623555	0.00048539875
0.074832425	3.1666667	0.1039954	0.00048614768
0.075227253	3.2161291	0.1056206	0.0004868994
0.07562416	3.277174	0.10820932	0.00048765118
0.076023139	3.1044133	0.10200596	0.00048842124
0.076424249	3.1477151	0.10276438	0.00048919849
0.076827466	3.1040773	0.10183005	0.00048997428
0.077232815	3.1026738	0.10162029	0.00049076474
0.07764031	3.0913866	0.10033878	0.00049154973
0.078049928	3.096436	0.10039686	0.00049235078
0.078461722	3.0387435	0.098475337	0.00049316377
0.078875698	3.0413651	0.097945489	0.00049397687
0.07929185	2.9335411	0.094668992	0.00049479573
0.079710186	3.0185375	0.097008146	0.00049562537
0.080130741	2.9460285	0.094144881	0.00049646699
0.080553524	2.9347603	0.093832009	0.00049731781
0.080978535	2.8469286	0.090470552	0.00049816218
0.081405781	2.8456104	0.090520471	0.00049901853
0.08183527	2.8285713	0.088905372	0.00049988605
0.082267039	2.7840796	0.087941833	0.00050076278
0.082701087	2.6630111	0.084201127	0.00050164835
0.08313743	2.7090204	0.084482767	0.00050252839
0.083576046	2.5910418	0.080960363	0.00050343754
0.084017001	2.6396568	0.081607655	0.00050434086
0.084460288	2.5676982	0.079957217	0.00050525344
0.084905908	2.5638096	0.079224534	0.00050617789
0.085353881	2.4872522	0.076530822	0.00050709367
0.085804194	2.428839	0.074416131	0.00050804217
0.086256906	2.4691589	0.075581536	0.00050899101
0.08671201	2.3623726	0.072008699	0.00050993706
0.087169506	2.322314	0.070461184	0.00051089528
0.0876294	2.2667894	0.06883993	0.00051187165
0.088091746	2.285331	0.068431444	0.00051285134
0.088556528	2.2189188	0.066682287	0.00051384035
0.089023761	2.2047873	0.065724768	0.00051483273
0.089493461	2.18326	0.064881653	0.0005158342
0.089965612	2.1380532	0.063679017	0.00051685446
0.090440281	2.1512532	0.063318975	0.00051787798
0.090917453	2.0666666	0.061688915	0.00051890506
0.091397144	2.0647163	0.061549183	0.00051995035
0.09187936	1.9656771	0.059942368	0.00052098726
0.092364103	2.0189359	0.060698699	0.0005220492
0.092851423	1.9650092	0.059700646	0.0005231204
0.093341321	1.9558418	0.059393179	0.00052419514
0.093833797	1.9670632	0.059571933	0.00052526745
0.094328851	1.9237288	0.059105463	0.00052637403
0.094826542	1.8946413	0.057168398	0.00052747206
0.095326856	1.8919926	0.057803415	0.00052859145
0.095829807	1.8736162	0.056976955	0.0005297123
0.096335419	1.7895221	0.054318693	0.00053082715
0.096843667	1.8440367	0.055921912	0.0005319888
0.097354628	1.8868101	0.057779517	0.00053313305
0.097868279	1.8249772	0.055166714	0.00053429609
0.098384641	1.8176795	0.055224001	0.0005354507
0.098903701	1.8357934	0.055826414	0.00053664664
0.099425532	1.7525207	0.053121693	0.00053783099
0.099950112	1.7488585	0.052913863	0.000539031
0.10047746	1.7672727	0.053348936	0.00054023234
0.10100757	1.8062731	0.054927669	0.00054146483
0.1015405	1.7615176	0.053006608	0.0005426865
0.10207622	1.7565374	0.052809522	0.00054393377
0.10261479	1.7	0.051085442	0.00054517592
0.10315619	1.7759711	0.053440753	0.00054643501
0.10370044	1.7059859	0.050673846	0.00054770667
0.10424757	1.7227722	0.051746182	0.00054899201
0.10479759	1.6634276	0.049495801	0.00055028219
0.10535051	1.6738352	0.050163455	0.00055158173
0.10590634	1.6569921	0.049195953	0.00055289618
0.10646511	1.6716814	0.049785662	0.00055421662
0.10702682	1.6340611	0.048344687	0.00055555551
0.1075915	1.6319019	0.048365712	0.00055689696
0.10815915	1.618584	0.048204176	0.00055825914
0.10872981	1.5837651	0.046591818	0.00055962522
0.10930347	1.5467938	0.045582823	0.00056100666
0.10988016	1.5434783	0.045563862	0.000562392
0.1104599	1.4750431	0.043317247	0.00056379003
0.11104269	1.5230376	0.044535857	0.00056520716
0.11162856	1.4754944	0.04331214	0.00056661788
0.11221751	1.4449226	0.042432502	0.0005680708
0.11280958	1.4923986	0.04341726	0.00056950125
0.11340477	1.4215437	0.041443072	0.00057097245
0.1140031	1.443211	0.042219151	0.00057243346
0.11460458	1.4652138	0.042464703	0.00057391933
0.11520924	1.41127	0.040970281	0.00057540921
0.1158171	1.4824414	0.04291093	0.00057691365
0.11642814	1.4487927	0.041846968	0.00073771627
0.11704243	1.4089775	0.040664405	0.00074041099
0.11765995	1.4014901	0.040364496	0.00074312667
0.11828073	1.3710333	0.039146833	0.000745859
0.11890478	1.3722627	0.039118666	0.00074862491
0.11953213	1.3092948	0.037097864	0.00075140147
0.1201628	1.3965517	0.04005602	0.00075416989
0.12079677	1.3636364	0.040956363	0.00075700297
0.12143411	1.3137065	0.04086234	0.00075982162
0.12207479	1.3094758	0.041626465	0.00076268456
0.12271887	1.4076029	0.045799732	0.0007655393
0.12336633	1.3671445	0.045454551	0.00076844008
0.12401722	1.3273138	0.044652648	0.00077134132
0.12467154	1.2674556	0.043661661	0.00077133736
