#   DataFileName=25janv24_008.tif
#   DataFileType=.tif
#   
#   DataFilePath=D:SAXS-Cu:Claire:SAXS Cu 2024:20240125:
#   
#   Processed on=ven. 26 janv. 2024,08:52:56
#   Units=Arbitrary
#   SampleThickness=2.9
#   SampleTransmission=0.36738
#   CorrectionFactor=2.72
#   SampleMeasurementTime=1
#   EmptyMeasurementTime=1
#   BackgroundMeasTime=1
#   SampleI0=3600
#   EmptyI0=1
#   Nika_SampleToDetectorDistacne=1616
#   Nika_Wavelength=1.542
#   Nika_XrayEnergy=8.0405
#   Nika_PixelSizeX=0.172
#   Nika_PixelSizeY=0.172
#   Nika_HorizontalTilt=0
#   Nika_VerticalTilt=0
#   Nika_BeamCenterX=277.17
#   Nika_BeamCenterY=169.37
#   Nika_BeamSizeX=0
#   Nika_BeamSizeY=0
#   CalibrationFormula=1*((Sa2D))
#   CurrentMaskFileName=jan24_mask.hdf
#   QvectorMaxNumPnts=0
#   QvectorNumberPoints=500
#   CircularAverage=1
#   PolarizationCorrection=None
#   UncertainityCalculationMethod=OldNikaMethod

0.0090713194	6886.5791	1715.8394	0.00041012454
0.0091191828	6950	1918.3611	0.00041013741
0.009167294	6880.2856	2061.124	0.00041015071
0.0092156595	6800	2037.0842	0.00041016436
0.0092642847	6838.9092	2390.8745	0.00041017766
0.0093131615	6781.4736	1689.7994	0.00041019166
0.0093623018	6687.4707	1779.8257	0.00041020423
0.0094116954	6320.5713	1891.3201	0.00041021823
0.0094613498	6572.5239	1545.0667	0.00041023357
0.0095112715	6509.1875	1796.6853	0.00041024663
0.0095614512	6427.3638	2247.0161	0.00041026229
0.0096119009	6367.1875	1757.4934	0.00041027571
0.0096626123	6344	1631.9639	0.00041029038
0.0097135901	6334.5498	1531.8372	0.0004103065
0.0097648427	6212.9287	1861.1901	0.00041032035
0.0098163607	6166.7061	1641.2224	0.00041033557
0.0098681506	6130.6875	1692.2094	0.00041035117
0.009920218	6086.4736	1516.6239	0.00041036645
0.0099725556	5950.75	1642.455	0.00041038232
0.010025172	5838.4209	1454.7438	0.00041039812
0.010078066	5848.5498	1414.3043	0.00041041418
0.010131239	5842.9375	1612.7773	0.00041042943
0.010184692	5777.4209	1439.6085	0.00041044565
0.010238425	5706.3335	1638.1837	0.00041046331
0.010292444	5654.7393	1261.6864	0.00041047813
0.010346748	5403.7368	1345.7405	0.00041049506
0.010401339	5546.7368	1382.1368	0.00041051209
0.010456217	5491.7334	1576.5609	0.00041052917
0.010511382	5412.6191	1272.3977	0.00041054678
0.010566842	5403.6362	1236.7135	0.00041056532
0.010622594	5384.8125	1486.3243	0.00041058313
0.01067864	5272.3335	1074.5409	0.00041059998
0.010734978	5197.625	1434.6605	0.00041061838
0.010791617	5162.9092	1181.6204	0.00041063668
0.010848555	5089.2778	1309.1917	0.00041065528
0.010905793	5043.522	1125.3101	0.00041067408
0.010963334	4897.6499	1184.3416	0.0004106928
0.011021174	5010.375	1091.1787	0.00041071215
0.011079323	4880.25	1180.1547	0.00041073147
0.011137779	4846.9092	1109.2939	0.00041075103
0.011196543	4753.522	1060.6056	0.00041077062
0.011255614	4697.04	999.58551	0.00041079085
0.011315	4474.8823	1190.2235	0.00041081096
0.011374699	4609.9165	1003.9646	0.00041083139
0.011434713	4568.7778	931.15045	0.00041085103
0.011495044	4531.6001	1095.8444	0.00041087266
0.01155569	4393.1538	914.44165	0.00041089294
0.011616659	4379.0435	977.05121	0.00041091512
0.01167795	4326.0869	965.23627	0.00041093573
0.011739564	4285.75	1036.3851	0.0004109572
0.0118015	4212.5332	809.69623	0.00041098031
0.011863766	4206.4399	895.17896	0.00041100153
0.01192636	4096.2915	892.099	0.00041102397
0.011989285	4099.125	892.72223	0.00041104658
0.012052542	4019.5715	802.76172	0.00041106931
0.01211613	3981.4167	867.08527	0.00041109262
0.012180055	3925.6365	898.44391	0.00041111599
0.012244319	3776.6875	700.43048	0.0004111396
0.012308921	3839.24	817.034	0.00041116439
0.012373864	3781.3635	865.42438	0.00041118739
0.012439147	3725.9697	679.57489	0.00041121195
0.012504777	3621.1562	671.65283	0.00041123654
0.012570753	3601.875	784.42963	0.00041126151
0.012637078	3535.0356	705.99268	0.0004112864
0.012703749	3511.3044	783.43768	0.00041131204
0.012770776	3472.2058	623.02777	0.00041133765
0.012838155	3397.6428	678.54346	0.0004113637
0.012905891	3341.4194	630.73505	0.00041138986
0.012973984	3308.4583	720.52905	0.00041141611
0.013042432	3276.4546	597.58759	0.00041144318
0.013111246	3196.4333	614.38831	0.00041147019
0.013180422	3121.1875	578.8587	0.0004114976
0.013249964	3147.5217	702.27118	0.00041152394
0.013319868	3084.6843	521.00934	0.00041155313
0.013390145	3047.5806	575.2702	0.00041158128
0.013460793	2938.8999	564.85956	0.00041160986
0.013531813	2947.7097	556.4162	0.00041163864
0.013603209	2892.1667	503.03281	0.00041166658
0.013674977	2844.5715	568.0976	0.00041169624
0.013747128	2785.6487	477.35101	0.00041172598
0.013819659	2710.8823	486.40891	0.00041175602
0.013892573	2703.3	519.60358	0.00041178599
0.013965867	2660	431.2287	0.00041181617
0.014039554	2623.3438	486.61163	0.00041184798
0.014113627	2562.9688	475.41138	0.00041187936
0.014188092	2494.5588	447.54755	0.00041191099
0.01426295	2486.5366	403.10806	0.00041194269
0.014338199	2437.6453	460.13571	0.00041197534
0.014413849	2352.4736	397.32498	0.00041200704
0.014489898	2365.6765	424.47824	0.00041204007
0.014566349	2311.6365	360.81369	0.00041207302
0.014643198	2271.2778	395.04147	0.00041210715
0.014720458	2223.6155	370.3349	0.00041214115
0.014798124	2166.8823	388.81009	0.00041217555
0.014876201	2156	354.2002	0.00041221123
0.014954689	2117.3501	347.85092	0.00041224514
0.015033588	2066.5278	359.4292	0.00041228096
0.015112907	1995.9333	307.78394	0.00041231682
0.015192644	1997.5385	332.68253	0.00041235308
0.015272802	1950.2565	324.80737	0.0004123894
0.015353379	1929.762	308.81693	0.00041242578
0.015434384	1872.1351	320.80261	0.0004124642
0.015515818	1843.3773	260.59244	0.00041250198
0.015597682	1804.0834	313.7832	0.00041253917
0.015679976	1765.0731	286.14581	0.00041257843
0.015762702	1734.7826	264.41385	0.00041261676
0.015845867	1722.6097	279.26114	0.00041265626
0.015929472	1669.3334	248.73195	0.0004126961
0.016013518	1626.9048	260.35199	0.00041273583
0.016098002	1569.5319	236.47813	0.00041277695
0.016182937	1567.3334	233.53418	0.00041281627
0.01626832	1531.15	251.54602	0.00041285949
0.016354153	1495.8478	227.99434	0.00041290157
0.01644044	1463.2181	202.83928	0.00041294337
0.016527176	1420.3954	224.45129	0.00041298679
0.016614376	1405.9584	209.48866	0.00041303007
0.016702035	1370.48	199.817	0.00041307375
0.016790157	1338.196	193.07111	0.00041311784
0.016878743	1296.3726	187.03647	0.00041316217
0.016967792	1271.2325	200.88055	0.00041320594
0.017057316	1237.8246	168.37914	0.00041325326
0.017147312	1211.5294	174.79492	0.0004132977
0.017237784	1193.5	170.43166	0.00041334366
0.017328728	1158.3541	172.59322	0.00041339299
0.017420156	1133.1052	154.14426	0.00041344052
0.017512066	1112.3269	158.83978	0.00041348668
0.017604461	1069.8654	152.77542	0.00041353729
0.017697345	1048.6229	137.65053	0.00041358371
0.017790712	1029.9111	158.83185	0.00041363394
0.017884579	994.80701	135.33078	0.00041368403
0.01797894	966.5	125.78476	0.00041373458
0.018073799	949.44446	132.89886	0.00041378519
0.018169153	928.98151	130.03482	0.00041383741
0.018265016	899.73016	116.12279	0.00041388767
0.018361384	873.83331	115.7065	0.00041394227
0.01845826	855.27588	115.28763	0.00041399384
0.018555649	830.51611	108.09321	0.00041404899
0.018653546	802.38708	104.43152	0.00041410374
0.018751962	783.59259	109.68354	0.00041415897
0.0188509	771.96875	98.813759	0.00041421448
0.01895036	732.35382	92.980057	0.00041427009
0.019050339	719.34375	92.078041	0.00041432717
0.019150849	695.63934	91.314972	0.00041438476
0.019251892	679.31342	84.892876	0.00041444265
0.019353468	658.23438	84.255447	0.0004144992
0.019455578	638.78571	78.022537	0.0004145597
0.019558223	616.68658	77.066566	0.00041461809
0.019661414	601.6875	77.01741	0.00041467859
0.01976515	587.55554	70.71817	0.00041473942
0.019869432	565.31885	69.569626	0.00041480057
0.01997426	543.45312	69.560165	0.00041486532
0.020079646	531.04053	63.010181	0.00041492653
0.02018559	515.05554	61.991932	0.00041498989
0.02029209	497.86765	61.737808	0.0004150524
0.020399153	485.08334	58.384468	0.00041511684
0.020506777	463.96054	54.291733	0.00041518474
0.020614972	454.36111	54.686932	0.00041525112
0.02072374	438.3671	50.274971	0.00041531809
0.020833081	421.11765	52.220463	0.00041538311
0.020942992	407.125	46.386185	0.00041545412
0.021053489	397.52563	45.893848	0.00041552138
0.02116457	382.4079	44.748306	0.00041559106
0.021276236	366.91141	42.079731	0.00041566175
0.021388492	356.79071	39.156723	0.00041573236
0.021501334	339.73334	40.029575	0.00041580488
0.021614777	330.52438	37.180553	0.00041587595
0.021728819	319.34567	36.152412	0.0004159513
0.021843463	308.02499	35.094906	0.00041602473
0.021958705	297.73035	32.100216	0.00041610061
0.022074562	284.81818	30.888186	0.00041617639
0.022191029	272.49384	30.848339	0.00041625329
0.022308113	267.09302	29.312624	0.00041632849
0.022425812	255.3793	27.859573	0.00041640797
0.022544127	247.51137	26.84244	0.00041648769
0.022663072	236.34409	24.90943	0.00041656574
0.022782644	227.48314	24.525433	0.00041664651
0.022902848	220.14583	22.825077	0.00041672718
0.02302368	210.73627	22.461269	0.00041681045
0.023145156	204.64131	21.688828	0.00041689366
0.023267273	196.32222	21.04479	0.00041697753
0.023390032	187.81915	19.685913	0.00041706281
0.023513442	178.68042	18.426903	0.00041714753
0.023637494	175.71288	17.747478	0.00041723513
0.023762207	165.85858	16.925079	0.00041732113
0.02388758	160.41237	16.543024	0.00041741147
0.024013614	155.33	15.769388	0.00041749887
0.024140311	148.36539	14.76121	0.00041758851
0.024267672	143.36363	14.630138	0.00041768092
0.024395712	138.76364	13.413329	0.000417773
0.024524426	132.91	13.493198	0.00041786607
0.024653818	126.90909	12.267293	0.00041795964
0.024783889	123.66038	12.18324	0.00041805362
0.02491465	121.25742	12.247329	0.00041815176
0.025046103	114.78333	10.610796	0.00041824725
0.02517825	109.70094	10.755828	0.00041834507
0.025311092	107.17757	10.508367	0.00041844544
0.025444631	103.93636	10.046677	0.00041854454
0.025578879	98.398308	9.1747942	0.00041864568
0.025713835	95.0177	9.0586147	0.00041874815
0.025849504	92.692986	8.797061	0.00041885034
0.025985882	90.266129	8.2051735	0.00041895598
0.026122987	86.339447	8.3850441	0.00041906111
0.026260814	84.674416	7.5427098	0.00041916783
0.026399368	82.504272	7.7263584	0.00041927563
0.026538655	80.330643	7.3021111	0.00041938134
0.026678668	78.528923	7.228487	0.00041949426
0.026819428	74.790695	6.6622615	0.00041960328
0.02696093	73.165291	6.7346983	0.00041971551
0.027103178	72.4963	6.3094664	0.00041982802
0.027246172	70.653542	6.3442512	0.00041994336
0.027389925	68.64122	6.0665774	0.00042005716
0.027534436	67.485077	5.895658	0.00042017605
0.027679712	65.946152	5.8512263	0.00042029217
0.027825752	65.536766	5.682271	0.00042041039
0.027972557	63.888062	5.5814505	0.0004205321
0.028120143	63.177303	5.3775697	0.00042065384
0.028268509	61.65649	5.4492474	0.00042077678
0.028417656	61	5.0480089	0.00042089794
0.028567582	61.015038	5.3508673	0.00042102658
0.028718308	59.496643	4.9236307	0.00042115344
0.028869828	59.063381	5.0092268	0.00042128001
0.02902215	57.920528	4.7605982	0.00042140935
0.029175274	57.226028	4.7850409	0.00042153869
0.029329197	56.901962	4.6456742	0.00042167204
0.02948394	56.756943	4.7793789	0.00042180574
0.029639501	56.037037	4.4437103	0.00042193889
0.029795883	55.360001	4.5656171	0.00042207542
0.029953081	55.42675	4.4660816	0.0004222127
0.030111117	55.006493	4.4760561	0.00042235156
0.030269986	54.182354	4.1924577	0.00042249236
0.030429695	54.598682	4.4725671	0.00042263384
0.030590244	54.714287	4.2592044	0.00042277633
0.030751634	54.162338	4.4073253	0.00042292025
0.030913882	53.902859	4.1097732	0.00042306882
0.031076988	53.410404	4.0960932	0.00042321451
0.031240953	54	4.2554941	0.00042336274
0.031405777	53.19186	4.0913935	0.00042351248
0.031571474	53.206898	4.0685511	0.00042366752
0.03173805	52.470932	4.0359578	0.00042382086
0.031905502	53.241573	4.024437	0.00042397695
0.03207384	52.302197	3.9090199	0.00042412887
0.032243058	52.408047	4.0074863	0.00042429205
0.032413173	51.447918	3.7420831	0.00042445312
0.03258419	51.44944	3.8889706	0.00042461135
0.032756109	51.42268	3.7205887	0.00042477465
0.032928932	50.732239	3.7811236	0.00042493874
0.033102661	51.145832	3.7201021	0.0004251106
0.033277314	49.801022	3.584553	0.00042527544
0.033452887	50.897297	3.7725205	0.00042544605
0.033629388	50.411766	3.5555615	0.0004256168
0.033806812	49.658165	3.5742617	0.00042579186
0.033985179	49.198021	3.4873772	0.00042596777
0.034164488	48.823528	3.4435403	0.00042614521
0.034344744	49.014851	3.4743826	0.00042632496
0.034525953	47.14352	3.2300451	0.00042649984
0.034708105	47.746269	3.3929751	0.00042668844
0.034891229	46.227272	3.1379561	0.00042687292
0.035075318	46.612148	3.20875	0.00042705616
0.035260379	45.849766	3.1637645	0.00042724315
0.035446409	45.81498	3.0609841	0.00042743466
0.035633426	45.795349	3.1450689	0.00042762782
0.035821434	44.744293	3.0443048	0.00042782119
0.036010429	44.099567	2.9204094	0.00042801839
0.036200427	43.186146	2.8599334	0.00042821362
0.036391411	42.730434	2.8359811	0.0004284129
0.036583416	41.506493	2.7486985	0.00042861878
0.036776435	41.660946	2.7469141	0.00042882
0.036970474	40.630081	2.6062973	0.00042902352
0.037165523	40.170212	2.6371617	0.00042923403
0.037361611	39.394192	2.5534117	0.0004294448
0.037558734	38.644268	2.443964	0.00042965813
0.037756901	38.217575	2.4876246	0.00042987167
0.037956107	37.306515	2.3224995	0.00043008424
0.03815636	36.447582	2.3284461	0.00043030802
0.038357675	35.890198	2.2607484	0.00043052656
0.038560055	35.098427	2.2152829	0.00043075046
0.038763504	34.526119	2.1208382	0.00043097307
0.038968012	33.494209	2.0932775	0.00043120381
0.039173611	32.665455	1.9805439	0.00043143486
0.039380297	32.384907	2.0006454	0.00043166702
0.039588071	31.332117	1.9032029	0.00043190189
0.039796941	30.862816	1.8643882	0.0004321335
0.040006902	30.289753	1.8100693	0.00043237975
0.040217984	29.156717	1.7909912	0.00043261849
0.040430181	28.777397	1.6927078	0.00043286619
0.040643495	27.859531	1.6192243	0.0004331072
0.040857922	27.432526	1.6220382	0.00043335947
0.041073494	26.938356	1.5845306	0.00043361125
0.041290201	25.732876	1.51362	0.00043386588
0.041508052	24.86039	1.4234303	0.00043412336
0.041727055	24.479731	1.4300489	0.00043437953
0.041947197	23.555195	1.3486992	0.00043464534
0.042168517	22.879366	1.2952282	0.0004349098
0.042391002	22.149206	1.2538866	0.00043517374
0.042614661	21.508039	1.2254709	0.00043544156
0.04283949	21.106251	1.1853887	0.00043571662
0.043065514	20.50625	1.1516823	0.00043599296
0.043292735	19.885197	1.0979166	0.00043626709
0.043521151	18.84049	1.0482574	0.0004365521
0.043750774	18.752975	1.0276026	0.00043683228
0.043981593	17.614706	0.95947862	0.00043711904
0.044213645	17.224188	0.93960172	0.00043740889
0.044446923	16.912024	0.91984093	0.00043770095
0.04468143	16.646378	0.90008342	0.00043799347
0.044917163	15.79235	0.82883567	0.00043829356
0.045154147	15.129311	0.81448185	0.00043859595
0.045392387	14.69209	0.78415585	0.00043889624
0.045631882	14.286501	0.75291711	0.00043920323
0.04587264	13.968586	0.71747971	0.00043951068
0.046114657	13.716666	0.72591841	0.00043982686
0.046357963	13.065041	0.68287939	0.00044014264
0.046602551	12.883598	0.66526324	0.00044046264
0.046848431	12.498708	0.63778061	0.00044078249
0.047095612	12.241206	0.61588311	0.00044110353
0.047344077	11.958549	0.61101657	0.00044143377
0.047593873	11.584184	0.58730024	0.00044176777
0.04784498	11.54293	0.58222365	0.00044210107
0.048097417	11.362963	0.56668901	0.00044243646
0.048351172	10.875609	0.53904682	0.00044278102
0.048606277	10.77724	0.53221393	0.00044312366
0.048862729	10.478469	0.51433104	0.0004434757
0.049120534	10.398551	0.51288974	0.0004438278
0.049379699	10.250591	0.50014347	0.00044417707
0.04964022	10.1709	0.49045271	0.00044453912
0.049902126	10.166282	0.49023107	0.00044490185
0.050165415	9.8202248	0.46706653	0.00044526812
0.050430093	9.8587704	0.47211805	0.00044563063
0.050696153	9.9866667	0.47231925	0.00044600811
0.050963633	9.8213511	0.45989349	0.00044638428
0.05123252	9.5916119	0.45212159	0.00044676609
0.051502831	9.7554111	0.45531353	0.00044714962
0.051774565	9.6610174	0.44607759	0.00044753379
0.052047718	9.3609343	0.4326812	0.0004479264
0.052322328	9.3395443	0.42625895	0.00044832213
0.052598387	9.2670803	0.42295685	0.00044872161
0.052875903	9.2201643	0.4195025	0.00044911742
0.053154867	9.2560978	0.41854164	0.00044952764
0.053435314	9.0522089	0.40683964	0.00044994405
0.053717248	9.0784712	0.4084301	0.00045035448
0.054000665	8.972868	0.39613271	0.00045077424
0.054285578	8.901186	0.39685798	0.0004511927
0.054571979	8.8560457	0.38908356	0.00045162454
0.054859906	8.7359552	0.37908244	0.00045205277
0.055149354	8.7584906	0.38150075	0.00045248834
0.055440329	8.7028036	0.37728977	0.00045292368
0.055732824	8.460145	0.36104628	0.00045337158
0.056026876	8.5	0.36884212	0.00045381591
0.056322478	8.2208261	0.34924594	0.00045426874
0.05661964	8.1787615	0.34497938	0.00045472343
0.056918375	8.1252232	0.34456298	0.00045517797
0.057218663	8.0224915	0.33453733	0.00045564974
0.057520557	7.7604165	0.3241719	0.00045611916
0.057824042	7.6413794	0.3180913	0.00045659384
0.058129128	7.6672325	0.3167097	0.00045706501
0.058435809	7.2918739	0.2976667	0.00045755264
0.058744121	7.3882351	0.30363229	0.00045804121
0.059054062	7.127243	0.28855088	0.00045853405
0.059365638	6.9301949	0.27988672	0.00045902791
0.059678856	6.7636657	0.27183351	0.00045952605
0.059993714	6.806962	0.27139136	0.00046003648
0.060310245	6.7131538	0.26786256	0.00046054574
0.060628448	6.4859376	0.25696215	0.00046106274
0.060948331	6.3105021	0.24674295	0.00046157843
0.061269883	6.1278892	0.24107827	0.00046211126
0.061593153	5.9327354	0.22987005	0.00046263836
0.061918125	5.9088144	0.23085651	0.00046317445
0.06224481	5.7706823	0.22030646	0.0004637118
0.062573217	5.6058393	0.21464059	0.00046425132
0.062903345	5.4586358	0.20839328	0.00046481474
0.063235231	5.2786646	0.20152256	0.00046536495
0.063568868	5.1504178	0.19259714	0.00046592636
0.063904263	4.9265537	0.18552627	0.00046649485
0.064241432	4.9031811	0.18271399	0.0004670608
0.064580359	4.7677331	0.17816265	0.00046764349
0.064921089	4.5632653	0.16864733	0.00046822854
0.065263622	4.5555553	0.16599822	0.00046881594
0.065607958	4.4034619	0.16099019	0.00046939921
0.065954097	4.2450852	0.1539702	0.00047000355
0.066302076	4.2063074	0.1527641	0.00047061034
0.066651896	4.1122451	0.14713389	0.00047121951
0.067003556	4.0899744	0.14690074	0.00047182958
0.067357071	3.9110277	0.13869619	0.00047244859
0.067712441	3.8691232	0.13816719	0.00047308
0.068069696	3.9013565	0.13723478	0.00047371391
0.068428837	3.9191797	0.13635115	0.00047434893
0.068789877	3.7623644	0.13089599	0.00047499422
0.069152802	3.8004837	0.13238171	0.0004756508
0.069517657	3.7184923	0.12783039	0.00047630354
0.069884442	3.6224852	0.12482511	0.00047696527
0.070253156	3.6311569	0.1230927	0.00047763725
0.070623823	3.63061	0.12336061	0.0004782977
0.070996419	3.6338673	0.1231162	0.00047898781
0.071371004	3.6647983	0.12290167	0.00047967798
0.071747571	3.6820681	0.12231667	0.00048036815
0.072126113	3.5567806	0.11828412	0.00048106621
0.072506644	3.5180724	0.11661045	0.00048177742
0.072889194	3.4578834	0.11380561	0.00048248502
0.073273763	3.4978859	0.11389511	0.00048320691
0.073660366	3.4973545	0.11393801	0.00048393154
0.074049003	3.3423035	0.10982304	0.00048465261
0.074439675	3.3630364	0.11171656	0.00048539875
0.074832425	3.4365592	0.11285952	0.00048614768
0.075227253	3.4365592	0.11285979	0.0004868994
0.07562416	3.4184783	0.1128764	0.00048765118
0.076023139	3.2583423	0.10706375	0.00048842124
0.076424249	3.3219979	0.10845519	0.00048919849
0.076827466	3.2639484	0.10707429	0.00048997428
0.077232815	3.2213905	0.10550881	0.00049076474
0.07764031	3.2783613	0.10640875	0.00049154973
0.078049928	3.1320755	0.10155433	0.00049235078
0.078461722	3.1947644	0.10353111	0.00049316377
0.078875698	3.0506723	0.098244779	0.00049397687
0.07929185	2.9813085	0.096210591	0.00049479573
0.079710186	2.8578784	0.091843724	0.00049562537
0.080130741	2.9236252	0.093428433	0.00049646699
0.080553524	2.8868501	0.092300281	0.00049731781
0.080978535	2.7411883	0.08711037	0.00049816218
0.081405781	2.7749748	0.088273577	0.00049901853
0.08183527	2.7674878	0.086985096	0.00049988605
0.082267039	2.5800996	0.081497923	0.00050076278
0.082701087	2.5922234	0.081961937	0.00050164835
0.08313743	2.4956353	0.077826358	0.00050252839
0.083576046	2.4995131	0.078099482	0.00050343754
0.084017001	2.5204957	0.077923045	0.00050434086
0.084460288	2.4883945	0.07748767	0.00050525344
0.084905908	2.4323809	0.075162746	0.00050617789
0.085353881	2.3692162	0.07289771	0.00050709367
0.085804194	2.3052435	0.070629284	0.00050804217
0.086256906	2.3065422	0.070602894	0.00050899101
0.08671201	2.2122335	0.067431435	0.00050993706
0.087169506	2.2607896	0.068593703	0.00051089528
0.0876294	2.2318308	0.067777634	0.00051187165
0.088091746	2.1914132	0.065619551	0.00051285134
0.088556528	2.1468468	0.064515814	0.00051384035
0.089023761	2.2039008	0.065699883	0.00051483273
0.089493461	2.2132158	0.065772027	0.0005158342
0.089965612	2.1362832	0.063626133	0.00051685446
0.090440281	2.0907519	0.061537467	0.00051787798
0.090917453	2.0613334	0.061529804	0.00051890506
0.091397144	2.0629432	0.06149663	0.00051995035
0.09187936	2.1131725	0.064441666	0.00052098726
0.092364103	2.0324616	0.061105955	0.0005220492
0.092851423	2.0184162	0.061323576	0.0005231204
0.093341321	2.0542779	0.06238506	0.00052419514
0.093833797	2.0265324	0.061372805	0.00052526745
0.094328851	2.0602636	0.063300766	0.00052637403
0.094826542	1.9854678	0.059909549	0.00052747206
0.095326856	2.0148976	0.061559074	0.00052859145
0.095829807	1.9778597	0.060146764	0.0005297123
0.096335419	1.9724264	0.059871502	0.00053082715
0.096843667	1.9220183	0.058286767	0.0005319888
0.097354628	1.8952292	0.058037627	0.00053313305
0.097868279	1.9416591	0.058694568	0.00053429609
0.098384641	1.8839779	0.057239167	0.0005354507
0.098903701	1.8966789	0.057677239	0.00053664664
0.099425532	1.8395967	0.055761877	0.00053783099
0.099950112	1.8575343	0.056202237	0.000539031
0.10047746	1.7836363	0.053843357	0.00054023234
0.10100757	1.8099631	0.055040985	0.00054146483
0.1015405	1.6811202	0.050585754	0.0005426865
0.10207622	1.7971145	0.054028865	0.00054393377
0.10261479	1.8171171	0.054605734	0.00054517592
0.10315619	1.7497742	0.052652292	0.00054643501
0.10370044	1.6778169	0.049837079	0.00054770667
0.10424757	1.6687669	0.05012285	0.00054899201
0.10479759	1.6404594	0.048812978	0.00055028219
0.10535051	1.6926523	0.050726932	0.00055158173
0.10590634	1.6420405	0.048751302	0.00055289618
0.10646511	1.6256638	0.048415612	0.00055421662
0.10702682	1.6611353	0.049146317	0.00055555551
0.1075915	1.6503067	0.048910603	0.00055689696
0.10815915	1.5407079	0.045884352	0.00055825914
0.10872981	1.6113989	0.047405384	0.00055962522
0.10930347	1.5528597	0.045761507	0.00056100666
0.10988016	1.5504348	0.045769911	0.000562392
0.1104599	1.5430293	0.045314692	0.00056379003
0.11104269	1.5204778	0.044461492	0.00056520716
0.11162856	1.5012897	0.044069637	0.00056661788
0.11221751	1.5499139	0.045517098	0.0005680708
0.11280958	1.4890202	0.043319333	0.00056950125
0.11340477	1.5708227	0.045795947	0.00057097245
0.1140031	1.5559351	0.045518104	0.00057243346
0.11460458	1.5096396	0.043752741	0.00057391933
0.11520924	1.4726661	0.042753577	0.00057540921
0.1158171	1.4816054	0.042886171	0.00057691365
0.11642814	1.4512906	0.041920815	0.00073771627
0.11704243	1.5078969	0.043519665	0.00074041099
0.11765995	1.4726821	0.042415299	0.00074312667
0.11828073	1.455655	0.041563991	0.000745859
0.11890478	1.4484996	0.041291945	0.00074862491
0.11953213	1.4054487	0.039822385	0.00075140147
0.1201628	1.4876847	0.042670298	0.00075416989
0.12079677	1.3933393	0.041848395	0.00075700297
0.12143411	1.304054	0.040562488	0.00075982162
0.12207479	1.4042338	0.04463961	0.00076268456
0.12271887	1.3526927	0.04401302	0.0007655393
0.12336633	1.3682469	0.045492619	0.00076844008
0.12401722	1.3781039	0.046360563	0.00077134132
0.12467154	1.3124261	0.045211457	0.00077133736
