#   DataFileName=25janv24_006.tif
#   DataFileType=.tif
#   
#   DataFilePath=D:SAXS-Cu:Claire:SAXS Cu 2024:20240125:
#   
#   Processed on=ven. 26 janv. 2024,08:52:55
#   Units=Arbitrary
#   SampleThickness=2.9
#   SampleTransmission=0.36738
#   CorrectionFactor=2.72
#   SampleMeasurementTime=1
#   EmptyMeasurementTime=1
#   BackgroundMeasTime=1
#   SampleI0=3600
#   EmptyI0=1
#   Nika_SampleToDetectorDistacne=1616
#   Nika_Wavelength=1.542
#   Nika_XrayEnergy=8.0405
#   Nika_PixelSizeX=0.172
#   Nika_PixelSizeY=0.172
#   Nika_HorizontalTilt=0
#   Nika_VerticalTilt=0
#   Nika_BeamCenterX=277.17
#   Nika_BeamCenterY=169.37
#   Nika_BeamSizeX=0
#   Nika_BeamSizeY=0
#   CalibrationFormula=1*((Sa2D))
#   CurrentMaskFileName=jan24_mask.hdf
#   QvectorMaxNumPnts=0
#   QvectorNumberPoints=500
#   CircularAverage=1
#   PolarizationCorrection=None
#   UncertainityCalculationMethod=OldNikaMethod

0.0090713194	7034.4209	1752.7024	0.00041012454
0.0091191828	7089.1875	1956.7871	0.00041013741
0.009167294	7002.1431	2097.6326	0.00041015071
0.0092156595	6960.4287	2085.1331	0.00041016436
0.0092642847	6962.8184	2434.1973	0.00041017766
0.0093131615	6887.6313	1716.2633	0.00041019166
0.0093623018	6833.7061	1818.7518	0.00041020423
0.0094116954	6430.5713	1923.7908	0.00041021823
0.0094613498	6705.7144	1576.3818	0.00041023357
0.0095112715	6619.5625	1827.1652	0.00041024663
0.0095614512	6571.9092	2297.5493	0.00041026229
0.0096119009	6510	1796.9188	0.00041027571
0.0096626123	6466.8335	1663.5717	0.00041029038
0.0097135901	6407.7998	1549.563	0.0004103065
0.0097648427	6351.9287	1902.8511	0.00041032035
0.0098163607	6324.5293	1683.2325	0.00041033557
0.0098681506	6211.625	1714.5629	0.00041035117
0.009920218	6201.7368	1545.354	0.00041036645
0.0099725556	6048.125	1669.2621	0.00041038232
0.010025172	5930.8423	1477.7424	0.00041039812
0.010078066	5980.4502	1446.2137	0.00041041418
0.010131239	5958.75	1644.7618	0.00041042943
0.010184692	5886.8945	1466.8978	0.00041044565
0.010238425	5860.6665	1682.4983	0.00041046331
0.010292444	5789.6523	1291.7971	0.00041047813
0.010346748	5516.6313	1373.7466	0.00041049506
0.010401339	5684.3687	1416.4358	0.00041051209
0.010456217	5586.2002	1603.704	0.00041052917
0.010511382	5513.8096	1296.1832	0.00041054678
0.010566842	5487	1255.7979	0.00041056532
0.010622594	5436.5	1500.6068	0.00041058313
0.01067864	5392.3706	1099.0155	0.00041059998
0.010734978	5307.9375	1465.1205	0.00041061838
0.010791617	5253.3638	1202.3252	0.00041063668
0.010848555	5195.4443	1336.5133	0.00041065528
0.010905793	5165.6523	1152.5671	0.00041067408
0.010963334	5027.75	1215.7858	0.0004106928
0.011021174	5044.8335	1098.6879	0.00041071215
0.011079323	4961.6001	1199.8333	0.00041073147
0.011137779	4935.8638	1129.6602	0.00041075103
0.011196543	4843.8696	1080.7656	0.00041077062
0.011255614	4801.5601	1021.8313	0.00041079085
0.011315	4564.8823	1214.037	0.00041081096
0.011374699	4676.375	1018.4427	0.00041083139
0.011434713	4631.2593	943.89093	0.00041085103
0.011495044	4615.8999	1116.2318	0.00041087266
0.01155569	4509.6924	938.73102	0.00041089294
0.011616659	4486.6523	1001.0593	0.00041091512
0.01167795	4411.2607	984.24628	0.00041093573
0.011739564	4358.9502	1054.0951	0.0004109572
0.0118015	4312.7002	828.95306	0.00041098031
0.011863766	4289.1201	912.78058	0.00041100153
0.01192636	4179.75	910.26349	0.00041102397
0.011989285	4187.0835	911.87891	0.00041104658
0.012052542	4113.75	821.57275	0.00041106931
0.01211613	4089	890.52423	0.00041109262
0.012180055	4014.2727	918.73438	0.00041111599
0.012244319	3884.75	720.44891	0.0004111396
0.012308921	3932	836.7796	0.00041116439
0.012373864	3873.9546	886.62427	0.00041118739
0.012439147	3843.0605	700.93036	0.00041121195
0.012504777	3727.5312	691.39832	0.00041123654
0.012570753	3706.375	807.19421	0.00041126151
0.012637078	3624.3928	723.83972	0.0004112864
0.012703749	3616	806.80463	0.00041131204
0.012770776	3566.4119	639.93695	0.00041133765
0.012838155	3511.1428	701.20636	0.0004113637
0.012905891	3471.4839	655.28754	0.00041138986
0.012973984	3394.4167	739.25214	0.00041141611
0.013042432	3365.4546	613.82141	0.00041144318
0.013111246	3312.8667	636.7724	0.00041147019
0.013180422	3199.5312	593.3667	0.0004114976
0.013249964	3227.4783	720.11768	0.00041152394
0.013319868	3187.3948	538.36029	0.00041155313
0.013390145	3130.9678	591.01331	0.00041158128
0.013460793	3060.8667	588.31506	0.00041160986
0.013531813	3019.3872	569.94958	0.00041163864
0.013603209	2983.3889	518.90265	0.00041166658
0.013674977	2953.2856	589.80945	0.00041169624
0.013747128	2903.946	497.62494	0.00041172598
0.013819659	2830.7058	507.90082	0.00041175602
0.013892573	2816.4666	541.35687	0.00041178599
0.013965867	2754.1462	446.49258	0.00041181617
0.014039554	2731.1562	506.61398	0.00041184798
0.014113627	2670.1562	495.29886	0.00041187936
0.014188092	2612.4707	468.69232	0.00041191099
0.01426295	2589.5122	419.80331	0.00041194269
0.014338199	2553.2581	481.95862	0.00041197534
0.014413849	2477.7104	418.48367	0.00041200704
0.014489898	2460.7646	441.54346	0.00041204007
0.014566349	2426.7727	378.78592	0.00041207302
0.014643198	2386.1667	415.02539	0.00041210715
0.014720458	2347.5898	390.98331	0.00041214115
0.014798124	2290.6177	411.01062	0.00041217555
0.014876201	2269.9751	372.92764	0.00041221123
0.014954689	2220.5	364.79843	0.00041224514
0.015033588	2201.3057	382.8728	0.00041228096
0.015112907	2116.8667	326.42648	0.00041231682
0.015192644	2127.3076	354.29459	0.00041235308
0.015272802	2054.7693	342.21649	0.0004123894
0.015353379	2052.1904	328.41074	0.00041242578
0.015434384	1982.1892	339.66614	0.0004124642
0.015515818	1965.6038	277.8721	0.00041250198
0.015597682	1932.8611	336.18152	0.00041253917
0.015679976	1875.6342	304.07111	0.00041257843
0.015762702	1843.2391	280.94485	0.00041261676
0.015845867	1822.3658	295.43533	0.00041265626
0.015929472	1789.4166	266.62497	0.0004126961
0.016013518	1752.3572	280.42776	0.00041273583
0.016098002	1678.5745	252.90137	0.00041277695
0.016182937	1689	251.66338	0.00041281627
0.01626832	1644.225	270.12375	0.00041285949
0.016354153	1618.7174	246.72394	0.00041290157
0.01644044	1588.4182	220.19566	0.00041294337
0.016527176	1550.9535	245.08224	0.00041298679
0.016614376	1511.3334	225.19008	0.00041303007
0.016702035	1479.16	215.66277	0.00041307375
0.016790157	1460.3726	210.69901	0.00041311784
0.016878743	1419.2157	204.76094	0.00041316217
0.016967792	1389.8605	219.62668	0.00041320594
0.017057316	1348.6492	183.45297	0.00041325326
0.017147312	1334.9803	192.60773	0.0004132977
0.017237784	1302.6346	186.01672	0.00041334366
0.017328728	1279.8334	190.6949	0.00041339299
0.017420156	1247.2808	169.67723	0.00041344052
0.017512066	1219.7693	174.1832	0.00041348668
0.017604461	1189.2307	169.82091	0.00041353729
0.017697345	1161.2458	152.43388	0.00041358371
0.017790712	1138.7556	175.61934	0.00041363394
0.017884579	1113.2456	151.44301	0.00041368403
0.01797894	1073.2581	139.6777	0.00041373458
0.018073799	1064.8334	149.05072	0.00041378519
0.018169153	1036.4445	145.07693	0.00041383741
0.018265016	1014.3651	130.91786	0.00041388767
0.018361384	985.45001	130.48666	0.00041394227
0.01845826	963.63794	129.89536	0.00041399384
0.018555649	940.85486	122.45422	0.00041404899
0.018653546	909.24194	118.33938	0.00041410374
0.018751962	887.90741	124.28551	0.00041415897
0.0188509	872.29688	111.65659	0.00041421448
0.01895036	838.21539	106.41964	0.00041427009
0.019050339	819.10938	104.84844	0.00041432717
0.019150849	803.45905	105.46865	0.00041438476
0.019251892	775.73132	96.942772	0.00041444265
0.019353468	760.53125	97.350296	0.0004144992
0.019455578	733.20001	89.554863	0.0004145597
0.019558223	710.31342	88.767418	0.00041461809
0.019661414	701.48438	89.791954	0.00041467859
0.01976515	678.75	81.694862	0.00041473942
0.019869432	661.68115	81.428604	0.00041480057
0.01997426	633.9375	81.141472	0.00041486532
0.020079646	621.5946	73.755104	0.00041492653
0.02018559	606.88892	73.045418	0.00041498989
0.02029209	581.79413	72.145477	0.0004150524
0.020399153	574.83331	69.187286	0.00041511684
0.020506777	551.88159	64.580078	0.00041518474
0.020614972	534.79169	64.367775	0.00041525112
0.02072374	521.31647	59.788616	0.00041531809
0.020833081	500.08823	62.013504	0.00041538311
0.020942992	482.46249	54.969715	0.00041545412
0.021053489	474.52563	54.783577	0.00041552138
0.02116457	459.11841	53.72541	0.00041559106
0.021276236	444.12659	50.93568	0.00041566175
0.021388492	429.74417	47.163475	0.00041573236
0.021501334	412.98666	48.661144	0.00041580488
0.021614777	401.12195	45.122364	0.00041587595
0.021728819	392.20987	44.401569	0.0004159513
0.021843463	373.54999	42.56044	0.00041602473
0.021958705	366.91013	39.559383	0.00041610061
0.022074562	354.48865	38.444187	0.00041617639
0.022191029	340.24692	38.518776	0.00041625329
0.022308113	331.1279	36.340443	0.00041632849
0.022425812	319.65518	34.871799	0.00041640797
0.022544127	309.03409	33.514584	0.00041648769
0.022663072	293.29031	30.911488	0.00041656574
0.022782644	284.55057	30.678286	0.00041664651
0.022902848	278.86459	28.913322	0.00041672718
0.02302368	265.95605	28.347038	0.00041681045
0.023145156	257.73914	27.316446	0.00041689366
0.023267273	252.13333	27.027464	0.00041697753
0.023390032	239.34042	25.086231	0.00041706281
0.023513442	229.8866	23.708036	0.00041714753
0.023637494	224.12871	22.637886	0.00041723513
0.023762207	215.9697	22.038914	0.00041732113
0.02388758	208.15463	21.46682	0.00041741147
0.024013614	200.77	20.382713	0.00041749887
0.024140311	193.80769	19.282473	0.00041758851
0.024267672	187.0202	19.085354	0.00041768092
0.024395712	179.07272	17.309778	0.000417773
0.024524426	175.59	17.826326	0.00041786607
0.024653818	168.17273	16.256247	0.00041795964
0.024783889	160.83018	15.84538	0.00041805362
0.02491465	156.18813	15.775474	0.00041815176
0.025046103	152.40834	14.088826	0.00041824725
0.02517825	144.38318	14.156416	0.00041834507
0.025311092	139.57944	13.685226	0.00041844544
0.025444631	134.94545	13.044287	0.00041854454
0.025578879	129.36441	12.062139	0.00041864568
0.025713835	126.46902	12.057136	0.00041874815
0.025849504	121.7807	11.557722	0.00041885034
0.025985882	117.60484	10.690433	0.00041895598
0.026122987	113.38532	11.01172	0.00041906111
0.026260814	110.64341	9.856039	0.00041916783
0.026399368	105.74359	9.9027977	0.00041927563
0.026538655	103.66129	9.422904	0.00041938134
0.026678668	98.966942	9.1097908	0.00041949426
0.026819428	97.255814	8.6634932	0.00041960328
0.02696093	94.528923	8.701272	0.00041971551
0.027103178	90.651855	7.8896093	0.00041982802
0.027246172	87.818901	7.885633	0.00041994336
0.027389925	86.251907	7.6230702	0.00042005716
0.027534436	83.164177	7.2654848	0.00042017605
0.027679712	82.176926	7.2913618	0.00042029217
0.027825752	79.066177	6.8553567	0.00042041039
0.027972557	77.828362	6.7993255	0.0004205321
0.028120143	74.872337	6.3730674	0.00042065384
0.028268509	72.404579	6.3991346	0.00042077678
0.028417656	71.194633	5.8916726	0.00042089794
0.028567582	68.774437	6.0313549	0.00042102658
0.028718308	67.926178	5.6212082	0.00042115344
0.028869828	67.147888	5.6949325	0.00042128001
0.02902215	65.801323	5.4084539	0.00042140935
0.029175274	63.568493	5.3154511	0.00042153869
0.029329197	62.104576	5.070447	0.00042167204
0.02948394	61.354168	5.1665478	0.00042180574
0.029639501	60.543209	4.8010807	0.00042193889
0.029795883	59.873333	4.9378676	0.00042207542
0.029953081	58.662422	4.726789	0.0004222127
0.030111117	57.88961	4.7106018	0.00042235156
0.030269986	56.717648	4.3886046	0.00042249236
0.030429695	56.355263	4.6164746	0.00042263384
0.030590244	56.232143	4.3773594	0.00042277633
0.030751634	55.019482	4.4770646	0.00042292025
0.030913882	54.400002	4.1477051	0.00042306882
0.031076988	53.3237	4.0894771	0.00042321451
0.031240953	52.646343	4.1488132	0.00042336274
0.031405777	52.947674	4.0726123	0.00042351248
0.031571474	52.074711	3.9819653	0.00042366752
0.03173805	51.686047	3.9755695	0.00042382086
0.031905502	50.971909	3.8528767	0.00042397695
0.03207384	50.478024	3.7726564	0.00042412887
0.032243058	50.149426	3.8347354	0.00042429205
0.032413173	50.104168	3.6443191	0.00042445312
0.03258419	50.078651	3.7853179	0.00042461135
0.032756109	49.46907	3.5792601	0.00042477465
0.032928932	48.852459	3.6410143	0.00042493874
0.033102661	48.854168	3.5534172	0.0004251106
0.033277314	48.25	3.4729145	0.00042527544
0.033452887	48.708107	3.6102614	0.00042544605
0.033629388	47.92157	3.3799462	0.0004256168
0.033806812	48.510204	3.4916215	0.00042579186
0.033985179	47.554455	3.3708403	0.00042596777
0.034164488	47.656864	3.3612728	0.00042614521
0.034344744	47.282177	3.3515625	0.00042632496
0.034525953	46.898148	3.2132387	0.00042649984
0.034708105	46.278606	3.2886724	0.00042668844
0.034891229	46.536366	3.1589289	0.00042687292
0.035075318	46.429905	3.196178	0.00042705616
0.035260379	45.600941	3.146569	0.00042724315
0.035446409	45.511013	3.0406888	0.00042743466
0.035633426	44.972092	3.0885248	0.00042762782
0.035821434	44.506851	3.0281498	0.00042782119
0.036010429	44.458874	2.9442062	0.00042801839
0.036200427	43.432899	2.8762703	0.00042821362
0.036391411	43.665218	2.8980241	0.0004284129
0.036583416	43.515152	2.8817225	0.00042861878
0.036776435	42.961372	2.8326645	0.00042882
0.036970474	42.085365	2.6996493	0.00042902352
0.037165523	42.14468	2.7667863	0.00042923403
0.037361611	41.502075	2.6900487	0.0004294448
0.037558734	40.695652	2.5737107	0.00042965813
0.037756901	40.083683	2.609113	0.00042987167
0.037956107	39.758621	2.4751532	0.00043008424
0.03815636	38.963711	2.4891694	0.00043030802
0.038357675	38.392159	2.4183767	0.00043052656
0.038560055	37.98819	2.3976848	0.00043075046
0.038763504	37.410446	2.2980173	0.00043097307
0.038968012	36.594593	2.2870529	0.00043120381
0.039173611	36.032726	2.1847236	0.00043143486
0.039380297	34.803772	2.1500869	0.00043166702
0.039588071	34.569344	2.0998464	0.00043190189
0.039796941	33.830326	2.0436723	0.0004321335
0.040006902	33.431095	1.9978027	0.00043237975
0.040217984	32.567165	2.0004959	0.00043261849
0.040430181	31.842466	1.8730074	0.00043286619
0.040643495	30.976589	1.8004023	0.0004331072
0.040857922	30.83391	1.823176	0.00043335947
0.041073494	29.770548	1.7511225	0.00043361125
0.041290201	28.859589	1.6975424	0.00043386588
0.041508052	28.457792	1.6294081	0.00043412336
0.041727055	27.557432	1.6098551	0.00043437953
0.041947197	26.775974	1.533121	0.00043464534
0.042168517	26.161905	1.4810627	0.0004349098
0.042391002	25.647619	1.4519467	0.00043517374
0.042614661	24.784565	1.4121611	0.00043544156
0.04283949	24.121876	1.3547565	0.00043571662
0.043065514	23.606251	1.3257954	0.00043599296
0.043292735	22.567976	1.2460448	0.00043626709
0.043521151	21.96319	1.2219937	0.0004365521
0.043750774	21.675594	1.1877525	0.00043683228
0.043981593	20.838236	1.1350795	0.00043711904
0.044213645	20.324484	1.1087372	0.00043740889
0.044446923	19.59824	1.0659403	0.00043770095
0.04468143	18.942028	1.0242169	0.00043799347
0.044917163	18.330601	0.96205878	0.00043829356
0.045154147	17.931034	0.96532315	0.00043859595
0.045392387	17.240112	0.92015564	0.00043889624
0.045631882	16.69146	0.87967163	0.00043920323
0.04587264	16.418848	0.84332722	0.00043951068
0.046114657	15.688889	0.83029115	0.00043982686
0.046357963	15.596206	0.81517768	0.00044014264
0.046602551	15.277778	0.7888965	0.00044046264
0.046848431	14.739018	0.7521072	0.00044078249
0.047095612	14.125628	0.71070135	0.00044110353
0.047344077	13.875648	0.70897067	0.00044143377
0.047593873	13.362245	0.6774534	0.00044176777
0.04784498	13.05303	0.65839851	0.00044210107
0.048097417	12.844444	0.64058852	0.00044243646
0.048351172	12.395122	0.61436665	0.00044278102
0.048606277	12.263923	0.60563689	0.00044312366
0.048862729	11.894737	0.58385479	0.0004434757
0.049120534	11.640097	0.57412189	0.0004438278
0.049379699	11.36643	0.55458844	0.00044417707
0.04964022	11.182448	0.53922927	0.00044453912
0.049902126	10.949192	0.52798122	0.00044490185
0.050165415	10.570786	0.50277156	0.00044526812
0.050430093	10.555809	0.50549918	0.00044563063
0.050696153	10.262222	0.48535463	0.00044600811
0.050963633	10.261438	0.48050258	0.00044638428
0.05123252	10.196468	0.48063624	0.00044676609
0.051502831	9.893939	0.4617784	0.00044714962
0.051774565	9.8156776	0.45321521	0.00044753379
0.052047718	9.7197456	0.44926891	0.0004479264
0.052322328	9.594203	0.43788272	0.00044832213
0.052598387	9.5010347	0.4336316	0.00044872161
0.052875903	9.3230457	0.42418262	0.00044911742
0.053154867	9.1991873	0.41597447	0.00044952764
0.053435314	9.2871485	0.41740027	0.00044994405
0.053717248	9.0684109	0.40798241	0.00045035448
0.054000665	9.2480621	0.40828416	0.00045077424
0.054285578	8.932806	0.39826468	0.0004511927
0.054571979	8.9577732	0.3935532	0.00045162454
0.054859906	9.2022476	0.39931965	0.00045205277
0.055149354	8.8622637	0.38602123	0.00045248834
0.055440329	8.5925236	0.37250674	0.00045292368
0.055732824	8.806159	0.37581512	0.00045337158
0.056026876	8.61236	0.37372079	0.00045381591
0.056322478	8.504488	0.36129704	0.00045426874
0.05661964	8.6725664	0.36580682	0.00045472343
0.056918375	8.4991055	0.3604196	0.00045517797
0.057218663	8.3235292	0.34709218	0.00045564974
0.057520557	8.125	0.33940041	0.00045611916
0.057824042	8.0258617	0.33409801	0.00045659384
0.058129128	7.9660439	0.32905129	0.00045706501
0.058435809	7.8258705	0.31946912	0.00045755264
0.058744121	7.6890755	0.31599873	0.00045804121
0.059054062	7.6394782	0.30929151	0.00045853405
0.059365638	7.7094154	0.31135869	0.00045902791
0.059678856	7.4710612	0.30026856	0.00045952605
0.059993714	7.2863922	0.29050729	0.00046003648
0.060310245	7.3153725	0.29189411	0.00046054574
0.060628448	7.2078123	0.28556335	0.00046106274
0.060948331	6.9223742	0.27066833	0.00046157843
0.061269883	6.8443761	0.26927134	0.00046211126
0.061593153	6.7010465	0.25964326	0.00046263836
0.061918125	6.5577507	0.25621289	0.00046317445
0.06224481	6.4412193	0.24590982	0.0004637118
0.062573217	6.2262774	0.23839743	0.00046425132
0.062903345	6.0014515	0.22911966	0.00046481474
0.063235231	5.8751812	0.22429888	0.00046536495
0.063568868	5.9206128	0.22140166	0.00046592636
0.063904263	5.5677967	0.20967886	0.00046649485
0.064241432	5.392808	0.20096214	0.0004670608
0.064580359	5.3073711	0.19833095	0.00046764349
0.064921089	5.3265305	0.1968578	0.00046822854
0.065263622	5.09127	0.18552107	0.00046881594
0.065607958	5.157124	0.18854633	0.00046939921
0.065954097	4.9148102	0.17826219	0.00047000355
0.066302076	4.6727991	0.16970836	0.00047061034
0.066651896	4.6135206	0.16507022	0.00047121951
0.067003556	4.5616965	0.16384614	0.00047182958
0.067357071	4.4110274	0.15642835	0.00047244859
0.067712441	4.2998729	0.15355319	0.00047308
0.068069696	4.2429099	0.14924975	0.00047371391
0.068428837	4.0711699	0.14164089	0.00047434893
0.068789877	4.1459589	0.14424248	0.00047499422
0.069152802	4.025393	0.14021635	0.0004756508
0.069517657	4.0718493	0.1399793	0.00047630354
0.069884442	3.9692307	0.13677481	0.00047696527
0.070253156	3.9988546	0.13556096	0.00047763725
0.070623823	3.8573072	0.13106334	0.0004782977
0.070996419	3.7219679	0.12610132	0.00047898781
0.071371004	3.6412556	0.12211062	0.00047967798
0.071747571	3.6347635	0.12074398	0.00048036815
0.072126113	3.6438808	0.12118099	0.00048106621
0.072506644	3.49069	0.11570166	0.00048177742
0.072889194	3.4654427	0.11405472	0.00048248502
0.073273763	3.5116279	0.11434245	0.00048320691
0.073660366	3.5174603	0.1145933	0.00048393154
0.074049003	3.4090419	0.1120148	0.00048465261
0.074439675	3.4444444	0.11442111	0.00048539875
0.074832425	3.4419355	0.11303742	0.00048614768
0.075227253	3.3655913	0.110529	0.0004868994
0.07562416	3.3934782	0.11205126	0.00048765118
0.076023139	3.3939719	0.1115217	0.00048842124
0.076424249	3.3294368	0.10869875	0.00048919849
0.076827466	3.390558	0.11122963	0.00048997428
0.077232815	3.3272727	0.10897648	0.00049076474
0.07764031	3.302521	0.1071935	0.00049154973
0.078049928	3.1939204	0.10355932	0.00049235078
0.078461722	3.1958115	0.10356583	0.00049316377
0.078875698	3.1375387	0.10104271	0.00049397687
0.07929185	3.1723781	0.10237741	0.00049479573
0.079710186	3.0782697	0.098928362	0.00049562537
0.080130741	3.1059062	0.099254534	0.00049646699
0.080553524	3.01631	0.09644001	0.00049731781
0.080978535	2.9879155	0.094951048	0.00049816218
0.081405781	3.0282543	0.096331231	0.00049901853
0.08183527	2.91133	0.091506906	0.00049988605
0.082267039	2.9084578	0.091871761	0.00050076278
0.082701087	2.8065803	0.088742211	0.00050164835
0.08313743	2.7400582	0.085450605	0.00050252839
0.083576046	2.6747808	0.08357726	0.00050343754
0.084017001	2.64347	0.081724934	0.00050434086
0.084460288	2.622824	0.081674151	0.00050525344
0.084905908	2.607619	0.080578655	0.00050617789
0.085353881	2.6185081	0.080569409	0.00050709367
0.085804194	2.5308988	0.07754346	0.00050804217
0.086256906	2.4252336	0.0742364	0.00050899101
0.08671201	2.4374421	0.074297637	0.00050993706
0.087169506	2.3654728	0.071770608	0.00051089528
0.0876294	2.3081877	0.070095971	0.00051187165
0.088091746	2.2951698	0.068725795	0.00051285134
0.088556528	2.2189188	0.06668134	0.00051384035
0.089023761	2.27039	0.067680694	0.00051483273
0.089493461	2.1938326	0.065196291	0.0005158342
0.089965612	2.178761	0.064891107	0.00051685446
0.090440281	2.178911	0.064132221	0.00051787798
0.090917453	2.136889	0.063785344	0.00051890506
0.091397144	2.1276596	0.063426085	0.00051995035
0.09187936	2.1057513	0.064215288	0.00052098726
0.092364103	2.1442742	0.0644686	0.0005220492
0.092851423	2.0966852	0.063702434	0.0005231204
0.093341321	1.9908004	0.060456812	0.00052419514
0.093833797	2.0585544	0.062342178	0.00052526745
0.094328851	1.9821092	0.060899202	0.00052637403
0.094826542	1.9800181	0.059744976	0.00052747206
0.095326856	1.9832402	0.060591664	0.00052859145
0.095829807	1.9215868	0.058435317	0.0005297123
0.096335419	1.9494486	0.059173036	0.00053082715
0.096843667	1.9458716	0.059011299	0.0005319888
0.097354628	1.8811973	0.057608448	0.00053313305
0.097868279	1.9617138	0.059300847	0.00053429609
0.098384641	1.9622468	0.059617475	0.0005354507
0.098903701	1.8690037	0.056836467	0.00053664664
0.099425532	1.9065078	0.057791207	0.00053783099
0.099950112	1.8721461	0.056643862	0.000539031
0.10047746	1.7854545	0.053898133	0.00054023234
0.10100757	1.7776753	0.05405882	0.00054146483
0.1015405	1.8184282	0.054719623	0.0005426865
0.10207622	1.7718666	0.05326955	0.00054393377
0.10261479	1.836937	0.055202153	0.00054517592
0.10315619	1.7714543	0.053305965	0.00054643501
0.10370044	1.6971831	0.050412279	0.00054770667
0.10424757	1.759676	0.052855764	0.00054899201
0.10479759	1.6952296	0.05044283	0.00055028219
0.10535051	1.6738352	0.050162733	0.00055158173
0.10590634	1.707124	0.050684769	0.00055289618
0.10646511	1.6876106	0.050260972	0.00055421662
0.10702682	1.6253275	0.048086595	0.00055555551
0.1075915	1.6608238	0.049222991	0.00055689696
0.10815915	1.6035398	0.047756068	0.00055825914
0.10872981	1.6580311	0.04877675	0.00055962522
0.10930347	1.5875217	0.04678382	0.00056100666
0.10988016	1.6504347	0.048722137	0.000562392
0.1104599	1.6351119	0.048019372	0.00056379003
0.11104269	1.5861775	0.046382885	0.00056520716
0.11162856	1.6130697	0.047351785	0.00056661788
0.11221751	1.4965577	0.043949787	0.0005680708
0.11280958	1.558277	0.045334116	0.00056950125
0.11340477	1.5182358	0.044263065	0.00057097245
0.1140031	1.4654142	0.042868808	0.00057243346
0.11460458	1.4400671	0.041735917	0.00057391933
0.11520924	1.5592935	0.045268606	0.00057540921
0.1158171	1.4774247	0.042764835	0.00057691365
0.11642814	1.4729393	0.042545635	0.00073771627
0.11704243	1.4738154	0.042535659	0.00074041099
0.11765995	1.4842715	0.042748708	0.00074312667
0.11828073	1.4759967	0.042144373	0.000745859
0.11890478	1.4582319	0.041570067	0.00074862491
0.11953213	1.4166666	0.04014127	0.00075140147
0.1201628	1.4113301	0.040480297	0.00075416989
0.12079677	1.3735373	0.041253112	0.00075700297
0.12143411	1.3561776	0.042183977	0.00075982162
0.12207479	1.3669355	0.043452904	0.00076268456
0.12271887	1.405491	0.045731466	0.0007655393
0.12336633	1.3914002	0.046260934	0.00076844008
0.12401722	1.3081264	0.044007644	0.00077134132
0.12467154	1.3029586	0.044885598	0.00077133736
