#   DataFileName=25janv24_009.tif
#   DataFileType=.tif
#   
#   DataFilePath=D:SAXS-Cu:Claire:SAXS Cu 2024:20240125:
#   
#   Processed on=ven. 26 janv. 2024,08:52:57
#   Units=Arbitrary
#   SampleThickness=2.9
#   SampleTransmission=0.36738
#   CorrectionFactor=2.72
#   SampleMeasurementTime=1
#   EmptyMeasurementTime=1
#   BackgroundMeasTime=1
#   SampleI0=3600
#   EmptyI0=1
#   Nika_SampleToDetectorDistacne=1616
#   Nika_Wavelength=1.542
#   Nika_XrayEnergy=8.0405
#   Nika_PixelSizeX=0.172
#   Nika_PixelSizeY=0.172
#   Nika_HorizontalTilt=0
#   Nika_VerticalTilt=0
#   Nika_BeamCenterX=277.17
#   Nika_BeamCenterY=169.37
#   Nika_BeamSizeX=0
#   Nika_BeamSizeY=0
#   CalibrationFormula=1*((Sa2D))
#   CurrentMaskFileName=jan24_mask.hdf
#   QvectorMaxNumPnts=0
#   QvectorNumberPoints=500
#   CircularAverage=1
#   PolarizationCorrection=None
#   UncertainityCalculationMethod=OldNikaMethod

0.0090713194	997.73682	248.59532	0.00041012454
0.0091191828	1007.5	278.09143	0.00041013741
0.009167294	983.5	294.61771	0.00041015071
0.0092156595	995.71429	298.27734	0.00041016436
0.0092642847	989.36365	345.87628	0.00041017766
0.0093131615	974	242.69818	0.00041019166
0.0093623018	965.76471	257.02902	0.00041020423
0.0094116954	917.85712	274.67255	0.00041021823
0.0094613498	947.19049	222.66287	0.00041023357
0.0095112715	921.9375	254.47081	0.00041024663
0.0095614512	929	324.76962	0.00041026229
0.0096119009	919.3125	253.74771	0.00041027571
0.0096626123	907.33331	233.40488	0.00041029038
0.0097135901	901.59998	218.02614	0.0004103065
0.0097648427	892.78571	267.45056	0.00041032035
0.0098163607	881.88232	234.70363	0.00041033557
0.0098681506	877.375	242.17288	0.00041035117
0.009920218	879.47369	219.14552	0.00041036645
0.0099725556	859.9375	237.34767	0.00041038232
0.010025172	835.3158	208.12755	0.00041039812
0.010078066	834.59998	201.82452	0.00041041418
0.010131239	824.625	227.6145	0.00041042943
0.010184692	825.05261	205.58371	0.00041044565
0.010238425	807.66669	231.86626	0.00041046331
0.010292444	811.17389	180.98828	0.00041047813
0.010346748	772	192.26894	0.00041049506
0.010401339	781.52631	194.73845	0.00041051209
0.010456217	777.93335	223.32259	0.00041052917
0.010511382	771.33331	181.3233	0.00041054678
0.010566842	760.54547	174.05949	0.00041056532
0.010622594	761.5	210.19119	0.00041058313
0.01067864	754.77777	153.82951	0.00041059998
0.010734978	734.5625	202.75493	0.00041061838
0.010791617	728.59088	166.74817	0.00041063668
0.010848555	717.33331	184.53055	0.00041065528
0.010905793	725.08698	161.7791	0.00041067408
0.010963334	703.20001	170.04099	0.0004106928
0.011021174	703.29169	153.16411	0.00041071215
0.011079323	680.54999	164.57196	0.00041073147
0.011137779	677.59088	155.07498	0.00041075103
0.011196543	662.26086	147.76372	0.00041077062
0.011255614	671.23999	142.84685	0.00041079085
0.011315	621.88232	165.41257	0.00041081096
0.011374699	647.70831	141.0591	0.00041083139
0.011434713	636.22223	129.66664	0.00041085103
0.011495044	637.54999	154.17232	0.00041087266
0.01155569	614.4231	127.89256	0.00041089294
0.011616659	618.34784	137.95992	0.00041091512
0.01167795	609.08698	135.89847	0.00041093573
0.011739564	592.70001	143.3264	0.0004109572
0.0118015	584.5	112.34548	0.00041098031
0.011863766	581.03998	123.6507	0.00041100153
0.01192636	573.29169	124.8511	0.00041102397
0.011989285	566.79169	123.43671	0.00041104658
0.012052542	565.60712	112.95707	0.00041106931
0.01211613	556.66669	121.2311	0.00041109262
0.012180055	547.54547	125.31345	0.00041111599
0.012244319	523.6875	97.123566	0.0004111396
0.012308921	535.20001	113.89556	0.00041116439
0.012373864	526.86365	120.57919	0.00041118739
0.012439147	525.84851	95.906052	0.00041121195
0.012504777	506.4375	93.934242	0.00041123654
0.012570753	501.95834	109.31467	0.00041126151
0.012637078	492.21429	98.299896	0.0004112864
0.012703749	486.08694	108.45312	0.00041131204
0.012770776	479.61765	86.058723	0.00041133765
0.012838155	476.5	95.16198	0.0004113637
0.012905891	469.32257	88.590034	0.00041138986
0.012973984	457.29166	99.589485	0.00041141611
0.013042432	450.45456	82.155739	0.00041144318
0.013111246	445.93332	85.712151	0.00041147019
0.013180422	432.59375	80.229996	0.0004114976
0.013249964	433	96.60791	0.00041152394
0.013319868	427.10526	72.137939	0.00041155313
0.013390145	426.29031	80.466972	0.00041158128
0.013460793	414.03333	79.576149	0.00041160986
0.013531813	406.61292	76.751862	0.00041163864
0.013603209	401.61111	69.851227	0.00041166658
0.013674977	392.71429	78.42923	0.00041169624
0.013747128	381.64865	65.399055	0.00041172598
0.013819659	369.91177	66.371918	0.00041175602
0.013892573	372.56668	71.610428	0.00041178599
0.013965867	366.60974	59.432167	0.00041181617
0.014039554	357.8125	66.369934	0.00041184798
0.014113627	358.03125	66.411026	0.00041187936
0.014188092	344.76471	61.853378	0.00041191099
0.01426295	341.85367	55.418274	0.00041194269
0.014338199	334.48386	63.136635	0.00041197534
0.014413849	324.3158	54.774582	0.00041200704
0.014489898	327.20587	58.710068	0.00041204007
0.014566349	318.34091	49.687698	0.00041207302
0.014643198	311.80554	54.230286	0.00041210715
0.014720458	305.33334	50.851051	0.00041214115
0.014798124	296.91177	53.274704	0.00041217555
0.014876201	293.14999	48.160328	0.00041221123
0.014954689	287.35001	47.20713	0.00041224514
0.015033588	285.02777	49.573425	0.00041228096
0.015112907	273.20001	42.128902	0.00041231682
0.015192644	274.46155	45.709869	0.00041235308
0.015272802	267.15384	44.49231	0.0004123894
0.015353379	259.57144	41.538036	0.00041242578
0.015434384	258.24326	44.249355	0.0004124642
0.015515818	252.50943	35.695827	0.00041250198
0.015597682	249.16667	43.335545	0.00041253917
0.015679976	237.60976	38.519058	0.00041257843
0.015762702	231.45653	35.278275	0.00041261676
0.015845867	231.21951	37.483578	0.00041265626
0.015929472	224.8125	33.496204	0.0004126961
0.016013518	220.04762	35.212994	0.00041273583
0.016098002	213.59575	32.181347	0.00041277695
0.016182937	209.5625	31.224308	0.00041281627
0.01626832	204.52499	33.598885	0.00041285949
0.016354153	200.28261	30.525942	0.00041290157
0.01644044	195.76364	27.137119	0.00041294337
0.016527176	192.7907	30.463818	0.00041298679
0.016614376	187.83333	27.986355	0.00041303007
0.016702035	184.58	26.911339	0.00041307375
0.016790157	178.19608	25.708687	0.00041311784
0.016878743	173.17647	24.984785	0.00041316217
0.016967792	170.74419	26.980373	0.00041320594
0.017057316	164.85965	22.424894	0.00041325326
0.017147312	161.29411	23.270229	0.0004132977
0.017237784	158.90384	22.690928	0.00041334366
0.017328728	154.45833	23.013355	0.00041339299
0.017420156	151.73685	20.64134	0.00041344052
0.017512066	147.01923	20.993145	0.00041348668
0.017604461	143.32692	20.466297	0.00041353729
0.017697345	139.7377	18.342438	0.00041358371
0.017790712	138.13333	21.301521	0.00041363394
0.017884579	131.1228	17.836987	0.00041368403
0.01797894	126.51613	16.464851	0.00041373458
0.018073799	126.66666	17.729467	0.00041378519
0.018169153	124.05556	17.363871	0.00041383741
0.018265016	116.93651	15.091853	0.00041388767
0.018361384	114.75	15.193879	0.00041394227
0.01845826	113.18965	15.257029	0.00041399384
0.018555649	107.96774	14.05186	0.00041404899
0.018653546	104.54839	13.606683	0.00041410374
0.018751962	102.72222	14.377894	0.00041415897
0.0188509	99.015625	12.673679	0.00041421448
0.01895036	97	12.31484	0.00041427009
0.019050339	94.15625	12.051753	0.00041432717
0.019150849	92.278687	12.112845	0.00041438476
0.019251892	89.298508	11.158769	0.00041444265
0.019353468	84.84375	10.859909	0.0004144992
0.019455578	83.599998	10.210651	0.0004145597
0.019558223	79.985077	9.9950094	0.00041461809
0.019661414	77.875	9.9677925	0.00041467859
0.01976515	78	9.3875294	0.00041473942
0.019869432	74.942032	9.2221365	0.00041480057
0.01997426	68.984375	8.8293896	0.00041486532
0.020079646	68.810814	8.1642818	0.00041492653
0.02018559	67.527779	8.1271696	0.00041498989
0.02029209	64.691177	8.0214376	0.0004150524
0.020399153	64.75	7.7929058	0.00041511684
0.020506777	60.434212	7.0714707	0.00041518474
0.020614972	58.416668	7.0306897	0.00041525112
0.02072374	56.556961	6.4861431	0.00041531809
0.020833081	55.64706	6.8999925	0.00041538311
0.020942992	53.412498	6.0853372	0.00041545412
0.021053489	50.73077	5.85639	0.00041552138
0.02116457	49.342106	5.7734795	0.00041559106
0.021276236	47.278481	5.4218373	0.00041566175
0.021388492	46.476746	5.1004095	0.00041573236
0.021501334	44.919998	5.2923765	0.00041580488
0.021614777	43.365852	4.8779249	0.00041587595
0.021728819	42.814816	4.8465443	0.0004159513
0.021843463	39.875	4.5428705	0.00041602473
0.021958705	38.280899	4.1270313	0.00041610061
0.022074562	38	4.1207638	0.00041617639
0.022191029	35.76543	4.0486031	0.00041625329
0.022308113	35.104652	3.8523283	0.00041632849
0.022425812	33.850574	3.6926043	0.00041640797
0.022544127	32.511364	3.5254786	0.00041648769
0.022663072	31.72043	3.3429041	0.00041656574
0.022782644	29.764046	3.2086096	0.00041664651
0.022902848	29.854166	3.0950224	0.00041672718
0.02302368	28.065933	2.9911852	0.00041681045
0.023145156	27.195652	2.8820412	0.00041689366
0.023267273	27.844444	2.9845433	0.00041697753
0.023390032	25.734043	2.6970143	0.00041706281
0.023513442	25.164948	2.5949173	0.00041714753
0.023637494	23.742575	2.397732	0.00041723513
0.023762207	23.161615	2.3633351	0.00041732113
0.02388758	21.938145	2.2621267	0.00041741147
0.024013614	21.719999	2.2047811	0.00041749887
0.024140311	21.51923	2.1407924	0.00041758851
0.024267672	20.757576	2.1180494	0.00041768092
0.024395712	19.881819	1.9216225	0.000417773
0.024524426	18.790001	1.9073941	0.00041786607
0.024653818	18.318182	1.7704463	0.00041795964
0.024783889	17.971699	1.7703865	0.00041805362
0.02491465	17.643564	1.7818348	0.00041815176
0.025046103	17.258333	1.5952474	0.00041824725
0.02517825	16.280375	1.5960189	0.00041834507
0.025311092	16.850468	1.651863	0.00041844544
0.025444631	16	1.5464435	0.00041854454
0.025578879	15.372881	1.4332311	0.00041864568
0.025713835	14.699115	1.4011879	0.00041874815
0.025849504	14.324561	1.3592598	0.00041885034
0.025985882	13.798388	1.2540984	0.00041895598
0.026122987	13.80734	1.3406639	0.00041906111
0.026260814	13.488372	1.2013677	0.00041916783
0.026399368	13.641026	1.277241	0.00041927563
0.026538655	12.943548	1.1764207	0.00041938134
0.026678668	12.809917	1.1789286	0.00041949426
0.026819428	12.844961	1.1440353	0.00041960328
0.02696093	12.38843	1.1401668	0.00041971551
0.027103178	12.333333	1.0732579	0.00041982802
0.027246172	11.929133	1.0710304	0.00041994336
0.027389925	12.274809	1.0846883	0.00042005716
0.027534436	11.865672	1.0364777	0.00042017605
0.027679712	11.453846	1.0161102	0.00042029217
0.027825752	11.705882	1.0147372	0.00042041039
0.027972557	11.164179	0.97519588	0.0004205321
0.028120143	11.390071	0.96938562	0.00042065384
0.028268509	11.083969	0.97942972	0.00042077678
0.028417656	11.107383	0.91907912	0.00042089794
0.028567582	11.12782	0.97572243	0.00042102658
0.028718308	11.181208	0.92516202	0.00042115344
0.028869828	10.830986	0.91847318	0.00042128001
0.02902215	10.827814	0.88985562	0.00042140935
0.029175274	10.458904	0.87440372	0.00042153869
0.029329197	10.542483	0.86062682	0.00042167204
0.02948394	10.388889	0.87469065	0.00042180574
0.029639501	10.654321	0.84475356	0.00042193889
0.029795883	10.493333	0.86528796	0.00042207542
0.029953081	10.675159	0.8600505	0.0004222127
0.030111117	10.720779	0.87224454	0.00042235156
0.030269986	10.347059	0.80053031	0.00042249236
0.030429695	10.506579	0.86055315	0.00042263384
0.030590244	10.464286	0.81448877	0.00042277633
0.030751634	10.597403	0.86221462	0.00042292025
0.030913882	10.571428	0.8058719	0.00042306882
0.031076988	10.260116	0.78677726	0.00042321451
0.031240953	10.207317	0.80428469	0.00042336274
0.031405777	10.366279	0.79725003	0.00042351248
0.031571474	10.109196	0.77291554	0.00042366752
0.03173805	10.343023	0.7954306	0.00042382086
0.031905502	10.230337	0.77320015	0.00042397695
0.03207384	10.208791	0.76287806	0.00042412887
0.032243058	10.270115	0.78518683	0.00042429205
0.032413173	9.9375	0.72269517	0.00042445312
0.03258419	9.94382	0.75151116	0.00042461135
0.032756109	9.8195877	0.71037048	0.00042477465
0.032928932	10.092896	0.75214636	0.00042493874
0.033102661	9.661458	0.70259893	0.0004251106
0.033277314	9.9846935	0.71860188	0.00042527544
0.033452887	9.8810806	0.73228872	0.00042544605
0.033629388	9.6176472	0.67823243	0.0004256168
0.033806812	9.4744902	0.68184197	0.00042579186
0.033985179	9.2128716	0.65295929	0.00042596777
0.034164488	9.3039217	0.65612465	0.00042614521
0.034344744	9.1287127	0.646981	0.00042632496
0.034525953	9.291667	0.63654566	0.00042649984
0.034708105	9.1741295	0.6518572	0.00042668844
0.034891229	8.8727274	0.60220456	0.00042687292
0.035075318	8.7383175	0.6014716	0.00042705616
0.035260379	8.502347	0.58661592	0.00042724315
0.035446409	8.480176	0.56649411	0.00042743466
0.035633426	8.4325581	0.57904881	0.00042762782
0.035821434	8.0913239	0.55044305	0.00042782119
0.036010429	8.1255407	0.53801388	0.00042801839
0.036200427	7.8744588	0.52139491	0.00042821362
0.036391411	8.086957	0.53664714	0.0004284129
0.036583416	7.7142859	0.51078558	0.00042861878
0.036776435	7.7124462	0.50843912	0.00042882
0.036970474	7.5650406	0.48521164	0.00042902352
0.037165523	7.1702127	0.47064289	0.00042923403
0.037361611	7.5352697	0.48835686	0.0004294448
0.037558734	7.2450595	0.45813149	0.00042965813
0.037756901	6.958159	0.45284653	0.00042987167
0.037956107	6.8620691	0.4271425	0.00043008424
0.03815636	6.4354839	0.41106918	0.00043030802
0.038357675	6.5176473	0.41049579	0.00043052656
0.038560055	6.6771655	0.42138144	0.00043075046
0.038763504	6.1902986	0.38019916	0.00043097307
0.038968012	6.0193052	0.37613678	0.00043120381
0.039173611	5.7490907	0.34851786	0.00043143486
0.039380297	5.8000002	0.35825834	0.00043166702
0.039588071	5.5401459	0.33646354	0.00043190189
0.039796941	5.5776172	0.33688635	0.0004321335
0.040006902	5.5053005	0.32894003	0.00043237975
0.040217984	5.3358207	0.32768843	0.00043261849
0.040430181	5.0513697	0.29707104	0.00043286619
0.040643495	5.1672239	0.30027455	0.0004331072
0.040857922	5.1107268	0.30213207	0.00043335947
0.041073494	5.0513697	0.29707283	0.00043361125
0.041290201	4.8047943	0.28256276	0.00043386588
0.041508052	4.8084416	0.27526745	0.00043412336
0.041727055	4.6824327	0.27347359	0.00043437953
0.041947197	4.4935064	0.25724488	0.00043464534
0.042168517	4.3460317	0.24598451	0.0004349098
0.042391002	4.1968255	0.23754571	0.00043517374
0.042614661	4.2733121	0.24343324	0.00043544156
0.04283949	4.0625	0.2281138	0.00043571662
0.043065514	3.871875	0.217416	0.00043599296
0.043292735	3.9697886	0.21914338	0.00043626709
0.043521151	3.8619633	0.21483621	0.0004365521
0.043750774	3.7619047	0.20610675	0.00043683228
0.043981593	3.7205882	0.2026215	0.00043711904
0.044213645	3.699115	0.20174927	0.00043740889
0.044446923	3.5249267	0.19167496	0.00043770095
0.04468143	3.3333333	0.18019564	0.00043799347
0.044917163	3.4043715	0.17863864	0.00043829356
0.045154147	3.3793104	0.18188047	0.00043859595
0.045392387	3.3926554	0.18103419	0.00043889624
0.045631882	3.4077134	0.17955817	0.00043920323
0.04587264	3.1989529	0.1642776	0.00043951068
0.046114657	3.1805556	0.16828473	0.00043982686
0.046357963	3.1869919	0.1665443	0.00044014264
0.046602551	3.2645502	0.16853985	0.00044046264
0.046848431	3.0697675	0.15661657	0.00044078249
0.047095612	3.1733668	0.1596279	0.00044110353
0.047344077	3.0414507	0.15536962	0.00044143377
0.047593873	3.0153062	0.15284456	0.00044176777
0.04784498	2.8560605	0.14402802	0.00044210107
0.048097417	2.9679012	0.14798416	0.00044243646
0.048351172	2.9292684	0.1451616	0.00044278102
0.048606277	2.912833	0.14381631	0.00044312366
0.048862729	2.8181818	0.13829753	0.0004434757
0.049120534	2.8333333	0.13971792	0.0004438278
0.049379699	2.9101655	0.14196698	0.00044417707
0.04964022	2.709007	0.13060631	0.00044453912
0.049902126	2.8060045	0.13528405	0.00044490185
0.050165415	2.6674156	0.12684439	0.00044526812
0.050430093	2.7152619	0.1300047	0.00044563063
0.050696153	2.8133333	0.13303347	0.00044600811
0.050963633	2.7124183	0.12698536	0.00044638428
0.05123252	2.7836645	0.13119034	0.00044676609
0.051502831	2.6991341	0.12595427	0.00044714962
0.051774565	2.8453391	0.13135503	0.00044753379
0.052047718	2.730361	0.12617825	0.0004479264
0.052322328	2.7639751	0.12612747	0.00044832213
0.052598387	2.6542444	0.12111798	0.00044872161
0.052875903	2.6419754	0.12018723	0.00044911742
0.053154867	2.6768293	0.12102082	0.00044952764
0.053435314	2.5461848	0.11441459	0.00044994405
0.053717248	2.6800804	0.12055451	0.00045035448
0.054000665	2.5193799	0.1112079	0.00045077424
0.054285578	2.4841897	0.11073896	0.0004511927
0.054571979	2.5143955	0.11044875	0.00045162454
0.054859906	2.5636704	0.11122728	0.00045205277
0.055149354	2.4886792	0.10838526	0.00045248834
0.055440329	2.4822431	0.10759272	0.00045292368
0.055732824	2.4384058	0.10404578	0.00045337158
0.056026876	2.4382021	0.10578322	0.00045381591
0.056322478	2.3644524	0.10043251	0.00045426874
0.05661964	2.4088495	0.10158903	0.00045472343
0.056918375	2.3613596	0.1001182	0.00045517797
0.057218663	2.4013841	0.10012036	0.00045564974
0.057520557	2.2934027	0.095782593	0.00045611916
0.057824042	2.3396552	0.097375184	0.00045659384
0.058129128	2.3633277	0.097604513	0.00045706501
0.058435809	2.2222223	0.090697289	0.00045755264
0.058744121	2.1831932	0.089705452	0.00045804121
0.059054062	2.2316477	0.090334788	0.00045853405
0.059365638	2.1038961	0.084953003	0.00045902791
0.059678856	2.0321543	0.081657276	0.00045952605
0.059993714	2.1155064	0.084329076	0.00046003648
0.060310245	2.0713153	0.082633294	0.00046054574
0.060628448	2.1125	0.083679222	0.00046106274
0.060948331	1.9939117	0.077948503	0.00046157843
0.061269883	2.0154083	0.079274014	0.00046211126
0.061593153	2.0164425	0.078116059	0.00046263836
0.061918125	1.9224924	0.075097956	0.00046317445
0.06224481	1.9564587	0.074678458	0.0004637118
0.062573217	1.9080292	0.073042028	0.00046425132
0.062903345	1.8069667	0.068970822	0.00046481474
0.063235231	1.8606676	0.071020372	0.00046536495
0.063568868	1.8077995	0.067588054	0.00046592636
0.063904263	1.8149718	0.068338141	0.00046649485
0.064241432	1.7468879	0.065085322	0.0004670608
0.064580359	1.7941586	0.067033179	0.00046764349
0.064921089	1.8	0.066511489	0.00046822854
0.065263622	1.7486773	0.063707404	0.00046881594
0.065607958	1.7789614	0.065027468	0.00046939921
0.065954097	1.7208388	0.062405515	0.00047000355
0.066302076	1.7069645	0.061982643	0.00047061034
0.066651896	1.6900511	0.060458198	0.00047121951
0.067003556	1.6439589	0.059036229	0.00047182958
0.067357071	1.7230576	0.06109412	0.00047244859
0.067712441	1.7382466	0.062064819	0.00047308
0.068069696	1.6596794	0.058372445	0.00047371391
0.068428837	1.7189385	0.05979481	0.00047434893
0.068789877	1.7285887	0.060130134	0.00047499422
0.069152802	1.5719467	0.054744564	0.0004756508
0.069517657	1.623086	0.055789035	0.00047630354
0.069884442	1.6248521	0.055979393	0.00047696527
0.070253156	1.6380298	0.055520363	0.00047763725
0.070623823	1.6432681	0.055826996	0.0004782977
0.070996419	1.6556064	0.056084387	0.00047898781
0.071371004	1.6535875	0.055445537	0.00047967798
0.071747571	1.6512651	0.054845687	0.00048036815
0.072126113	1.5931643	0.052974872	0.00048106621
0.072506644	1.595838	0.052888598	0.00048177742
0.072889194	1.5712743	0.051706456	0.00048248502
0.073273763	1.5750529	0.051277198	0.00048320691
0.073660366	1.5608466	0.050842259	0.00048393154
0.074049003	1.590958	0.052269619	0.00048465261
0.074439675	1.5434543	0.051265262	0.00048539875
0.074832425	1.5935484	0.052326333	0.00048614768
0.075227253	1.5419354	0.050631583	0.0004868994
0.07562416	1.5173913	0.050095543	0.00048765118
0.076023139	1.5285254	0.050217513	0.00048842124
0.076424249	1.5345377	0.050091457	0.00048919849
0.076827466	1.6008583	0.052508868	0.00048997428
0.077232815	1.5411764	0.05047093	0.00049076474
0.07764031	1.4716387	0.047759309	0.00049154973
0.078049928	1.3983228	0.045330528	0.00049235078
0.078461722	1.4115183	0.045735884	0.00049316377
0.078875698	1.4725957	0.047417108	0.00049397687
0.07929185	1.4662513	0.047311652	0.00049479573
0.079710186	1.4222451	0.045700174	0.00049562537
0.080130741	1.4338086	0.045812741	0.00049646699
0.080553524	1.4006116	0.044774968	0.00049731781
0.080978535	1.4028198	0.044572979	0.00049816218
0.081405781	1.3541877	0.04307095	0.00049901853
0.08183527	1.3487685	0.042387027	0.00049988605
0.082267039	1.4069651	0.044436473	0.00050076278
0.082701087	1.332004	0.042110678	0.00050164835
0.08313743	1.3404461	0.04179769	0.00050252839
0.083576046	1.3407985	0.041888267	0.00050343754
0.084017001	1.3126787	0.040577106	0.00050434086
0.084460288	1.2911025	0.040198721	0.00050525344
0.084905908	1.3114285	0.040519182	0.00050617789
0.085353881	1.3352219	0.041078065	0.00050709367
0.085804194	1.2977529	0.039756093	0.00050804217
0.086256906	1.2607477	0.038585886	0.00050899101
0.08671201	1.2743281	0.038838457	0.00050993706
0.087169506	1.2506887	0.037941404	0.00051089528
0.0876294	1.3045079	0.039611131	0.00051187165
0.088091746	1.2567084	0.037625805	0.00051285134
0.088556528	1.2504505	0.037572861	0.00051384035
0.089023761	1.2269504	0.036571749	0.00051483273
0.089493461	1.2801762	0.038039383	0.0005158342
0.089965612	1.2982301	0.038662139	0.00051685446
0.090440281	1.2653414	0.037239332	0.00051787798
0.090917453	1.2711111	0.037938781	0.00051890506
0.091397144	1.2429078	0.037046608	0.00051995035
0.09187936	1.2282003	0.037449226	0.00052098726
0.092364103	1.2082957	0.036322188	0.0005220492
0.092851423	1.2946593	0.039331272	0.0005231204
0.093341321	1.1867526	0.036036085	0.00052419514
0.093833797	1.2095151	0.036624789	0.00052526745
0.094328851	1.2259887	0.037662651	0.00052637403
0.094826542	1.2234333	0.036912151	0.00052747206
0.095326856	1.1824954	0.036123179	0.00052859145
0.095829807	1.1983395	0.036437828	0.0005297123
0.096335419	1.2306986	0.037352666	0.00053082715
0.096843667	1.1816514	0.035830524	0.0005319888
0.097354628	1.2076707	0.03697921	0.00053313305
0.097868279	1.1075661	0.033475403	0.00053429609
0.098384641	1.1381216	0.034574058	0.0005354507
0.098903701	1.1420665	0.034726314	0.00053664664
0.099425532	1.1677361	0.035392668	0.00053783099
0.099950112	1.1242009	0.034009084	0.000539031
0.10047746	1.1372727	0.034327313	0.00054023234
0.10100757	1.1217712	0.034108337	0.00054146483
0.1015405	1.160795	0.034925718	0.0005426865
0.10207622	1.1307484	0.033991195	0.00054393377
0.10261479	1.1252252	0.033809874	0.00054517592
0.10315619	1.1436315	0.034408826	0.00054643501
0.10370044	1.1320423	0.033622179	0.00054770667
0.10424757	1.1332133	0.034034129	0.00054899201
0.10479759	1.1572438	0.03443126	0.00055028219
0.10535051	1.0940861	0.03278444	0.00055158173
0.10590634	1.1064204	0.032845587	0.00055289618
0.10646511	1.0752212	0.032017536	0.00055421662
0.10702682	1.1222707	0.033198364	0.00055555551
0.1075915	1.1209465	0.033218548	0.00055689696
0.10815915	1.1769911	0.035049714	0.00055825914
0.10872981	1.1105354	0.032667484	0.00055962522
0.10930347	1.0979203	0.032350834	0.00056100666
0.10988016	1.0965217	0.032367233	0.000562392
0.1104599	1.1385542	0.033433467	0.00056379003
0.11104269	1.1527303	0.033704266	0.00056520716
0.11162856	1.1195185	0.032860503	0.00056661788
0.11221751	1.1135973	0.032700103	0.0005680708
0.11280958	1.1005068	0.032013875	0.00056950125
0.11340477	1.0474979	0.030535877	0.00057097245
0.1140031	1.1084543	0.032424349	0.00057243346
0.11460458	1.1240571	0.032574937	0.00057391933
0.11520924	1.1009251	0.031957146	0.00057540921
0.1158171	1.0953177	0.031700745	0.00057691365
0.11642814	1.0849292	0.031335235	0.00073771627
0.11704243	1.0989194	0.031713281	0.00074041099
0.11765995	1.0844371	0.03123055	0.00074312667
0.11828073	1.0748576	0.030687375	0.000745859
0.11890478	1.0892133	0.031047456	0.00074862491
0.11953213	1.1306089	0.032033447	0.00075140147
0.1201628	1.1009852	0.031576037	0.00075416989
0.12079677	1.0945095	0.032870047	0.00075700297
0.12143411	1.1119691	0.034584127	0.00075982162
0.12207479	1.1290323	0.035887182	0.00076268456
0.12271887	1.0718057	0.0348696	0.0007655393
0.12336633	1.0716648	0.035627618	0.00076844008
0.12401722	1.0598195	0.035649762	0.00077134132
0.12467154	1.0165681	0.035015471	0.00077133736
