#   DataFileName=25janv24_001.tif
#   DataFileType=.tif
#   
#   DataFilePath=D:SAXS-Cu:Claire:SAXS Cu 2024:20240125:
#   
#   Processed on=ven. 26 janv. 2024,08:52:51
#   Units=Arbitrary
#   SampleThickness=2.9
#   SampleTransmission=0.36738
#   CorrectionFactor=2.72
#   SampleMeasurementTime=1
#   EmptyMeasurementTime=1
#   BackgroundMeasTime=1
#   SampleI0=3600
#   EmptyI0=1
#   Nika_SampleToDetectorDistacne=1616
#   Nika_Wavelength=1.542
#   Nika_XrayEnergy=8.0405
#   Nika_PixelSizeX=0.172
#   Nika_PixelSizeY=0.172
#   Nika_HorizontalTilt=0
#   Nika_VerticalTilt=0
#   Nika_BeamCenterX=277.17
#   Nika_BeamCenterY=169.37
#   Nika_BeamSizeX=0
#   Nika_BeamSizeY=0
#   CalibrationFormula=1*((Sa2D))
#   CurrentMaskFileName=jan24_mask.hdf
#   QvectorMaxNumPnts=0
#   QvectorNumberPoints=500
#   CircularAverage=1
#   PolarizationCorrection=None
#   UncertainityCalculationMethod=OldNikaMethod

0.0090713194	4723.8945	1176.7081	0.00041012454
0.0091191828	4829.375	1332.6842	0.00041013741
0.009167294	4551.0713	1362.8711	0.00041015071
0.0092156595	4518	1353.1392	0.00041016436
0.0092642847	4365.2729	1525.9242	0.00041017766
0.0093131615	4332.2104	1079.2795	0.00041019166
0.0093623018	4379.2354	1165.3031	0.00041020423
0.0094116954	4120.1431	1231.4843	0.00041021823
0.0094613498	4052.0952	952.43994	0.00041023357
0.0095112715	3907.4375	1078.2981	0.00041024663
0.0095614512	3936.3635	1375.5607	0.00041026229
0.0096119009	3733.6875	1030.4114	0.00041027571
0.0096626123	3704.7778	952.93372	0.00041029038
0.0097135901	3691.1499	892.46814	0.0004103065
0.0097648427	3560.0715	1066.3665	0.00041032035
0.0098163607	3648.2942	970.78656	0.00041033557
0.0098681506	3425.125	945.25006	0.00041035117
0.009920218	3340.5789	832.22339	0.00041036645
0.0099725556	3313.25	914.14917	0.00041038232
0.010025172	3074.7368	765.97498	0.00041039812
0.010078066	3079.8999	744.71088	0.00041041418
0.010131239	3059.6875	844.44135	0.00041042943
0.010184692	2981.7896	742.92798	0.00041044565
0.010238425	3025.2666	868.29449	0.00041046331
0.010292444	2898.3479	646.60498	0.00041047813
0.010346748	2716	676.0282	0.00041049506
0.010401339	2778.3157	692.21185	0.00041051209
0.010456217	2637.2666	757.00446	0.00041052917
0.010511382	2604	612.05792	0.00041054678
0.010566842	2586.6819	591.95215	0.00041056532
0.010622594	2510.8125	693.00238	0.00041058313
0.01067864	2540.4814	517.72485	0.00041059998
0.010734978	2432.5	671.33685	0.00041061838
0.010791617	2362.2727	540.59753	0.00041063668
0.010848555	2273.2222	584.72485	0.00041065528
0.010905793	2288.8696	510.646	0.00041067408
0.010963334	2165.5	523.57404	0.0004106928
0.011021174	2173.9167	473.43063	0.00041071215
0.011079323	2096.25	506.87283	0.00041073147
0.011137779	2156.7727	493.54422	0.00041075103
0.011196543	2033.9131	453.75305	0.00041077062
0.011255614	2002.48	426.10812	0.00041079085
0.011315	1894.5294	503.57803	0.00041081096
0.011374699	1898.25	413.37555	0.00041083139
0.011434713	1840.2593	375.04294	0.00041085103
0.011495044	1845.6	446.26816	0.00041087266
0.01155569	1841.3462	383.25604	0.00041089294
0.011616659	1781.3914	397.41345	0.00041091512
0.01167795	1721.5652	384.0827	0.00041093573
0.011739564	1704.05	412.03027	0.0004109572
0.0118015	1629.4	313.17834	0.00041098031
0.011863766	1620.12	344.76694	0.00041100153
0.01192636	1567.5416	341.34656	0.00041102397
0.011989285	1590.9166	346.44669	0.00041104658
0.012052542	1523.9286	304.32321	0.00041106931
0.01211613	1498.5416	326.34518	0.00041109262
0.012180055	1464.3182	335.10416	0.00041111599
0.012244319	1388.9688	257.55444	0.0004111396
0.012308921	1394.92	296.84161	0.00041116439
0.012373864	1363.1818	311.97543	0.00041118739
0.012439147	1383.1212	252.24899	0.00041121195
0.012504777	1310.9375	243.15158	0.00041123654
0.012570753	1282.1666	279.21646	0.00041126151
0.012637078	1240.25	247.67911	0.0004112864
0.012703749	1249.7826	278.83322	0.00041131204
0.012770776	1203.2941	215.90503	0.00041133765
0.012838155	1198.8214	239.39285	0.0004113637
0.012905891	1170.9354	221.01865	0.00041138986
0.012973984	1118.7916	243.64084	0.00041141611
0.013042432	1112.3334	202.86755	0.00041144318
0.013111246	1080.2	207.61533	0.00041147019
0.013180422	1034.2188	191.77499	0.0004114976
0.013249964	1058.5652	236.16823	0.00041152394
0.013319868	1038.9474	175.47444	0.00041155313
0.013390145	999.41937	188.64639	0.00041158128
0.013460793	988.56665	190.00117	0.00041160986
0.013531813	949.9032	179.30013	0.00041163864
0.013603209	935.91669	162.77837	0.00041166658
0.013674977	922.75	184.2807	0.00041169624
0.013747128	917.97296	157.29948	0.00041172598
0.013819659	882.47058	158.32054	0.00041175602
0.013892573	862.93335	165.85707	0.00041178599
0.013965867	849.46344	137.70702	0.00041181617
0.014039554	832.6875	154.45692	0.00041184798
0.014113627	820.4375	152.1796	0.00041187936
0.014188092	789.91174	141.70064	0.00041191099
0.01426295	781.85364	126.7476	0.00041194269
0.014338199	771.32257	145.59189	0.00041197534
0.014413849	734.21051	124.00553	0.00041200704
0.014489898	730.02942	130.9883	0.00041204007
0.014566349	721.52271	112.61652	0.00041207302
0.014643198	715.86108	124.50451	0.00041210715
0.014720458	689.48718	114.82888	0.00041214115
0.014798124	673.64703	120.86584	0.00041217555
0.014876201	665.57501	109.34293	0.00041221123
0.014954689	645.82501	106.09852	0.00041224514
0.015033588	650.80554	113.19112	0.00041228096
0.015112907	613.26666	94.559593	0.00041231682
0.015192644	616.64105	102.69522	0.00041235308
0.015272802	595.58972	99.192444	0.0004123894
0.015353379	585.35712	93.672752	0.00041242578
0.015434384	579.64862	99.325401	0.0004124642
0.015515818	563.73584	79.692589	0.00041250198
0.015597682	557.83331	97.021065	0.00041253917
0.015679976	532.90247	86.389481	0.00041257843
0.015762702	528.26086	80.514297	0.00041261676
0.015845867	522.56097	84.713982	0.00041265626
0.015929472	517.4375	77.096786	0.0004126961
0.016013518	501.5238	80.256119	0.00041273583
0.016098002	478.34042	72.064552	0.00041277695
0.016182937	479.875	71.499878	0.00041281627
0.01626832	465.5	76.473663	0.00041285949
0.016354153	468.19565	71.360062	0.00041290157
0.01644044	449.29092	62.281609	0.00041294337
0.016527176	445.18604	70.347229	0.00041298679
0.016614376	434.27084	64.704544	0.00041303007
0.016702035	417.51999	60.872448	0.00041307375
0.016790157	424.29413	61.214458	0.00041311784
0.016878743	405.5098	58.505112	0.00041316217
0.016967792	401.83722	63.496716	0.00041320594
0.017057316	386.21054	52.532017	0.00041325326
0.017147312	385.82352	55.664722	0.0004132977
0.017237784	378.23077	54.009918	0.00041334366
0.017328728	369.02084	54.983242	0.00041339299
0.017420156	359.98245	48.970341	0.00041344052
0.017512066	360.17307	51.431923	0.00041348668
0.017604461	352.53845	50.340103	0.00041353729
0.017697345	343.4754	45.085999	0.00041358371
0.017790712	336.97778	51.967831	0.00041363394
0.017884579	327.1228	44.500206	0.00041368403
0.01797894	319.40323	41.566586	0.00041373458
0.018073799	320.05554	44.798931	0.00041378519
0.018169153	308.7037	43.210197	0.00041383741
0.018265016	305.53967	39.43335	0.00041388767
0.018361384	297.28333	39.363583	0.00041394227
0.01845826	295.41379	39.819988	0.00041399384
0.018555649	288.51614	37.550686	0.00041404899
0.018653546	279.69354	36.40192	0.00041410374
0.018751962	273.62964	38.30098	0.00041415897
0.0188509	271.8125	34.792015	0.00041421448
0.01895036	263.75385	33.484997	0.00041427009
0.019050339	260.71875	33.372498	0.00041432717
0.019150849	252.78688	33.18264	0.00041438476
0.019251892	249.68657	31.202888	0.00041444265
0.019353468	247.5625	31.688583	0.0004144992
0.019455578	240.77142	29.407934	0.0004145597
0.019558223	234.58209	29.314831	0.00041461809
0.019661414	233.375	29.872429	0.00041467859
0.01976515	226.63889	27.278162	0.00041473942
0.019869432	225.86957	27.795839	0.00041480057
0.01997426	214.89062	27.504118	0.00041486532
0.020079646	213.59459	25.343447	0.00041492653
0.02018559	212.625	25.591318	0.00041498989
0.02029209	208.60294	25.867496	0.0004150524
0.020399153	205.30556	24.710241	0.00041511684
0.020506777	198.38158	23.213697	0.00041518474
0.020614972	196.5	23.650288	0.00041525112
0.02072374	192.60759	22.089508	0.00041531809
0.020833081	189.85294	23.542297	0.00041538311
0.020942992	180.6125	20.577654	0.00041545412
0.021053489	183.28206	21.159559	0.00041552138
0.02116457	178	20.829096	0.00041559106
0.021276236	174.92406	20.061317	0.00041566175
0.021388492	173.17442	19.005129	0.00041573236
0.021501334	167.2	19.700117	0.00041580488
0.021614777	166.7317	18.755516	0.00041587595
0.021728819	163.19753	18.47513	0.0004159513
0.021843463	158.0125	18.002676	0.00041602473
0.021958705	157.75281	17.008263	0.00041610061
0.022074562	156.19318	16.938892	0.00041617639
0.022191029	152.02469	17.210348	0.00041625329
0.022308113	148.76744	16.326754	0.00041632849
0.022425812	146.36781	15.967306	0.00041640797
0.022544127	144.64772	15.686836	0.00041648769
0.022663072	142.98924	15.070248	0.00041656574
0.022782644	137.92134	14.869376	0.00041664651
0.022902848	135.30208	14.028198	0.00041672718
0.02302368	132.54945	14.127705	0.00041681045
0.023145156	131.18478	13.903551	0.00041689366
0.023267273	128.57777	13.78297	0.00041697753
0.023390032	126.84042	13.29449	0.00041706281
0.023513442	125.68041	12.961297	0.00041714753
0.023637494	122.30693	12.353369	0.00041723513
0.023762207	120.31313	12.277263	0.00041732113
0.02388758	118.90722	12.262698	0.00041741147
0.024013614	116.67	11.844584	0.00041749887
0.024140311	113.60577	11.302834	0.00041758851
0.024267672	111.90909	11.420141	0.00041768092
0.024395712	109.84545	10.617837	0.000417773
0.024524426	109.83	11.150146	0.00041786607
0.024653818	107.56364	10.397444	0.00041795964
0.024783889	104.87736	10.33263	0.00041805362
0.02491465	103.46535	10.45024	0.00041815176
0.025046103	100.43333	9.2841625	0.00041824725
0.02517825	99.626167	9.7679777	0.00041834507
0.025311092	97.224297	9.532402	0.00041844544
0.025444631	96.5	9.3279924	0.00041854454
0.025578879	95.271187	8.8832331	0.00041864568
0.025713835	92.920357	8.8586569	0.00041874815
0.025849504	92.605263	8.7887726	0.00041885034
0.025985882	90.008064	8.1818209	0.00041895598
0.026122987	88.605507	8.6050844	0.00041906111
0.026260814	87.806198	7.8216324	0.00041916783
0.026399368	85.700851	8.0257053	0.00041927563
0.026538655	84.596771	7.6898928	0.00041938134
0.026678668	83.421486	7.6788507	0.00041949426
0.026819428	82.217056	7.3238559	0.00041960328
0.02696093	81.595039	7.5106964	0.00041971551
0.027103178	79.77037	6.9425774	0.00041982802
0.027246172	77.850395	6.9904447	0.00041994336
0.027389925	76.389313	6.751358	0.00042005716
0.027534436	75.716415	6.6148047	0.00042017605
0.027679712	74.130768	6.5774808	0.00042029217
0.027825752	73.272057	6.3529525	0.00042041039
0.027972557	71.4403	6.2412567	0.0004205321
0.028120143	70.546097	6.0048056	0.00042065384
0.028268509	69.900764	6.177835	0.00042077678
0.028417656	69.154366	5.7228613	0.00042089794
0.028567582	67.909775	5.9555588	0.00042102658
0.028718308	67.067116	5.5500932	0.00042115344
0.028869828	65.96479	5.5946045	0.00042128001
0.02902215	66.397354	5.4574094	0.00042140935
0.029175274	63.506851	5.3102169	0.00042153869
0.029329197	63.568626	5.1899672	0.00042167204
0.02948394	62.145832	5.2331586	0.00042180574
0.029639501	61.092594	4.8446183	0.00042193889
0.029795883	60.626667	5.000011	0.00042207542
0.029953081	59.324841	4.7801723	0.0004222127
0.030111117	59.116882	4.8105116	0.00042235156
0.030269986	57.599998	4.4568996	0.00042249236
0.030429695	57.019737	4.6708684	0.00042263384
0.030590244	56.869049	4.4269381	0.00042277633
0.030751634	56.006493	4.557375	0.00042292025
0.030913882	55.445713	4.2274156	0.00042306882
0.031076988	54.236996	4.1595149	0.00042321451
0.031240953	53.365852	4.2054882	0.00042336274
0.031405777	52.610466	4.0466743	0.00042351248
0.031571474	51.758621	3.9578149	0.00042366752
0.03173805	51.360466	3.9505458	0.00042382086
0.031905502	51.230335	3.8724174	0.00042397695
0.03207384	50.21978	3.7533219	0.00042412887
0.032243058	49.827587	3.8101313	0.00042429205
0.032413173	49.5625	3.6049139	0.00042445312
0.03258419	48.58989	3.6727781	0.00042461135
0.032756109	48.561855	3.5136127	0.00042477465
0.032928932	46.606556	3.4736347	0.00042493874
0.033102661	46.770832	3.4018514	0.0004251106
0.033277314	46.2551	3.3293159	0.00042527544
0.033452887	45.264866	3.3550246	0.00042544605
0.033629388	45.656864	3.2202127	0.0004256168
0.033806812	44.260204	3.1857278	0.00042579186
0.033985179	44.113861	3.1269555	0.00042596777
0.034164488	42.975491	3.0310633	0.00042614521
0.034344744	42.455444	3.009413	0.00042632496
0.034525953	42.51852	2.9131644	0.00042649984
0.034708105	41.646767	2.9595346	0.00042668844
0.034891229	40.94091	2.7790968	0.00042687292
0.035075318	41.112148	2.8300853	0.00042705616
0.035260379	40.502346	2.7947581	0.00042724315
0.035446409	40.193832	2.6854229	0.00042743466
0.035633426	39.251163	2.6956267	0.00042762782
0.035821434	39.529682	2.6895163	0.00042782119
0.036010429	38.173161	2.5279269	0.00042801839
0.036200427	38.60173	2.5563188	0.00042821362
0.036391411	38.52174	2.5566461	0.0004284129
0.036583416	37.891773	2.5093162	0.00042861878
0.036776435	38.133049	2.5142872	0.00042882
0.036970474	36.727642	2.3559639	0.00042902352
0.037165523	37.212765	2.4430053	0.00042923403
0.037361611	36.46888	2.3638186	0.0004294448
0.037558734	35.976284	2.2752259	0.00042965813
0.037756901	35.405857	2.3046036	0.00042987167
0.037956107	35.578545	2.2148991	0.00043008424
0.03815636	35.455647	2.2650657	0.00043030802
0.038357675	35.133335	2.2130949	0.00043052656
0.038560055	34.759842	2.1939154	0.00043075046
0.038763504	33.977612	2.0871303	0.00043097307
0.038968012	33.563705	2.0976191	0.00043120381
0.039173611	33.53091	2.033021	0.00043143486
0.039380297	33.426414	2.0649943	0.00043166702
0.039588071	33.09124	2.0100501	0.00043190189
0.039796941	32.935017	1.9895904	0.0004321335
0.040006902	32.812721	1.9608412	0.00043237975
0.040217984	32.600746	2.0025411	0.00043261849
0.040430181	32.085617	1.887307	0.00043286619
0.040643495	32.066891	1.8637807	0.0004331072
0.040857922	31.937716	1.8884351	0.00043335947
0.041073494	31.684931	1.8637427	0.00043361125
0.041290201	31.489725	1.8522595	0.00043386588
0.041508052	31.633118	1.8112353	0.00043412336
0.041727055	30.804054	1.7995136	0.00043437953
0.041947197	31.084415	1.7798209	0.00043464534
0.042168517	31.12381	1.7619687	0.0004349098
0.042391002	30.542856	1.7290832	0.00043517374
0.042614661	31.170418	1.7760324	0.00043544156
0.04283949	30.6	1.7185903	0.00043571662
0.043065514	30.200001	1.6961375	0.00043599296
0.043292735	30.592146	1.6891069	0.00043626709
0.043521151	30.420246	1.6925575	0.0004365521
0.043750774	30.157738	1.6525764	0.00043683228
0.043981593	30.644117	1.6692278	0.00043711904
0.044213645	30.578171	1.6681231	0.00043740889
0.044446923	29.944281	1.6286958	0.00043770095
0.04468143	29.814493	1.6121256	0.00043799347
0.044917163	30.281422	1.5893127	0.00043829356
0.045154147	29.899426	1.6096747	0.00043859595
0.045392387	30.056498	1.6042461	0.00043889624
0.045631882	29.955923	1.5787585	0.00043920323
0.04587264	30.345551	1.5586967	0.00043951068
0.046114657	30.438889	1.6109451	0.00043982686
0.046357963	30.403793	1.5891823	0.00044014264
0.046602551	30.785715	1.5897182	0.00044046264
0.046848431	30.677002	1.5654311	0.00044078249
0.047095612	30.851759	1.5522753	0.00044110353
0.047344077	30.906736	1.5792208	0.00044143377
0.047593873	30.75	1.5590427	0.00044176777
0.04784498	30.896465	1.5584764	0.00044210107
0.048097417	31.269136	1.559517	0.00044243646
0.048351172	31.382927	1.5555515	0.00044278102
0.048606277	31.75787	1.5683678	0.00044312366
0.048862729	31.70335	1.5562155	0.0004434757
0.049120534	32.036232	1.5801902	0.0004438278
0.049379699	32.34988	1.5784725	0.00044417707
0.04964022	33.115475	1.5969331	0.00044453912
0.049902126	33.157043	1.5989314	0.00044490185
0.050165415	33.907864	1.6127909	0.00044526812
0.050430093	34.259682	1.6407042	0.00044563063
0.050696153	34.662224	1.6394305	0.00044600811
0.050963633	35.196079	1.6481695	0.00044638428
0.05123252	36.558498	1.723345	0.00044676609
0.051502831	36.917747	1.7231374	0.00044714962
0.051774565	38.03178	1.7561107	0.00044753379
0.052047718	38.75584	1.7914536	0.0004479264
0.052322328	39.960663	1.8239102	0.00044832213
0.052598387	40.857143	1.8648251	0.00044872161
0.052875903	41.936214	1.9081266	0.00044911742
0.053154867	43.678864	1.9751874	0.00044952764
0.053435314	45.353413	2.0384448	0.00044994405
0.053717248	46.967808	2.1131444	0.00045035448
0.054000665	48.684109	2.149415	0.00045077424
0.054285578	50.420948	2.2481194	0.0004511927
0.054571979	52.556622	2.3091679	0.00045162454
0.054859906	54.595505	2.3692074	0.00045205277
0.055149354	57.041508	2.484731	0.00045248834
0.055440329	60.138317	2.6072898	0.00045292368
0.055732824	63.213768	2.6978626	0.00045337158
0.056026876	66.144196	2.8703759	0.00045381591
0.056322478	69.937164	2.9713106	0.00045426874
0.05661964	73.821236	3.113924	0.00045472343
0.056918375	78.651161	3.3355126	0.00045517797
0.057218663	83.816612	3.4953556	0.00045564974
0.057520557	90.03125	3.7610631	0.00045611916
0.057824042	97.046555	4.0400467	0.00045659384
0.058129128	105.83871	4.372098	0.00045706501
0.058435809	117.46268	4.7953296	0.00045755264
0.058744121	132.75966	5.4563046	0.00045804121
0.059054062	150.68188	6.1008363	0.00045853405
0.059365638	174.88962	7.0636115	0.00045902791
0.059678856	208.17363	8.3670568	0.00045952605
0.059993714	248.29588	9.9000521	0.00046003648
0.060310245	298.38193	11.906549	0.00046054574
0.060628448	361.43124	14.320256	0.00046106274
0.060948331	434.93301	17.007072	0.00046157843
0.061269883	520.71649	20.487171	0.00046211126
0.061593153	610.85352	23.66997	0.00046263836
0.061918125	701.29486	27.401728	0.00046317445
0.06224481	787.12048	30.052271	0.0004637118
0.062573217	858.65399	32.879402	0.00046425132
0.062903345	911.18866	34.789169	0.00046481474
0.063235231	932.42236	35.599876	0.00046536495
0.063568868	929.7326	34.769871	0.00046592636
0.063904263	895.31494	33.719364	0.00046649485
0.064241432	837.32227	31.205044	0.0004670608
0.064580359	759.69122	28.390886	0.00046764349
0.064921089	674.68573	24.937008	0.00046822854
0.065263622	580.19971	21.143553	0.00046881594
0.065607958	487.67111	17.830914	0.00046939921
0.065954097	402.92529	14.615518	0.00047000355
0.066302076	328.50461	11.9317	0.00047061034
0.066651896	264.32269	9.4581003	0.00047121951
0.067003556	213.0784	7.653892	0.00047182958
0.067357071	169.94737	6.0273209	0.00047244859
0.067712441	138.39262	4.9424911	0.00047308
0.068069696	114.79285	4.0383224	0.00047371391
0.068428837	96.151993	3.3454988	0.00047434893
0.068789877	81.981903	2.8524709	0.00047499422
0.069152802	71.509071	2.4910986	0.0004756508
0.069517657	63.672558	2.1890802	0.00047630354
0.069884442	56.775146	1.9565744	0.00047696527
0.070253156	52.312714	1.7735505	0.00047763725
0.070623823	47.817032	1.6248717	0.0004782977
0.070996419	44.276886	1.5002466	0.00047898781
0.071371004	41.400223	1.3885047	0.00047967798
0.071747571	38.674366	1.2848547	0.00048036815
0.072126113	36.240353	1.2053224	0.00048106621
0.072506644	34.412926	1.1407652	0.00048177742
0.072889194	32.931965	1.0839568	0.00048248502
0.073273763	31.125793	1.0135844	0.00048320691
0.073660366	29.616932	0.96495938	0.00048393154
0.074049003	28.320774	0.93066669	0.00048465261
0.074439675	27.487349	0.91319311	0.00048539875
0.074832425	26.14086	0.85856658	0.00048614768
0.075227253	25.3043	0.83109093	0.0004868994
0.07562416	24.376087	0.80495769	0.00048765118
0.076023139	23.631863	0.77657938	0.00048842124
0.076424249	22.880978	0.74707949	0.00048919849
0.076827466	22.18133	0.72773391	0.00048997428
0.077232815	21.453476	0.70272058	0.00049076474
0.07764031	21.197479	0.6880883	0.00049154973
0.078049928	20.357443	0.66012388	0.00049235078
0.078461722	19.880629	0.64432281	0.00049316377
0.078875698	19.554291	0.62979048	0.00049397687
0.07929185	19.03219	0.61425084	0.00049479573
0.079710186	18.45726	0.59322852	0.00049562537
0.080130741	17.902241	0.57214683	0.00049646699
0.080553524	17.499491	0.55956239	0.00049731781
0.080978535	17.133938	0.54454249	0.00049816218
0.081405781	17.01009	0.54115283	0.00049901853
0.08183527	16.724138	0.52570879	0.00049988605
0.082267039	16.187065	0.51135921	0.00050076278
0.082701087	15.844466	0.50103635	0.00050164835
0.08313743	15.770126	0.49184683	0.00050252839
0.083576046	15.434275	0.48231179	0.00050343754
0.084017001	15.13918	0.46808848	0.00050434086
0.084460288	14.742746	0.45913461	0.00050525344
0.084905908	14.580953	0.45061228	0.00050617789
0.085353881	14.577904	0.44859561	0.00050709367
0.085804194	14.30618	0.4383682	0.00050804217
0.086256906	13.971028	0.42769814	0.00050899101
0.08671201	13.736794	0.41876492	0.00050993706
0.087169506	13.603306	0.41278186	0.00051089528
0.0876294	13.390985	0.40671283	0.00051187165
0.088091746	13.105546	0.39247221	0.00051285134
0.088556528	13.143243	0.39502034	0.00051384035
0.089023761	12.780142	0.38102123	0.00051483273
0.089493461	12.786784	0.38003922	0.0005158342
0.089965612	12.475222	0.37160152	0.00051685446
0.090440281	12.454624	0.36662158	0.00051787798
0.090917453	12.119111	0.36179674	0.00051890506
0.091397144	12.013298	0.35815987	0.00051995035
0.09187936	12.085343	0.36859107	0.00052098726
0.092364103	11.87917	0.35718977	0.0005220492
0.092851423	11.694291	0.35534459	0.0005231204
0.093341321	11.633855	0.35334408	0.00052419514
0.093833797	11.591034	0.35107368	0.00052526745
0.094328851	11.264595	0.34614348	0.00052637403
0.094826542	11.307902	0.34124836	0.00052747206
0.095326856	11.091248	0.33890301	0.00052859145
0.095829807	11.141144	0.33884877	0.0005297123
0.096335419	10.917279	0.33142745	0.00053082715
0.096843667	10.97156	0.33276892	0.0005319888
0.097354628	11.016838	0.33741724	0.00053313305
0.097868279	10.885141	0.32908949	0.00053429609
0.098384641	10.873849	0.33041388	0.0005354507
0.098903701	10.864391	0.33043125	0.00053664664
0.099425532	10.83868	0.32858786	0.00053783099
0.099950112	10.859361	0.3286112	0.000539031
0.10047746	10.965454	0.33106437	0.00054023234
0.10100757	10.962177	0.3334057	0.00054146483
0.1015405	10.977416	0.33037362	0.0005426865
0.10207622	11.1055	0.33392626	0.00054393377
0.10261479	11.236036	0.33769727	0.00054517592
0.10315619	11.526649	0.34690279	0.00054643501
0.10370044	11.87324	0.35273185	0.00054770667
0.10424757	12.690369	0.38123685	0.00054899201
0.10479759	13.520318	0.40237418	0.00055028219
0.10535051	15.033154	0.45060199	0.00055158173
0.10590634	17.183817	0.51027584	0.00055289618
0.10646511	20.58407	0.61314398	0.00055421662
0.10702682	25.033188	0.74075931	0.00055555551
0.1075915	30.013145	0.88968319	0.00055689696
0.10815915	34.804424	1.0367361	0.00055825914
0.10872981	39.367012	1.1583444	0.00055962522
0.10930347	41.596188	1.2260616	0.00056100666
0.10988016	41.238262	1.2176284	0.000562392
0.1104599	39.539585	1.1614133	0.00056379003
0.11104269	35.373718	1.0345927	0.00056520716
0.11162856	31.393808	0.92174399	0.00056661788
0.11221751	27.183304	0.79846328	0.0005680708
0.11280958	22.804054	0.66356051	0.00056950125
0.11340477	19.212044	0.56022501	0.00057097245
0.1140031	16.498718	0.48274785	0.00057243346
0.11460458	14.274937	0.41380057	0.00057391933
0.11520924	12.785534	0.37124938	0.00057540921
0.1158171	11.745819	0.34005758	0.00057691365
0.11642814	11.066611	0.31972322	0.00073771627
0.11704243	10.330009	0.29819366	0.00074041099
0.11765995	10.154801	0.29252607	0.00074312667
0.11828073	10.020342	0.28617039	0.000745859
0.11890478	9.8572588	0.28105471	0.00074862491
0.11953213	9.8597755	0.2794278	0.00075140147
0.1201628	9.7594414	0.27997819	0.00075416989
0.12079677	10.071107	0.30254683	0.00075700297
0.12143411	10.686294	0.33247727	0.00075982162
0.12207479	11.160282	0.35486439	0.00076268456
0.12271887	12.350581	0.40196392	0.0007655393
0.12336633	14.199559	0.472256	0.00076844008
0.12401722	16.64447	0.56011575	0.00077134132
0.12467154	19.635504	0.67666799	0.00077133736
