0.060 124.700
0.061 112.378
0.062 114.245
0.063 114.014
0.064 116.566
0.065 114.000
0.067 110.579
0.068 110.731
0.069 108.842
0.070 109.239
0.071 108.882
0.073 108.193
0.074 107.762
0.075 107.928
0.076 107.225
0.077 107.000
0.078 107.650
0.080 107.090
0.081 107.287
0.082 107.367
0.083 105.685
0.084 104.997
0.086 105.123
0.087 104.089
0.088 104.325
0.089 103.722
0.090 103.641
0.092 103.823
0.093 101.900
0.094 101.188
0.095 100.745
0.096 100.181
0.097 100.250
0.099 99.996
0.100 99.015
0.101 97.840
0.102 96.912
0.103 97.213
0.105 96.621
0.106 96.279
0.107 95.959
0.108 96.040
0.109 96.331
0.110 95.431
0.112 93.986
0.113 93.725
0.114 92.838
0.115 92.470
0.116 91.564
0.118 92.058
0.119 91.522
0.120 90.582
0.121 89.163
0.122 88.673
0.123 89.445
0.125 89.462
0.126 87.745
0.127 87.734
0.128 86.843
0.129 86.120
0.131 85.366
0.132 84.808
0.133 85.366
0.134 84.639
0.135 84.048
0.136 82.822
0.138 82.779
0.139 82.709
0.140 81.452
0.141 81.183
0.142 80.952
0.144 80.039
0.145 79.413
0.146 79.009
0.147 78.199
0.148 77.479
0.150 76.821
0.151 76.132
0.152 75.270
0.153 74.026
0.154 73.941
0.155 73.636
0.157 73.253
0.158 72.609
0.159 71.708
0.160 71.613
0.161 71.331
0.163 70.197
0.164 70.207
0.165 69.190
0.166 68.463
0.167 67.954
0.168 67.600
0.170 67.070
0.171 66.427
0.172 65.459
0.173 64.846
0.174 63.896
0.176 63.055
0.177 62.784
0.178 62.465
0.179 62.147
0.180 61.238
0.181 60.774
0.183 60.377
0.184 59.608
0.185 58.475
0.186 58.482
0.187 58.759
0.189 57.997
0.190 57.224
0.191 56.651
0.192 56.038
0.193 55.218
0.195 54.946
0.196 54.275
0.197 53.937
0.198 53.755
0.199 53.211
0.200 52.544
0.202 51.836
0.203 51.173
0.204 50.877
0.205 49.888
0.206 49.271
0.208 49.424
0.209 49.033
0.210 48.815
0.211 48.025
0.212 47.140
0.213 46.457
0.215 46.374
0.216 45.748
0.217 45.720
0.218 45.283
0.219 44.237
0.221 43.921
0.222 43.686
0.223 42.834
0.224 42.652
0.225 41.925
0.226 41.561
0.228 40.758
0.229 40.096
0.230 39.760
0.231 39.308
0.232 39.339
0.234 39.109
0.235 38.256
0.236 37.655
0.237 37.106
0.238 37.056
0.240 36.326
0.241 35.731
0.242 35.434
0.243 35.235
0.244 35.163
0.245 34.719
0.247 34.277
0.248 33.610
0.249 33.671
0.250 32.932
0.251 32.390
0.253 31.948
0.254 31.236
0.255 30.977
0.256 30.996
0.257 30.694
0.258 30.259
0.260 30.229
0.261 29.671
0.262 28.953
0.263 28.935
0.264 28.800
0.266 28.283
0.267 27.897
0.268 27.458
0.269 27.451
0.270 27.260
0.271 26.986
0.273 26.169
0.274 25.734
0.275 25.317
0.276 25.208
0.277 24.908
0.279 24.404
0.280 24.358
0.281 24.210
0.282 23.627
0.283 23.549
0.284 23.443
0.286 22.777
0.287 22.562
0.288 21.996
0.289 21.912
0.290 21.545
0.292 21.299
0.293 20.826
0.294 20.799
0.295 20.296
0.296 20.051
0.298 20.125
0.299 19.989
0.300 19.703
0.301 19.531
0.302 19.330
0.303 19.188
0.305 18.723
0.306 18.545
0.307 18.411
0.308 18.013
0.309 17.593
0.311 17.498
0.312 17.311
0.313 17.071
0.314 17.085
0.315 16.796
0.316 16.761
0.318 16.714
0.319 16.583
0.320 16.087
0.321 15.813
0.322 15.385
0.324 15.210
0.325 15.098
0.326 14.831
0.327 15.020
0.328 14.921
0.329 14.787
0.331 14.562
0.332 14.270
0.333 14.125
0.334 14.189
0.335 13.963
0.337 13.867
0.338 13.616
0.339 13.456
0.340 13.235
0.341 12.985
0.343 12.944
0.344 12.771
0.345 12.733
0.346 12.862
0.347 12.711
0.348 12.545
0.350 12.461
0.351 12.333
0.352 12.228
0.353 12.110
0.354 12.066
0.356 11.896
0.357 11.912
0.358 11.986
0.359 11.829
0.360 11.693
0.361 11.486
0.363 11.618
0.364 11.385
0.365 11.367
0.366 11.315
0.367 10.987
0.369 10.980
0.370 10.780
0.371 10.780
0.372 10.710
0.373 10.596
0.374 10.553
0.376 10.507
0.377 10.496
0.378 10.473
0.379 10.396
0.380 10.431
0.382 10.393
0.383 10.375
0.384 10.263
0.385 10.246
0.386 10.116
0.388 9.989
0.389 10.047
0.390 10.062
0.391 10.014
0.392 9.990
0.393 9.854
0.395 9.773
0.396 9.664
0.397 9.714
0.398 9.773
0.399 9.666
0.401 9.701
0.402 9.736
0.403 9.595
0.404 9.541
0.405 9.627
0.406 9.528
0.408 9.408
0.409 9.445
0.410 9.446
0.411 9.355
0.412 9.386
0.414 9.284
0.415 9.265
0.416 9.296
0.417 9.407
0.418 9.287
0.419 9.326
0.421 9.387
0.422 9.274
0.423 9.349
0.424 9.287
0.425 9.215
0.427 9.151
0.428 9.109
0.429 9.055
0.430 9.074
0.431 9.090
0.432 9.171
0.434 9.096
0.435 9.125
0.436 9.133
0.437 9.187
0.438 9.244
0.440 9.350
0.441 9.164
0.442 8.998
0.443 9.029
0.444 9.128
0.446 9.142
0.447 9.005
0.448 8.922
0.449 8.838
0.450 9.052
0.451 9.135
0.453 9.088
0.454 9.187
0.455 9.201
0.456 8.899
0.457 8.882
0.459 8.910
0.460 9.031
0.461 9.053
0.462 8.977
0.463 9.133
0.464 9.164
0.466 9.150
0.467 9.085
0.468 9.087
0.469 9.096
0.470 9.106
0.472 9.088
0.473 9.045
0.474 8.981
0.475 8.937
0.476 8.991
0.477 8.882
0.479 8.998
0.480 8.998
0.481 8.901
0.482 8.870
0.483 8.912
0.485 8.846
0.486 8.800
0.487 8.799
0.488 8.930
0.489 8.909
0.491 8.897
0.492 8.945
0.493 9.080
0.494 9.031
0.495 9.034
0.496 9.028
0.498 9.094
0.499 8.993
0.500 9.054
0.501 9.113
0.502 9.196
0.504 9.169
0.505 9.164
0.506 9.065
0.507 9.171
0.508 9.239
0.509 9.164
0.511 9.094
0.512 9.123
0.513 9.122
0.514 9.002
0.515 8.988
0.517 9.047
0.518 9.037
0.519 9.032
0.520 9.109
0.521 9.182
0.522 9.141
0.524 9.171
0.525 9.136
0.526 9.118
0.527 9.108
0.528 9.139
0.530 9.060
0.531 9.136
0.532 9.128
0.533 9.114
0.534 9.081
0.536 9.039
0.537 9.127
0.538 9.123
0.539 9.022
0.540 8.995
0.541 8.953
0.543 8.869
0.544 8.875
0.545 9.002
0.546 9.181
0.547 9.196
0.549 9.265
0.550 9.172
0.551 9.093
0.552 8.990
0.553 8.974
0.554 9.005
0.556 9.258
0.557 9.347
0.558 9.304
0.559 9.269
0.560 9.169
0.562 9.142
0.563 9.193
0.564 9.132
0.565 9.224
0.566 8.992
0.567 9.005
0.569 9.028
0.570 9.177
0.571 9.274
0.572 9.255
0.573 9.197
0.575 9.140
0.576 9.122
0.577 9.215
0.578 9.135
0.579 9.145
0.580 9.187
0.582 9.183
0.583 9.181
0.584 9.205
0.585 9.207
0.586 9.193
0.588 9.175
0.589 9.177
0.590 9.211
0.591 9.187
0.592 9.148
0.594 9.177
0.595 9.121
0.596 9.060
0.597 8.999
0.598 8.971
0.599 9.164
0.601 9.256
0.602 9.229
0.603 9.214
0.604 9.193
0.605 9.196
0.607 9.164
0.608 9.130
0.609 9.132
0.610 9.028
0.611 9.104
0.612 9.171
0.614 9.244
0.615 9.217
0.616 9.225
0.617 9.140
0.618 9.082
0.620 9.051
0.621 8.995
0.622 8.968
0.623 8.923
0.624 8.938
0.625 8.893
0.627 8.938
0.628 8.850
0.629 8.846
0.630 8.957
0.631 9.006
0.633 8.999
0.634 9.020
0.635 9.064
0.636 9.039
0.637 9.119
0.639 9.127
0.640 9.250
0.641 9.268
0.642 9.251
0.643 9.093
0.644 8.969
0.646 8.964
0.647 9.026
0.648 9.077
0.649 9.190
0.650 9.206
0.652 9.188
0.653 9.087
0.654 8.968
0.655 8.853
0.656 8.903
0.657 8.948
0.659 8.991
0.660 9.056
0.661 9.069
0.662 9.068
0.663 8.973
0.665 9.037
0.666 8.982
0.667 9.018
0.668 9.075
0.669 9.032
0.670 9.010
0.672 9.016
0.673 9.075
0.674 8.978
0.675 9.055
0.676 9.076
0.678 9.133
0.679 9.233
0.680 9.201
0.681 9.163
0.682 9.121
0.684 9.099
0.685 9.092
0.686 9.072
0.687 9.016
0.688 9.002
0.689 8.982
0.691 9.030
0.692 9.080
0.693 9.072
0.694 9.082
0.695 9.178
0.697 9.239
0.698 9.278
0.699 9.207
0.700 9.101
0.701 9.068
0.702 9.072
0.704 9.056
0.705 8.979
0.706 8.983
0.707 9.070
0.708 9.016
0.710 8.986
0.711 9.060
0.712 9.151
0.713 9.148
0.714 9.081
0.715 9.073
0.717 9.133
0.718 9.085
0.719 9.164
0.720 9.163
0.721 9.067
0.723 9.200
0.724 9.249
0.725 9.247
0.726 9.169
0.727 9.094
0.728 9.146
0.730 9.051
0.731 8.988
0.732 9.022
0.733 9.089
0.734 9.018
0.736 9.072
0.737 9.075
0.738 9.103
0.739 9.278
0.740 9.283
0.742 9.216
0.743 9.094
0.744 9.137
0.745 9.183
0.746 9.156
0.747 9.158
0.749 9.075
0.750 9.153
0.751 9.109
0.752 9.196
0.753 9.225
0.755 9.267
0.756 9.356
0.757 9.386
0.758 9.291
0.759 9.244
0.760 9.220
0.762 9.308
0.763 9.369
0.764 9.308
0.765 9.314
0.766 9.329
0.768 9.270
0.769 9.333
0.770 9.280
0.771 9.263
0.772 9.261
0.773 9.304
0.775 9.361
0.776 9.437
0.777 9.355
0.778 9.285
0.779 9.324
0.781 9.319
0.782 9.431
0.783 9.325
0.784 9.293
0.785 9.377
0.787 9.532
0.788 9.459
0.789 9.347
0.790 9.424
0.791 9.508
0.792 9.409
0.794 9.446
0.795 9.470
0.796 9.486
0.797 9.605
0.798 9.647
0.800 9.513
0.801 9.454
0.802 9.487
0.803 9.514
0.804 9.526
0.805 9.439
0.807 9.400
0.808 9.456
0.809 9.522
0.810 9.477
0.811 9.393
0.813 9.346
0.814 9.498
0.815 9.574
0.816 9.548
0.817 9.545
0.818 9.455
0.820 9.363
0.821 9.412
0.822 9.459
0.823 9.487
0.824 9.610
0.826 9.619
0.827 9.680
0.828 9.664
0.829 9.565
0.830 9.591
0.832 9.685
0.833 9.674
0.834 9.687
0.835 9.643
0.836 9.713
0.837 9.647
0.839 9.554
0.840 9.664
0.841 9.686
0.842 9.782
0.843 9.779
0.845 9.746
0.846 9.756
0.847 9.706
0.848 9.755
0.849 9.730
0.850 9.680
0.852 9.708
0.853 9.839
0.854 9.736
0.855 9.718
0.856 9.721
0.858 9.794
0.859 9.872
0.860 9.945
0.861 9.947
0.862 9.870
0.863 9.814
0.865 9.843
0.866 9.817
0.867 9.896
0.868 9.978
0.869 10.030
0.871 10.046
0.872 9.966
0.873 10.069
0.874 10.038
0.875 10.099
0.876 10.020
0.878 10.017
0.879 9.995
0.880 9.905
0.881 10.099
0.882 10.104
0.884 10.094
0.885 10.071
0.886 10.061
0.887 10.089
0.888 10.036
0.890 10.109
0.891 10.113
0.892 10.223
0.893 10.115
0.894 10.155
0.895 10.232
0.897 10.202
0.898 10.128
0.899 10.177
0.900 10.166
0.901 10.352
0.903 10.457
0.904 10.369
0.905 10.334
0.906 10.319
0.907 10.329
0.908 10.327
0.910 10.401
0.911 10.454
0.912 10.439
0.913 10.495
0.914 10.454
0.916 10.350
0.917 10.424
0.918 10.392
0.919 10.364
0.920 10.559
0.921 10.625
0.923 10.512
0.924 10.587
0.925 10.677
0.926 10.530
0.927 10.482
0.929 10.522
0.930 10.683
0.931 10.697
0.932 10.687
0.933 10.653
0.935 10.503
0.936 10.585
0.937 10.476
0.938 10.542
0.939 10.538
0.940 10.566
0.942 10.674
0.943 10.537
0.944 10.726
0.945 10.776
0.946 10.713
0.948 10.681
0.949 10.552
0.950 10.710
0.951 10.769
0.952 10.738
0.953 10.779
0.955 10.873
0.956 10.885
0.957 10.989
0.958 10.973
0.959 10.944
0.961 11.020
0.962 11.100
0.963 11.123
0.964 11.073
0.965 10.988
0.966 11.073
0.968 11.050
0.969 10.991
0.970 11.014
0.971 11.009
0.972 11.111
0.974 11.098
0.975 11.143
0.976 11.067
0.977 11.012
0.978 11.077
0.980 11.065
0.981 11.135
0.982 11.179
0.983 11.213
0.984 11.223
0.985 11.287
0.987 11.206
0.988 11.367
0.989 11.365
0.990 11.459
0.991 11.432
0.993 11.351
0.994 11.330
0.995 11.500
0.996 11.530
0.997 11.479
0.998 11.529
1.000 11.583
1.001 11.692
1.002 11.761
1.003 11.591
1.004 11.642
1.006 11.616
1.007 11.571
1.008 11.572
1.009 11.615
1.010 11.540
1.011 11.665
1.013 11.599
1.014 11.718
1.015 11.702
1.016 11.640
1.017 11.625
1.019 11.780
1.020 11.967
1.021 11.864
1.022 11.924
1.023 11.857
1.024 12.021
1.026 11.920
1.027 11.849
1.028 11.895
1.029 11.930
1.030 12.020
1.032 12.087
1.033 11.996
1.034 12.089
1.035 12.066
1.036 12.101
1.038 12.252
1.039 12.330
1.040 12.352
1.041 12.299
1.042 12.354
1.043 12.221
1.045 12.274
1.046 12.337
1.047 12.388
1.048 12.477
1.049 12.424
1.051 12.547
1.052 12.572
1.053 12.656
1.054 12.618
1.055 12.706
1.056 12.681
1.058 12.543
1.059 12.661
1.060 12.618
1.061 12.654
1.062 12.668
1.064 12.694
1.065 12.660
1.066 12.784
1.067 12.697
1.068 12.710
1.069 12.703
1.071 12.870
1.072 12.827
1.073 12.804
1.074 12.916
1.075 12.791
1.077 12.938
1.078 12.967
1.079 12.931
1.080 12.892
1.081 12.862
1.083 12.994
1.084 13.048
1.085 13.098
1.086 13.045
1.087 12.926
1.088 13.091
1.090 13.129
1.091 13.144
1.092 13.267
1.093 13.233
1.094 13.175
1.096 13.300
1.097 13.372
1.098 13.295
1.099 13.396
1.100 13.511
1.101 13.618
1.103 13.541
1.104 13.553
1.105 13.526
1.106 13.487
1.107 13.413
1.109 13.621
1.110 13.588
1.111 13.537
1.112 13.629
1.113 13.603
1.114 13.811
1.116 13.853
1.117 13.809
1.118 13.881
1.119 13.663
1.120 13.572
1.122 13.729
1.123 13.893
1.124 13.778
1.125 13.824
1.126 13.784
1.128 13.846
1.129 13.863
1.130 13.914
1.131 13.945
1.132 13.997
1.133 14.058
1.135 14.036
1.136 14.017
1.137 14.115
1.138 14.026
1.139 14.083
1.141 14.159
1.142 14.351
1.143 14.370
1.144 14.153
1.145 14.255
1.146 14.352
1.148 14.492
1.149 14.493
1.150 14.567
1.151 14.639
1.152 14.417
1.154 14.484
1.155 14.343
1.156 14.422
1.157 14.450
1.158 14.416
1.159 14.478
1.161 14.693
1.162 14.629
1.163 14.597
1.164 14.697
1.165 14.726
1.167 14.661
1.168 14.597
1.169 14.614
1.170 14.731
1.171 14.822
1.172 15.004
1.174 14.985
1.175 15.121
1.176 15.049
1.177 14.879
1.178 14.870
1.180 14.779
1.181 14.944
1.182 14.880
1.183 14.864
1.184 14.893
1.186 14.999
1.187 15.022
1.188 15.015
1.189 14.960
1.190 14.888
1.191 14.849
1.193 15.077
1.194 15.142
1.195 15.129
1.196 15.147
1.197 15.052
1.199 15.091
1.200 15.123
1.201 15.176
1.202 15.095
1.203 15.131
1.204 15.069
1.206 15.117
1.207 15.144
1.208 15.180
1.209 15.255
1.210 15.153
1.212 15.066
1.213 15.305
1.214 15.327
1.215 15.351
1.216 15.666
1.217 15.653
1.219 15.692
1.220 15.582
1.221 15.581
1.222 15.379
1.223 15.477
1.225 15.570
1.226 15.468
1.227 15.438
1.228 15.517
1.229 15.397
1.231 15.582
1.232 15.582
1.233 15.653
1.234 15.702
1.235 15.594
1.236 15.490
1.238 15.518
1.239 15.630
1.240 15.700
1.241 15.669
1.242 15.616
1.244 15.579
1.245 15.647
1.246 15.693
1.247 15.741
1.248 15.764
1.249 15.517
1.251 15.620
1.252 15.579
1.253 15.508
1.254 15.623
1.255 15.712
1.257 15.608
1.258 15.605
1.259 15.627
1.260 15.660
1.261 15.788
1.262 15.812
1.264 15.794
1.265 15.862
1.266 15.842
1.267 15.802
1.268 15.940
1.270 15.959
1.271 15.957
1.272 15.749
1.273 15.765
1.274 15.841
1.276 15.774
1.277 15.734
1.278 15.834
1.279 15.828
1.280 15.810
1.281 15.854
1.283 15.796
1.284 15.629
1.285 15.612
1.286 15.604
1.287 15.651
1.289 15.755
1.290 15.734
1.291 15.839
1.292 15.737
1.293 15.576
1.294 15.492
1.296 15.581
1.297 15.520
1.298 15.462
1.299 15.513
1.300 15.439
1.302 15.707
1.303 15.717
1.304 15.747
1.305 15.775
1.306 15.761
1.307 15.751
1.309 15.656
1.310 15.619
1.311 15.647
1.312 15.674
1.313 15.493
1.315 15.396
1.316 15.401
1.317 15.412
1.318 15.372
1.319 15.437
1.320 15.529
1.322 15.552
1.323 15.563
1.324 15.459
1.325 15.486
1.326 15.327
1.328 15.255
1.329 15.482
1.330 15.437
1.331 15.467
1.332 15.228
1.334 15.236
1.335 15.266
1.336 15.264
1.337 15.201
1.338 15.171
1.339 15.138
1.341 15.187
1.342 15.084
1.343 15.119
1.344 15.112
1.345 15.068
1.347 14.972
1.348 15.187
1.349 15.130
1.350 15.247
1.351 15.074
1.352 15.051
1.354 15.078
1.355 15.145
1.356 15.077
1.357 15.116
1.358 15.058
1.360 14.904
1.361 14.811
1.362 14.867
1.363 14.920
1.364 15.006
1.365 15.081
1.367 15.035
1.368 14.863
1.369 14.910
1.370 14.736
1.371 14.816
1.373 14.730
1.374 14.755
1.375 14.743
1.376 14.619
1.377 14.476
1.379 14.492
1.380 14.539
1.381 14.568
1.382 14.652
1.383 14.662
1.384 14.615
1.386 14.537
1.387 14.478
1.388 14.613
1.389 14.585
1.390 14.632
1.392 14.551
1.393 14.556
1.394 14.597
1.395 14.664
1.396 14.685
1.397 14.693
1.399 14.532
1.400 14.620
1.401 14.483
1.402 14.389
1.403 14.488
1.405 14.439
1.406 14.391
1.407 14.412
1.408 14.198
1.409 14.169
1.410 14.167
1.412 14.281
1.413 14.263
1.414 14.133
1.415 14.039
1.416 13.889
1.418 13.962
1.419 14.048
1.420 14.045
1.421 14.071
1.422 14.119
1.424 14.161
1.425 14.091
1.426 14.154
1.427 14.058
1.428 14.088
1.429 14.115
1.431 13.939
1.432 13.748
1.433 13.628
1.434 13.822
1.435 13.780
1.437 13.754
1.438 13.865
1.439 13.875
1.440 13.766
1..441 13.651
1.442 13.572
1.444 13.642
1.445 13.578
1.446 13.592
1.447 13.566
1.448 13.565
1.450 13.508
1.451 13.587
1.452 13.424
1.453 13.444
1.454 13.493
1.455 13.387
1.457 13.313
1.458 13.409
1.459 13.363
1.460 13.450
1.461 13.442
1.463 13.544
1.464 13.380
1.465 13.541
1.466 13.324
1.467 13.313
1.468 13.244
1.470 13.200
1.471 13.230
1.472 13.337
1.473 13.294
1.474 13.308
1.476 13.255
1.477 13.187
1.478 13.173
1.479 13.202
1.480 13.255
1.482 13.243
1.483 13.101
1.484 13.077
1.485 12.978
1.486 13.052
1.487 13.027
1.489 13.155
1.490 13.203
1.491 13.146
1.492 13.017
1.493 13.032
1.495 13.026
1.496 12.869
1.497 13.031
1.498 12.997
1.499 12.941
1.500 13.011
1.502 12.936
1.503 12.818
1.504 12.855
1.505 12.808
1.506 12.802
1.508 12.792
1.509 12.810
1.510 12.864
1.511 12.849
1.512 12.745
1.513 12.745
1.515 12.724
1.516 12.624
1.517 12.660
1.518 12.749
1.519 12.639
1.521 12.575
1.522 12.531
1.523 12.640
1.524 12.717
1.525 12.480
1.527 12.607
1.528 12.450
1.529 12.565
1.530 12.468
1.531 12.443
1.532 12.457
1.534 12.490
1.535 12.502
1.536 12.494
1.537 12.421
1.538 12.406
1.540 12.271
1.541 12.464
1.542 12.405
1.543 12.434
1.544 12.465
1.545 12.312
1.547 12.317
1.548 12.295
1.549 12.321
1.550 12.266
1.551 12.334
1.553 12.381
1.554 12.372
1.555 12.409
1.556 12.411
1.557 12.314
1.558 12.249
1.560 12.248
1.561 12.257
1.562 12.194
1.563 12.158
1.564 12.160
1.566 12.234
1.567 12.203
1.568 12.121
1.569 11.933
1.570 12.057
1.572 11.964
1.573 11.987
1.574 12.115
1.575 12.107
1.576 12.123
1.577 12.033
1.579 11.975
1.580 11.956
1.581 11.942
1.582 11.890
1.583 11.950
1.585 11.889
1.586 11.987
1.587 12.025
1.588 11.967
1.589 11.902
1.590 11.917
1.592 11.942
1.593 11.894
1.594 11.850
1.595 11.744
1.596 11.864
1.598 11.953
1.599 11.915
1.600 11.809
1.601 11.879
1.602 11.838
1.603 11.743
1.605 11.772
1.606 11.967
1.607 12.008
1.608 11.853
1.609 11.791
1.611 11.800
1.612 11.907
1.613 11.762
1.614 11.736
1.615 11.648
1.616 11.637
1.618 11.657
1.619 11.669
1.620 11.635
1.621 11.715
1.622 11.653
1.624 11.653
1.625 11.653
1.626 11.669
1.627 11.668
1.628 11.618
1.630 11.617
1.631 11.548
1.632 11.536
1.633 11.518
1.634 11.680
1.635 11.647
1.637 11.564
1.638 11.484
1.639 11.521
1.640 11.460
1.641 11.406
1.643 11.399
1.644 11.267
1.645 11.351
1.646 11.431
1.647 11.425
1.648 11.443
1.650 11.343
1.651 11.371
1.652 11.382
1.653 11.295
1.654 11.227
1.656 11.217
1.657 11.250
1.658 11.303
1.659 11.406
1.660 11.298
1.661 11.302
1.663 11.216
1.664 11.270
1.665 11.366
1.666 11.213
1.667 11.311
1.669 11.269
1.670 11.326
1.671 11.407
1.672 11.374
1.673 11.265
1.675 11.244
1.676 11.184
1.677 11.206
1.678 11.292
1.679 11.292
1.680 11.197
1.682 11.307
1.683 11.237
1.684 11.220
1.685 11.139
1.686 11.162
1.688 11.106
1.689 11.150
1.690 11.078
1.691 11.091
1.692 11.091
1.693 11.143
1.695 11.141
1.696 11.078
1.697 11.204
1.698 11.223
1.699 11.167
1.701 11.065
1.702 11.046
1.703 10.954
1.704 10.957
1.705 11.070
1.706 11.053
1.708 11.093
1.709 11.078
1.710 10.993
1.711 10.943
1.712 10.991
1.714 10.982
1.715 10.898
1.716 10.869
1.717 10.887
1.718 10.948
1.720 10.917
1.721 10.887
1.722 10.900
1.723 11.009
1.724 11.066
1.725 11.046
1.727 10.994
1.728 10.895
1.729 10.861
1.730 10.793
1.731 10.859
1.733 10.846
1.734 10.874
1.735 10.814
1.736 10.710
1.737 10.814
1.738 10.782
1.740 10.762
1.741 10.797
1.742 10.809
1.743 10.833
1.744 10.862
1.746 10.831
1.747 10.839
1.748 10.824
1.749 10.787
1.750 10.850
1.751 10.804
1.753 10.779
1.754 10.765
1.755 10.742
1.756 10.708
1.757 10.678
1.759 10.740
1.760 10.749
1.761 10.698
1.762 10.744
1.763 10.731
1.764 10.797
1.766 10.689
1.767 10.665
1.768 10.562
1.769 10.694
1.770 10.700
1.772 10.610
1.773 10.645
1.774 10.574
1.775 10.660
1.776 10.635
1.778 10.531
1.779 10.544
1.780 10.619
1.781 10.683
1.782 10.628
1.783 10.674
1.785 10.683
1.786 10.582
1.787 10.564
1.788 10.526
1.789 10.587
1.791 10.522
1.792 10.563
1.793 10.536
1.794 10.494
1.795 10.461
1.796 10.552
1.798 10.631
1.799 10.572
1.800 10.415
1.801 10.390
1.802 10.494
1.804 10.419
1.805 10.380
1.806 10.369
1.807 10.419
1.808 10.447
1.809 10.444
1.811 10.515
1.812 10.453
1.813 10.482
1.814 10.401
1.815 10.418
1.817 10.392
1.818 10.441
1.819 10.402
1.820 10.362
1.821 10.328
1.823 10.374
1.824 10.362
1.825 10.433
1.826 10.396
1.827 10.437
1.828 10.321
1.830 10.258
1.831 10.197
1.832 10.201
1.833 10.231
1.834 10.224
1.836 10.234
1.837 10.269
1.838 10.167
1.839 10.221
1.840 10.112
1.841 10.140
1.843 10.099
1.844 10.014
1.845 10.089
1.846 10.022
1.847 10.073
1.849 10.116
1.850 10.016
1.851 10.056
1.852 10.156
1.853 10.116
1.854 10.068
1.856 10.112
1.857 10.125
1.858 10.204
1.859 10.118
1.860 10.029
1.862 10.088
1.863 10.061
1.864 10.058
1.865 10.052
1.866 10.016
1.868 10.014
1.869 9.918
1.870 9.888
1.871 9.992
1.872 10.103
1.873 10.021
1.875 9.942
1.876 10.050
1.877 9.922
1.878 9.963
1.879 9.991
1.881 9.989
1.882 9.864
1.883 9.896
1.884 9.940
1.885 9.884
1.886 9.795
1.888 9.896
1.889 9.874
1.890 9.891
1.891 9.902
1.892 9.930
1.894 9.944
1.895 9.912
1.896 9.873
1.897 9.811
1.898 9.797
1.899 9.872
1.901 9.866
1.902 9.738
1.903 9.724
1.904 9.776
1.905 9.850
1.907 9.733
1.908 9.745
1.909 9.736
1.910 9.673
1.911 9.708
1.912 9.692
1.914 9.704
1.915 9.729
1.916 9.741
1.917 9.756
1.918 9.621
1.920 9.604
1.921 9.607
1.922 9.649
1.923 9.671
1.924 9.627
1.926 9.612
1.927 9.695
1.928 9.714
1.929 9.683
1.930 9.784
1.931 9.696
1.933 9.710
1.934 9.624
1.935 9.698
1.936 9.747
1.937 9.712
1.939 9.700
1.940 9.633
1.941 9.623
1.942 9.487
1.943 9.526
1.944 9.542
1.946 9.481
1.947 9.577
1.948 9.518
1.949 9.580
1.950 9.518
1.952 9.527
1.953 9.554
1.954 9.560
1.955 9.467
1.956 9.467
1.957 9.675
1.959 9.569
1.960 9.519
1.961 9.466
1.962 9.460
1.963 9.368
1.965 9.345
1.966 9.418
1.967 9.477
1.968 9.525
1.969 9.533
1.971 9.531
1.972 9.399
1.973 9.469
1.974 9.505
1.975 9.516
1.976 9.569
1.978 9.540
1.979 9.438
1.980 9.386
1.981 9.440
1.982 9.395
1.984 9.356
1.985 9.360
1.986 9.386
1.987 9.335
1.988 9.294
1.989 9.242
1.991 9.282
1.992 9.263
1.993 9.290
1.994 9.325
1.995 9.329
1.997 9.274
1.998 9.268
1.999 9.262
2.000 9.283
2.001 9.289
2.002 9.317
2.004 9.280
2.005 9.122
2.006 9.163
2.007 9.142
2.008 9.171
2.010 9.192
2.011 9.143
2.012 9.110
2.013 9.217
2.014 9.149
2.016 9.115
2.017 9.016
2.018 9.162
2.019 9.210
2.020 9.209
2.021 9.184
2.023 9.156
2.024 9.092
2.025 9.072
2.026 8.988
2.027 9.026
2.029 9.029
2.030 9.058
2.031 9.070
2.032 9.041
2.033 9.123
2.034 9.068
2.036 9.088
2.037 9.150
2.038 9.162
2.039 9.133
2.040 9.087
2.042 9.168
2.043 9.191
2.044 9.163
2.045 9.020
2.046 8.979
2.047 8.907
2.049 8.899
2.050 8.919
2.051 8.989
2.052 9.049
2.053 9.046
2.055 8.961
2.056 8.943
2.057 8.955
2.058 8.963
2.059 8.910
2.060 8.985
2.062 8.942
2.063 8.869
2.064 8.862
2.065 8.905
2.066 8.893
2.068 8.906
2.069 8.890
2.070 8.854
2.071 8.912
2.072 8.935
2.074 8.967
2.075 9.011
2.076 9.031
2.077 8.939
2.078 8.887
2.079 8.896
2.081 8.749
2.082 8.747
2.083 8.816
2.084 8.856
2.085 8.866
2.087 8.866
2.088 8.830
2.089 8.796
2.090 8.776
2.091 8.855
2.092 8.928
2.094 8.914
2.095 8.865
2.096 8.879
2.097 8.870
2.098 8.927
2.100 8.842
2.101 8.697
2.102 8.747
2.103 8.704
2.104 8.689
2.105 8.767
2.107 8.790
2.108 8.694
2.109 8.783
2.110 8.787
2.111 8.761
2.113 8.731
2.114 8.608
2.115 8.640
2.116 8.745
2.117 8.674
2.119 8.707
2.120 8.622
2.121 8.563
2.122 8.527
2.123 8.455
2.124 8.543
2.126 8.579
2.127 8.747
2.128 8.713
2.129 8.684
2.130 8.611
2.132 8.593
2.133 8.556
2.134 8.651
2.135 8.709
2.136 8.701
2.137 8.679
2.139 8.651
2.140 8.611
2.141 8.616
2.142 8.578
2.143 8.595
2.145 8.648
2.146 8.710
2.147 8.660
2.148 8.590
2.149 8.551
2.150 8.641
2.152 8.676
2.153 8.677
2.154 8.702
2.155 8.681
2.156 8.709
2.158 8.761
2.159 8.664
2.160 8.593
2.161 8.556
2.162 8.588
2.164 8.532
2.165 8.517
2.166 8.442
2.167 8.532
2.168 8.540
2.169 8.543
2.171 8.501
2.172 8.360
2.173 8.440
2.174 8.630
2.175 8.503
2.177 8.506
2.178 8.504
2.179 8.534
2.180 8.462
2.181 8.466
2.182 8.511
2.184 8.510
2.185 8.455
2.186 8.397
2.187 8.415
2.188 8.442
2.190 8.367
2.191 8.338
2.192 8.211
2.193 8.194
2.194 8.259
2.195 8.271
2.197 8.311
2.198 8.429
2.199 8.425
2.200 8.443
2.201 8.299
2.203 8.322
2.204 8.326
2.205 8.385
2.206 8.376
2.207 8.379
2.208 8.490
2.210 8.471
2.211 8.361
2.212 8.357
2.213 8.362
2.214 8.412
2.216 8.422
2.217 8.404
2.218 8.386
2.219 8.332
2.220 8.343
2.222 8.348
2.223 8.329
2.224 8.289
2.225 8.309
2.226 8.390
2.227 8.395
2.229 8.285
2.230 8.305
2.231 8.231
2.232 8.242
2.233 8.239
2.235 8.218
2.236 8.270
2.237 8.237
2.238 8.202
2.239 8.196
2.240 8.222
2.242 8.250
2.243 8.213
2.244 8.175
2.245 8.218
2.246 8.205
2.248 8.239
2.249 8.218
2.250 8.189
2.251 8.236
2.252 8.201
2.253 8.172
2.255 8.169
2.256 8.099
2.257 8.145
2.258 8.102
2.259 8.048
2.261 8.156
2.262 8.145
2.263 8.237
2.264 8.137
2.265 8.167
2.267 8.151
2.268 8.089
2.269 8.120
2.270 8.079
2.271 8.018
2.272 8.121
2.274 8.132
2.275 8.250
2.276 8.278
2.277 8.203
2.278 8.116
2.280 8.159
2.281 8.109
2.282 8.130
2.283 8.137
2.284 8.162
2.285 8.207
2.287 8.098
2.288 8.121
2.289 8.096
2.290 8.033
2.291 8.095
2.293 8.102
2.294 8.123
2.295 8.084
2.296 7.944
2.297 8.014
2.298 8.119
2.300 8.091
2.301 8.129
2.302 8.282
2.303 8.260
2.304 8.214
2.306 8.213
2.307 8.292
2.308 8.184
2.309 8.136
2.310 8.052
2.312 8.052
2.313 8.160
2.314 8.254
2.315 8.201
2.316 8.169
2.317 8.117
2.319 8.183
2.320 8.127
2.321 8.052
2.322 8.060
2.323 8.140
2.325 8.149
2.326 8.088
2.327 7.985
2.328 8.087
2.329 8.044
2.330 8.052
2.332 8.096
2.333 8.076
2.334 8.075
2.335 8.141
2.336 8.195
2.338 8.118
2.339 8.010
2.340 8.081
2.341 8.065
2.342 8.082
2.343 8.124
2.345 8.060
2.346 8.105
2.347 8.100
2.348 8.014
2.349 8.034
2.351 7.975
2.352 8.075
2.353 8.165
2.354 8.107
2.355 8.079
2.356 8.044
2.358 8.045
2.359 8.107
2.360 8.166
2.361 8.126
2.362 7.971
2.364 7.895
2.365 7.929
2.366 7.942
2.367 8.039
2.368 8.059
2.370 7.990
2.371 7.983
2.372 7.969
2.373 7.967
2.374 7.914
2.375 7.930
2.377 7.996
2.378 7.964
2.379 7.982
2.380 7.987
2.381 8.035
2.383 8.064
2.384 7.999
2.385 8.109
2.386 8.042
2.387 8.035
2.388 7.986
2.390 7.925
2.391 7.944
2.392 7.957
2.393 7.952
2.394 7.891
2.396 7.943
2.397 7.993
2.398 7.915
2.399 7.917
2.400 7.928
2.401 7.958
2.403 7.996
2.404 7.938
2.405 8.016
2.406 8.108
2.407 8.072
2.409 8.102
2.410 8.132
2.411 8.072
2.412 7.970
2.413 7.928
2.415 7.872
2.416 7.862
2.417 7.874
2.418 7.953
2.419 8.000
2.420 7.986
2.422 7.887
2.423 7.943
2.424 7.973
2.425 7.884
2.426 7.912
2.428 7.951
2.429 8.007
2.430 7.949
2.431 7.963
2.432 7.972
2.433 7.971
2.435 8.011
2.436 8.016
2.437 7.988
2.438 7.970
2.439 7.954
2.441 7.931
2.442 7.871
2.443 7.928
2.444 7.926
2.445 7.870
2.446 7.922
2.448 7.990
2.449 8.005
2.450 8.007
2.451 8.042
2.452 7.969
2.454 7.919
2.455 7.843
2.456 7.796
2.457 7.807
2.458 7.719
2.460 7.746
2.461 7.681
2.462 7.684
2.463 7.900
2.464 7.935
2.465 7.881
2.467 7.803
2.468 7.892
2.469 7.809
2.470 7.846
2.471 7.879
2.473 7.871
2.474 7.893
2.475 7.945
2.476 7.904
2.477 7.928
2.478 7.949
2.480 7.949
2.481 7.905
2.482 7.879
2.483 7.875
2.484 7.822
2.486 7.730
2.487 7.837
2.488 7.944
2.489 8.010
2.490 7.957
2.491 7.994
2.493 7.927
2.494 7.943
2.495 7.943
2.496 8.044
2.497 7.923
2.499 7.879
2.500 7.868
2.501 7.907
2.502 7.967
2.503 7.988
2.504 8.012
2.506 8.010
2.507 7.935
2.508 8.034
2.509 7.987
2.510 7.899
2.512 7.870
2.513 7.881
2.514 7.866
2.515 7.948
2.516 7.917
2.518 7.991
2.519 7.895
2.520 7.955
2.521 7.882
2.522 7.890
2.523 7.957
2.525 7.999
2.526 7.941
2.527 7.899
2.528 7.873
2.529 8.002
2.531 7.904
2.532 7.861
2.533 7.945
2.534 7.980
2.535 7.830
2.536 8.027
2.538 7.870
2.539 7.916
2.540 7.965
2.541 7.985
2.542 7.931
2.544 7.951
2.545 7.882
2.546 7.923
2.547 7.972
2.548 7.999
2.549 7.985
2.551 7.982
2.552 7.896
2.553 7.864
2.554 7.837
2.555 7.793
2.557 7.830
2.558 7.802
2.559 7.795
2.560 7.835
2.561 7.875
2.563 7.891
2.564 7.984
2.565 7.966
2.566 8.093
2.567 7.981
2.568 7.883
2.570 7.904
2.571 7.941
2.572 7.962
2.573 7.924
2.574 7.925
2.576 7.873
2.577 7.866
2.578 7.937
2.579 7.933
2.580 7.835
2.581 7.868
2.583 7.935
2.584 7.952
2.585 7.892
2.586 7.859
2.587 7.832
2.589 7.877
2.590 7.840
2.591 7.842
2.592 7.796
2.593 7.865
2.594 7.835
2.596 7.779
2.597 7.756
2.598 7.867
2.599 7.839
2.600 7.826
2.602 7.847
2.603 7.831
2.604 7.890
2.605 7.930
2.606 7.919
2.608 7.846
2.609 7.930
2.610 7.910
2.611 7.891
2.612 7.889
2.613 7.848
2.615 7.850
2.616 7.810
2.617 7.820
2.618 7.801
2.619 7.746
2.621 7.809
2.622 7.836
2.623 7.808
2.624 7.820
2.625 7.903
2.626 7.856
2.628 7.996
2.629 8.058
2.630 7.936
2.631 8.000
2.632 8.064
2.634 8.123
2.635 8.107
2.636 7.995
2.637 7.845
2.638 7.933
2.639 7.991
2.641 8.048
2.642 8.077
2.643 8.067
2.644 8.010
2.645 8.027
2.647 7.997
2.648 7.961
2.649 7.981
2.650 7.876
2.651 7.835
2.652 7.922
2.654 7.808
2.655 7.857
2.656 7.955
2.657 7.948
2.658 7.975
2.660 8.015
2.661 7.974
2.662 7.935
2.663 7.935
2.664 7.974
2.666 8.004
2.667 8.044
2.668 8.006
2.669 7.991
2.670 8.039
2.671 8.017
2.673 8.002
2.674 8.058
2.675 8.109
2.676 8.213
2.677 8.196
2.679 8.161
2.680 8.176
2.681 8.200
2.682 8.202
2.683 8.101
2.684 8.080
2.686 8.173
2.687 8.216
2.688 8.184
2.689 8.077
2.690 8.042
2.692 8.069
2.693 7.998
2.694 8.026
2.695 8.122
2.696 8.102
2.697 8.084
2.699 8.144
2.700 8.094
2.701 8.082
2.702 8.070
2.703 8.064
2.705 8.052
2.706 8.118
2.707 8.038
2.708 8.073
2.709 8.136
2.711 8.100
2.712 8.168
2.713 8.217
2.714 8.257
2.715 8.148
2.716 8.105
2.718 8.017
2.719 8.137
2.720 8.086
2.721 8.002
2.722 8.034
2.724 8.184
2.725 7.905
2.726 7.938
2.727 8.075
2.728 8.085
2.729 8.082
2.731 8.093
2.732 8.024
2.733 8.014
2.734 7.984
2.735 8.003
2.737 7.959
2.738 7.957
2.739 7.937
2.740 7.965
2.741 7.862
2.742 7.866
2.744 7.882
2.745 7.813
2.746 7.819
2.747 7.850
2.748 7.890
2.750 7.876
2.751 7.791
2.752 7.768
2.753 7.851
2.754 7.836
2.756 7.836
2.757 7.778
2.758 7.792
2.759 7.866
2.760 7.879
2.761 7.869
2.763 7.792
2.764 7.780
2.765 7.853
2.766 7.668
2.767 7.706
2.769 7.702
2.770 7.689
2.771 7.647
2.772 7.612
2.773 7.683
2.774 7.770
2.776 7.842
2.777 7.856
2.778 7.819
2.779 7.738
2.780 7.754
2.782 7.755
2.783 7.821
2.784 7.811
2.785 7.812
2.786 7.871
2.787 7.830
2.789 7.833
2.790 7.965
2.791 7.908
2.792 7.805
2.793 7.663
2.795 7.674
2.796 7.707
2.797 7.738
2.798 7.850
2.799 7.871
2.800 7.806
2.802 7.846
2.803 7.827
2.804 7.866
2.805 7.847
2.806 7.808
2.808 7.797
2.809 7.860
2.810 7.865
2.811 7.873
2.812 7.907
2.814 7.815
2.815 7.773
2.816 7.861
2.817 7.767
2.818 7.918
2.819 7.848
2.821 7.862
2.822 7.945
2.823 7.912
2.824 7.897
2.825 7.869
2.827 7.826
2.828 7.838
2.829 7.794
2.830 7.810
2.831 7.855
2.832 7.868
2.834 7.774
2.835 7.891
2.836 7.882
2.837 7.901
2.838 8.004
2.840 8.055
2.841 7.991
2.842 7.846
2.843 7.861
2.844 7.936
2.845 7.906
2.847 7.990
2.848 7.937
2.849 7.972
2.850 8.138
2.851 8.109
2.853 8.098
2.854 8.052
2.855 8.012
2.856 7.883
2.857 7.854
2.859 7.832
2.860 7.738
2.861 7.877
2.862 7.768
2.863 7.814
2.864 7.921
2.866 7.955
2.867 7.953
2.868 7.896
2.869 7.894
2.870 7.991
2.872 7.938
2.873 7.868
2.874 7.784
2.875 7.941
2.876 7.912
2.877 7.822
2.879 7.830
2.880 7.923
2.881 7.907
2.882 7.853
2.883 7.876
2.885 7.991
2.886 7.902
2.887 7.715
2.888 7.609
2.889 7.667
2.890 7.694
2.892 7.811
2.893 7.882
2.894 7.790
2.895 7.811
2.896 7.824
2.898 7.914
2.899 7.879
2.900 7..901
2.901 7.969
2.902 7.947
2.904 7.825
2.905 7.837
2.906 7.921
2.907 7.902
2.908 7.814
2.909 7.847
2.911 7.949
2.912 8.051
2.913 8.036
2.914 7.967
2.915 8.017
2.917 8.193
2.918 8.171
2.919 8.192
2.920 8.103
2.921 8.008
2.922 8.151
2.924 8.126
2.925 8.147
2.926 8.015
2.927 8.019
2.928 8.071
2.930 8.059
2.931 8.136
2.932 8.039
2.933 8.082
2.934 8.029
2.935 7.946
2.937 7.823
2.938 7.802
2.939 7.779
2.940 7.775
2.941 7.777
2.943 7.916
2.944 7.798
2.945 7.804
2.946 7.901
2.947 7.943
2.948 7.972
2.950 8.019
2.951 8.038
2.952 8.017
2.953 8.090
2.954 7.955
2.956 7.936
2.957 7.982
2.958 7.928
2.959 7.877
2.960 7.920
2.962 7.836
2.963 7.832
2.964 7.852
2.965 7.767
2.966 7.882
2.967 7.860
2.969 7.846
2.970 7.780
2.971 7.715
2.972 7.675
2.973 7.597
2.975 7.543
2.976 7.534
2.977 7.670
2.978 7.564
2.979 7.524
2.980 7.431
2.982 7.540
2.983 7.649
2.984 7.635
2.985 7.474
2.986 7.793
2.988 7.753
2.989 7.670
2.990 7.720
2.991 7.727
2.992 7.801
2.993 7.845
2.995 7.794
2.996 7.605
2.997 7.829
2.998 7.773
2.999 7.814
