0.058 495.700
0.060 493.083
0.061 484.679
0.062 487.900
0.063 487.588
0.064 489.593
0.065 483.526
0.067 475.973
0.068 475.266
0.069 469.681
0.070 468.776
0.071 462.248
0.073 459.878
0.074 459.000
0.075 454.377
0.076 448.600
0.077 440.911
0.078 439.403
0.080 434.933
0.081 432.886
0.082 429.377
0.083 426.466
0.084 419.388
0.086 416.274
0.087 413.944
0.088 408.361
0.089 404.894
0.090 401.595
0.092 398.782
0.093 393.177
0.094 387.486
0.095 385.235
0.096 382.270
0.097 378.227
0.099 374.089
0.100 365.866
0.101 358.924
0.102 356.041
0.103 351.330
0.105 347.770
0.106 342.560
0.107 337.300
0.108 333.973
0.109 329.328
0.110 324.461
0.112 318.753
0.113 316.353
0.114 312.232
0.115 307.328
0.116 302.967
0.118 298.856
0.119 294.247
0.120 287.880
0.121 284.284
0.122 281.327
0.123 276.082
0.125 270.925
0.126 265.294
0.127 261.083
0.128 257.878
0.129 253.698
0.131 248.819
0.132 245.657
0.133 241.619
0.134 236.626
0.135 232.388
0.136 227.558
0.138 223.150
0.139 220.274
0.140 216.787
0.141 211.843
0.142 209.742
0.144 205.904
0.145 199.430
0.146 196.010
0.147 191.736
0.148 188.183
0.150 184.243
0.151 180.193
0.152 175.970
0.153 172.774
0.154 170.228
0.155 166.321
0.157 162.295
0.158 158.709
0.159 154.669
0.160 152.213
0.161 148.769
0.163 145.180
0.164 142.034
0.165 138.947
0.166 135.340
0.167 132.252
0.168 129.086
0.170 126.781
0.171 123.044
0.172 119.609
0.173 116.984
0.174 114.374
0.176 112.277
0.177 109.267
0.178 106.899
0.179 103.035
0.180 100.382
0.181 97.470
0.183 95.329
0.184 93.072
0.185 90.543
0.186 88.656
0.187 86.506
0.189 83.642
0.190 81.096
0.191 79.269
0.192 77.446
0.193 75.208
0.195 72.399
0.196 70.394
0.197 68.959
0.198 66.284
0.199 64.122
0.200 62.173
0.202 60.426
0.203 58.854
0.204 56.609
0.205 54.861
0.206 53.604
0.208 52.539
0.209 50.698
0.210 49.458
0.211 48.378
0.212 46.844
0.213 45.223
0.215 43.450
0.216 42.503
0.217 41.128
0.218 39.787
0.219 38.721
0.221 37.216
0.222 36.299
0.223 35.230
0.224 34.458
0.225 33.432
0.226 32.299
0.228 30.974
0.229 30.032
0.230 29.470
0.231 28.712
0.232 27.849
0.234 27.183
0.235 26.235
0.236 25.345
0.237 24.829
0.238 23.906
0.240 23.011
0.241 22.303
0.242 21.398
0.243 21.141
0.244 20.297
0.245 19.957
0.247 19.468
0.248 18.666
0.249 18.296
0.250 17.859
0.251 17.515
0.253 16.958
0.254 16.649
0.255 16.176
0.256 15.766
0.257 15.704
0.258 15.239
0.260 15.027
0.261 14.650
0.262 14.407
0.263 14.175
0.264 13.691
0.266 13.261
0.267 13.152
0.268 12.877
0.269 12.867
0.270 12.518
0.271 12.217
0.273 12.024
0.274 11.953
0.275 11.792
0.276 11.648
0.277 11.789
0.279 11.590
0.280 11.606
0.281 11.395
0.282 11.234
0.283 11.352
0.284 11.343
0.286 11.468
0.287 11.370
0.288 11.397
0.289 11.195
0.290 11.225
0.292 11.069
0.293 11.180
0.294 11.332
0.295 11.079
0.296 10.803
0.298 10.931
0.299 11.102
0.300 10.967
0.301 10.955
0.302 11.107
0.303 11.180
0.305 11.189
0.306 11.222
0.307 11.286
0.308 11.346
0.309 11.423
0.311 11.381
0.312 11.530
0.313 11.508
0.314 11.430
0.315 11.619
0.316 11.565
0.318 11.579
0.319 11.689
0.320 11.937
0.321 11.880
0.322 11.919
0.324 11.942
0.325 12.012
0.326 12.145
0.327 12.246
0.328 12.180
0.329 12.271
0.331 12.206
0.332 12.274
0.333 12.352
0.334 12.405
0.335 12.429
0.337 12.464
0.338 12.378
0.339 12.484
0.340 12.692
0.341 12.726
0.343 12.820
0.344 12.810
0.345 12.744
0.346 12.747
0.347 12.714
0.348 12.843
0.350 12.755
0.351 12.769
0.352 12.854
0.353 12.785
0.354 12.926
0.356 12.849
0.357 12.837
0.358 12.842
0.359 12.978
0.360 12.871
0.361 12.877
0.363 12.775
0.364 12.821
0.365 12.783
0.366 12.726
0.367 12.726
0.369 12.734
0.370 12.583
0.371 12.700
0.372 12.756
0.373 12.838
0.374 12.627
0.376 12.745
0.377 12.640
0.378 12.692
0.379 12.789
0.380 12.514
0.382 12.645
0.383 12.642
0.384 12.537
0.385 12.771
0.386 12.715
0.388 12.825
0.389 12.484
0.390 12.436
0.391 12.241
0.392 12.145
0.393 12.332
0.395 12.261
0.396 12.201
0.397 12.289
0.398 12.183
0.399 11.981
0.401 11.842
0.402 11.874
0.403 11.869
0.404 11.838
0.405 11.930
0.406 11.950
0.408 11.862
0.409 11.701
0.410 11.495
0.411 11.544
0.412 11.415
0.414 11.250
0.415 11.263
0.416 11.171
0.417 11.039
0.418 11.189
0.419 11.204
0.421 11.167
0.422 11.182
0.423 11.218
0.424 11.105
0.425 11.087
0.427 11.014
0.428 10.946
0.429 10.954
0.430 10.796
0.431 10.767
0.432 10.881
0.434 10.788
0.435 10.863
0.436 10.758
0.437 10.648
0.438 10.451
0.440 10.632
0.441 10.667
0.442 10.509
0.443 10.434
0.444 10.268
0.446 10.315
0.447 10.226
0.448 10.194
0.449 10.126
0.450 10.233
0.451 10.185
0.453 10.279
0.454 10.168
0.455 10.104
0.456 9.961
0.457 9.838
0.459 9.753
0.460 9.779
0.461 9.897
0.462 9.739
0.463 9.822
0.464 9.952
0.466 9.903
0.467 9.812
0.468 9.803
0.469 9.769
0.470 9.718
0.472 9.683
0.473 9.570
0.474 9.587
0.475 9.646
0.476 9.474
0.477 9.525
0.479 9.743
0.480 9.743
0.481 9.710
0.482 9.690
0.483 9.613
0.485 9.587
0.486 9.690
0.487 9.730
0.488 9.585
0.489 9.609
0.491 9.531
0.492 9.519
0.493 9.542
0.494 9.532
0.495 9.534
0.496 9.520
0.498 9.551
0.499 9.640
0.500 9.586
0.501 9.691
0.502 9.498
0.504 9.532
0.505 9.468
0.506 9.352
0.507 9.469
0.508 9.446
0.509 9.346
0.511 9.350
0.512 9.437
0.513 9.378
0.514 9.408
0.515 9.552
0.517 9.702
0.518 9.503
0.519 9.555
0.520 9.414
0.521 9.376
0.522 9.515
0.524 9.470
0.525 9.567
0.526 9.674
0.527 9.743
0.528 9.630
0.530 9.681
0.531 9.723
0.532 9.611
0.533 9.561
0.534 9.574
0.536 9.599
0.537 9.630
0.538 9.734
0.539 9.705
0.540 9.653
0.541 9.700
0.543 9.603
0.544 9.596
0.545 9.544
0.546 9.692
0.547 9.713
0.549 9.693
0.550 9.597
0.551 9.613
0.552 9.668
0.553 9.611
0.554 9.658
0.556 9.650
0.557 9.696
0.558 9.632
0.559 9.576
0.560 9.538
0.562 9.521
0.563 9.561
0.564 9.652
0.565 9.584
0.566 9.624
0.567 9.604
0.569 9.640
0.570 9.664
0.571 9.679
0.572 9.590
0.573 9.632
0.575 9.652
0.576 9.767
0.577 9.635
0.578 9.606
0.579 9.607
0.580 9.614
0.582 9.590
0.583 9.591
0.584 9.543
0.585 9.578
0.586 9.559
0.588 9.499
0.589 9.599
0.590 9.709
0.591 9.667
0.592 9.675
0.594 9.740
0.595 9.892
0.596 9.764
0.597 9.698
0.598 9.588
0.599 9.612
0.601 9.695
0.602 9.723
0.603 9.839
0.604 9.822
0.605 9.768
0.607 9.644
0.608 9.717
0.609 9.746
0.610 9.683
0.611 9.733
0.612 9.776
0.614 9.693
0.615 9.744
0.616 9.719
0.617 9.749
0.618 9.697
0.620 9.664
0.621 9.669
0.622 9.545
0.623 9.680
0.624 9.697
0.625 9.772
0.627 9.692
0.628 9.576
0.629 9.580
0.630 9.650
0.631 9.674
0.633 9.711
0.634 9.646
0.635 9.519
0.636 9.401
0.637 9.381
0.639 9.559
0.640 9.559
0.641 9.505
0.642 9.550
0.643 9.668
0.644 9.598
0.646 9.741
0.647 9.727
0.648 9.695
0.649 9.551
0.650 9.582
0.652 9.537
0.653 9.747
0.654 9.582
0.655 9.476
0.656 9.496
0.657 9.592
0.659 9.629
0.660 9.755
0.661 9.830
0.662 9.679
0.663 9.760
0.665 9.665
0.666 9.571
0.667 9.600
0.668 9.655
0.669 9.683
0.670 9.634
0.672 9.592
0.673 9.507
0.674 9.649
0.675 9.645
0.676 9.664
0.678 9.761
0.679 9.707
0.680 9.638
0.681 9.759
0.682 9.712
0.684 9.708
0.685 9.704
0.686 9.793
0.687 9.761
0.688 9.749
0.689 9.789
0.691 9.784
0.692 9.929
0.693 9.797
0.694 9.769
0.695 9.780
0.697 9.759
0.698 9.730
0.699 9.717
0.700 9.682
0.701 9.814
0.702 9.786
0.704 9.824
0.705 9.869
0.706 9.792
0.707 9.841
0.708 9.853
0.710 9.788
0.711 9.780
0.712 9.782
0.713 9.734
0.714 9.869
0.715 9.927
0.717 9.965
0.718 9.969
0.719 9.859
0.720 9.772
0.721 9.722
0.723 9.639
0.724 9.709
0.725 9.768
0.726 9.885
0.727 9.888
0.728 9.757
0.730 9.757
0.731 9.730
0.732 9.921
0.733 9.727
0.734 9.733
0.736 9.728
0.737 9.856
0.738 9.776
0.739 9.766
0.740 9.833
0.742 9.847
0.743 9.874
0.744 9.883
0.745 9.963
0.746 10.022
0.747 9.991
0.749 9.953
0.750 9.956
0.751 10.054
0.752 10.039
0.753 10.005
0.755 10.051
0.756 10.101
0.757 10.088
0.758 10.123
0.759 10.084
0.760 10.123
0.762 10.065
0.763 10.033
0.764 10.023
0.765 10.069
0.766 10.064
0.768 10.120
0.769 10.092
0.770 10.025
0.771 10.120
0.772 10.210
0.773 10.169
0.775 10.121
0.776 10.119
0.777 10.116
0.778 10.158
0.779 10.183
0.781 10.192
0.782 10.241
0.783 10.372
0.784 10.299
0.785 10.274
0.787 10.223
0.788 10.367
0.789 10.406
0.790 10.327
0.791 10.160
0.792 10.242
0.794 10.298
0.795 10.224
0.796 10.099
0.797 10.112
0.798 10.213
0.800 10.203
0.801 10.199
0.802 10.174
0.803 10.240
0.804 10.260
0.805 10.307
0.807 10.366
0.808 10.408
0.809 10.375
0.810 10.383
0.811 10.421
0.813 10.318
0.814 10.287
0.815 10.379
0.816 10.433
0.817 10.405
0.818 10.349
0.820 10.392
0.821 10.425
0.822 10.431
0.823 10.356
0.824 10.397
0.826 10.400
0.827 10.439
0.828 10.451
0.829 10.364
0.830 10.428
0.832 10.422
0.833 10.433
0.834 10.474
0.835 10.464
0.836 10.457
0.837 10.470
0.839 10.566
0.840 10.615
0.841 10.714
0.842 10.599
0.843 10.435
0.845 10.537
0.846 10.611
0.847 10.662
0.848 10.634
0.849 10.682
0.850 10.788
0.852 10.745
0.853 10.707
0.854 10.700
0.855 10.765
0.856 10.651
0.858 10.712
0.859 10.794
0.860 10.879
0.861 10.891
0.862 10.951
0.863 10.928
0.865 10.857
0.866 10.927
0.867 11.009
0.868 10.824
0.869 10.920
0.871 10.942
0.872 10.930
0.873 10.944
0.874 10.786
0.875 10.874
0.876 10.920
0.878 11.004
0.879 11.113
0.880 11.093
0.881 11.087
0.882 11.017
0.884 11.050
0.885 11.012
0.886 11.077
0.887 11.112
0.888 11.195
0.890 11.249
0.891 11.138
0.892 11.151
0.893 11.207
0.894 11.105
0.895 11.081
0.897 11.149
0.898 11.153
0.899 11.246
0.900 11.161
0.901 11.175
0.903 11.102
0.904 11.173
0.905 11.155
0.906 11.236
0.907 11.355
0.908 11.386
0.910 11.438
0.911 11.542
0.912 11.447
0.913 11.506
0.914 11.482
0.916 11.579
0.917 11.414
0.918 11.501
0.919 11.617
0.920 11.490
0.921 11.450
0.923 11.467
0.924 11.478
0.925 11.638
0.926 11.624
0.927 11.535
0.929 11.480
0.930 11.544
0.931 11.666
0.932 11.611
0.933 11.597
0.935 11.678
0.936 11.701
0.937 11.644
0.938 11.805
0.939 11.803
0.940 11.770
0.942 11.727
0.943 11.812
0.944 11.798
0.945 11.807
0.946 11.955
0.948 11.998
0.949 11.999
0.950 11.983
0.951 12.112
0.952 12.063
0.953 11.999
0.955 11.930
0.956 12.021
0.957 12.026
0.958 12.002
0.959 12.057
0.961 12.125
0.962 12.202
0.963 12.117
0.964 12.222
0.965 12.238
0.966 12.156
0.968 12.268
0.969 12.425
0.970 12.229
0.971 12.250
0.972 12.210
0.974 12.238
0.975 12.261
0.976 12.381
0.977 12.459
0.978 12.571
0.980 12.572
0.981 12.608
0.982 12.787
0.983 12.682
0.984 12.733
0.985 12.777
0.987 12.695
0.988 12.641
0.989 12.620
0.990 12.599
0.991 12.716
0.993 12.881
0.994 12.892
0.995 12.901
0.996 12.849
0.997 12.937
0.998 13.035
1.000 12.964
1.001 12.832
1.002 12.930
1.003 12.963
1.004 13.014
1.006 13.157
1.007 13.278
1.008 13.277
1.009 13.383
1.010 13.312
1.011 13.222
1.013 13.153
1.014 13.228
1.015 13.158
1.016 13.249
1.017 13.327
1.019 13.439
1.020 13.509
1.021 13.619
1.022 13.309
1.023 13.301
1.024 13.489
1.026 13.601
1.027 13.460
1.028 13.418
1.029 13.396
1.030 13.565
1.032 13.709
1.033 13.752
1.034 13.714
1.035 13.837
1.036 13.917
1.038 13.923
1.039 14.087
1.040 13.883
1.041 13.934
1.042 13.972
1.043 14.086
1.045 14.118
1.046 14.041
1.047 13.903
1.048 13.886
1.049 13.997
1.051 14.103
1.052 14.101
1.053 14.047
1.054 14.060
1.055 14.114
1.056 14.204
1.058 14.324
1.059 14.469
1.060 14.510
1.061 14.489
1.062 14.451
1.064 14.373
1.065 14.532
1.066 14.433
1.067 14.377
1.068 14.327
1.069 14.329
1.071 14.421
1.072 14.365
1.073 14.492
1.074 14.543
1.075 14.704
1.077 14.662
1.078 14.758
1.079 14.902
1.080 15.095
1.081 14.897
1.083 14.844
1.084 14.966
1.085 14.970
1.086 15.169
1.087 14.957
1.088 15.112
1.090 15.178
1.091 15.248
1.092 15.269
1.093 15.115
1.094 15.178
1.096 15.342
1.097 15.363
1.098 15.462
1.099 15.309
1.100 15.319
1.101 15.284
1.103 15.480
1.104 15.592
1.105 15.513
1.106 15.514
1.107 15.406
1.109 15.382
1.110 15.490
1.111 15.614
1.112 15.785
1.113 15.714
1.114 15.739
1.116 15.721
1.117 15.881
1.118 15.804
1.119 15.621
1.120 15.751
1.122 15.918
1.123 15.827
1.124 16.207
1.125 16.324
1.126 16.175
1.128 16.056
1.129 16.110
1.130 16.013
1.131 16.039
1.132 16.179
1.133 16.355
1.135 16.374
1.136 16.529
1.137 16.506
1.138 16.482
1.139 16.423
1.141 16.341
1.142 16.498
1.143 16.519
1.144 16.461
1.145 16.639
1.146 16.677
1.148 16.759
1.149 16.742
1.150 16.846
1.151 16.885
1.152 16.830
1.154 16.648
1.155 16.780
1.156 16.911
1.157 16.883
1.158 16.911
1.159 16.909
1.161 16.877
1.162 16.869
1.163 16.821
1.164 17.012
1.165 16.915
1.167 17.063
1.168 17.199
1.169 17.165
1.170 17.174
1.171 17.128
1.172 17.095
1.174 17.211
1.175 17.318
1.176 17.424
1.177 17.464
1.178 17.579
1.180 17.365
1.181 17.184
1.182 17.255
1.183 17.319
1.184 17.413
1.186 17.547
1.187 17.618
1.188 17.503
1.189 17.468
1.190 17.255
1.191 17.212
1.193 17.248
1.194 17.437
1.195 17.397
1.196 17.533
1.197 17.665
1.199 17.640
1.200 17.507
1.201 17.519
1.202 17.601
1.203 17.623
1.204 17.768
1.206 17.764
1.207 18.040
1.208 17.997
1.209 17.928
1.210 18.008
1.212 18.100
1.213 18.047
1.214 18.001
1.215 18.042
1.216 18.115
1.217 18.241
1.219 18.159
1.220 17.918
1.221 17.980
1.222 18.086
1.223 17.917
1.225 18.108
1.226 18.133
1.227 18.144
1.228 18.070
1.229 18.101
1.231 18.249
1.232 18.288
1.233 18.199
1.234 18.043
1.235 18.128
1.236 18.303
1.238 18.247
1.239 18.308
1.240 18.372
1.241 18.456
1.242 18.511
1.244 18.389
1.245 18.189
1.246 18.239
1.247 18.322
1.248 18.298
1.249 18.298
1.251 18.407
1.252 18.441
1.253 18.444
1.254 18.503
1.255 18.362
1.257 18.390
1.258 18.200
1.259 18.111
1.260 18.212
1.261 18.350
1.262 18.481
1.264 18.433
1.265 18.416
1.266 18.355
1.267 18.510
1.268 18.362
1.270 18.364
1.271 18.374
1.272 18.474
1.273 18.438
1.274 18.188
1.276 18.261
1.277 18.336
1.278 18.391
1.279 18.526
1.280 18.583
1.281 18.428
1.283 18.212
1.284 18.268
1.285 18.251
1.286 18.247
1.287 18.228
1.289 18.193
1.290 18.218
1.291 18.449
1.292 18.455
1.293 18.521
1.294 18.577
1.296 18.438
1.297 18.194
1.298 18.128
1.299 18.097
1.300 18.174
1.302 18.307
1.303 18.296
1.304 18.159
1.305 18.208
1.306 18.245
1.307 18.116
1.309 18.168
1.310 18.033
1.311 18.007
1.312 17.997
1.313 18.128
1.315 18.024
1.316 18.026
1.317 18.123
1.318 18.136
1.319 18.380
1.320 18.162
1.322 18.107
1.323 17.900
1.324 17.937
1.325 18.032
1.326 18.142
1.328 18.015
1.329 17.822
1.330 17.795
1.331 17.807
1.332 17.800
1.334 17.774
1.335 17.783
1.336 17.786
1.337 17.703
1.338 17.654
1.339 17.862
1.341 17.921
1.342 17.875
1.343 17.748
1.344 17.607
1.345 17.549
1.347 17.767
1.348 17.636
1.349 17.675
1.350 17.933
1.351 17.682
1.352 17.502
1.354 17.586
1.355 17.658
1.356 17.660
1.357 17.371
1.358 17.326
1.360 17.443
1.361 17.432
1.362 17.363
1.363 17.441
1.364 17.450
1.365 17.424
1.367 17.301
1.368 17.270
1.369 17.298
1.370 17.322
1.371 17.159
1.373 17.124
1.374 17.084
1.375 17.054
1.376 17.153
1.377 17.098
1.379 17.065
1.380 17.053
1.381 16.966
1.382 16.908
1.383 16.930
1.384 17.055
1.386 16.939
1.387 16.984
1.388 16.838
1.389 16.611
1.390 16.578
1.392 16.612
1.393 16.501
1.394 16.580
1.395 16.720
1.396 16.665
1.397 16.690
1.399 16.850
1.400 16.686
1.401 16.533
1.402 16.538
1.403 16.569
1.405 16.322
1.406 16.369
1.407 16.363
1.408 16.384
1.409 16.405
1.410 16.423
1.412 16.480
1.413 16.513
1.414 16.415
1.415 16.182
1.416 16.217
1.418 16.339
1.419 16.206
1.420 16.262
1.421 16.144
1.422 16.018
1.424 16.033
1.425 16.156
1.426 16.197
1.427 16.268
1.428 16.266
1.429 16.275
1.431 16.143
1.432 16.092
1.433 15.898
1.434 15.840
1.435 15.920
1.437 16.120
1.438 16.103
1.439 16.180
1.440 16.149
1.441 16.045
1.442 15.960
1.444 15.700
1.445 15.616
1.446 15.603
1.447 15.587
1.448 15.356
1.450 15.499
1.451 15.412
1.452 15.426
1.453 15.609
1.454 15.557
1.455 15.471
1.457 15.449
1.458 15.456
1.459 15.451
1.460 15.549
1.461 15.319
1.463 15.455
1.464 15.484
1.465 15.432
1.466 15.359
1.467 15.248
1.468 15.318
1.470 15.203
1.471 15.279
1.472 15.260
1.473 15.123
1.474 15.158
1.476 15.114
1.477 15.130
1.478 15.188
1.479 15.219
1.480 15.141
1.482 15.220
1.483 15.080
1.484 15.137
1.485 15.031
1.486 14.914
1.487 14.976
1.489 14.926
1.490 15.010
1.491 15.041
1.492 14.980
1.493 14.886
1.495 14.950
1.496 14.869
1.497 14.754
1.498 14.747
1.499 14.654
1.500 14.677
1.502 14.787
1.503 14.756
1.504 14.683
1.505 14.618
1.506 14.753
1.508 14.580
1.509 14.628
1.510 14.495
1.511 14.618
1.512 14.520
1.513 14.432
1.515 14.574
1.516 14.458
1.517 14.404
1.518 14.557
1.519 14.628
1.521 14.424
1.522 14.380
1.523 14.505
1.524 14.511
1.525 14.491
1.527 14.469
1.528 14.410
1.529 14.398
1.530 14.195
1.531 14.332
1.532 14.278
1.534 14.344
1.535 14.413
1.536 14.215
1.537 14.329
1.538 14.203
1.540 14.221
1.541 14.066
1.542 14.221
1.543 14.239
1.544 14.114
1.545 14.078
1.547 14.039
1.548 14.072
1.549 13.857
1.550 13.864
1.551 13.966
1.553 13.889
1.554 13.896
1.555 13.875
1.556 13.832
1.557 13.855
1.558 13.810
1.560 13.838
1.561 13.802
1.562 13.738
1.563 13.848
1.564 13.802
1.566 13.808
1.567 13.832
1.568 13.821
1.569 13.761
1.570 13.669
1.572 13.751
1.573 13.710
1.574 13.677
1.575 13.782
1.576 13.631
1.577 13.562
1.579 13.507
1.580 13.562
1.581 13.610
1.582 13.467
1.583 13.508
1.585 13.562
1.586 13.564
1.587 13.479
1.588 13.541
1.589 13.514
1.590 13.447
1.592 13.405
1.593 13.436
1.594 13.404
1.595 13.370
1.596 13.319
1.598 13.382
1.599 13.363
1.600 13.243
1.601 13.330
1.602 13.351
1.603 13.359
1.605 13.237
1.606 13.328
1.607 13.394
1.608 13.322
1.609 13.165
1.611 13.102
1.612 13.052
1.613 13.105
1.614 13.101
1.615 13.184
1.616 13.278
1.618 13.142
1.619 13.097
1.620 13.061
1.621 13.156
1.622 13.160
1.624 13.119
1.625 13.094
1.626 13.108
1.627 13.069
1.628 13.016
1.630 13.023
1.631 12.969
1.632 13.073
1.633 12.963
1.634 13.072
1.635 13.054
1.637 12.924
1.638 12.872
1.639 13.004
1.640 12.949
1.641 12.992
1.643 12.913
1.644 12.806
1.645 12.803
1.646 12.740
1.647 12.771
1.648 12.898
1.650 12.748
1.651 12.726
1.652 12.913
1.653 12.760
1.654 12.741
1.656 12.694
1.657 12.680
1.658 12.575
1.659 12.565
1.660 12.620
1.661 12.580
1.663 12.625
1.664 12.635
1.665 12.696
1.666 12.739
1.667 12.659
1.669 12.667
1.670 12.703
1.671 12.764
1.672 12.554
1.673 12.483
1.675 12.491
1.676 12.510
1.677 12.556
1.678 12.715
1.679 12.605
1.680 12.447
1.682 12.543
1.683 12.494
1.684 12.547
1.685 12.508
1.686 12.454
1.688 12.422
1.689 12.435
1.690 12.330
1.691 12.412
1.692 12.382
1.693 12.273
1.695 12.409
1.696 12.449
1.697 12.526
1.698 12.473
1.699 12.449
1.701 12.401
1.702 12.542
1.703 12.454
1.704 12.392
1.705 12.312
1.706 12.298
1.708 12.323
1.709 12.282
1.710 12.291
1.711 12.197
1.712 12.154
1.714 12.222
1.715 12.188
1.716 12.219
1.717 12.186
1.718 12.078
1.720 12.139
1.721 12.215
1.722 12.181
1.723 12.253
1.724 12.196
1.725 12.183
1.727 12.300
1.728 12.361
1.729 12.304
1.730 12.201
1.731 12.077
1.733 12.082
1.734 12.069
1.735 11.981
1.736 12.032
1.737 11.870
1.738 11.920
1.740 11.916
1.741 11.982
1.742 12.067
1.743 11.964
1.744 11.979
1.746 11.907
1.747 12.021
1.748 12.063
1.749 11.902
1.750 11.889
1.751 11.900
1.753 12.008
1.754 11.933
1.755 11.907
1.756 11.801
1.757 11.766
1.759 11.897
1.760 11.857
1.761 11.990
1.762 11.924
1.763 11.891
1.764 11.750
1.766 11.823
1.767 11.776
1.768 11.691
1.769 11.769
1.770 11.827
1.772 11.734
1.773 11.811
1.774 11.825
1.775 11.776
1.776 11.778
1.778 11.740
1.779 11.789
1.780 11.589
1.781 11.613
1.782 11.562
1.783 11.701
1.785 11.711
1.786 11.758
1.787 11.804
1.788 11.804
1.789 11.751
1.791 11.670
1.792 11.770
1.793 11.618
1.794 11.596
1.795 11.608
1.796 11.612
1.798 11.641
1.799 11.667
1.800 11.682
1.801 11.714
1.802 11.699
1.804 11.615
1.805 11.615
1.806 11.601
1.807 11.518
1.808 11.639
1.809 11.636
1.811 11.605
1.812 11.464
1.813 11.483
1.814 11.399
1.815 11.437
1.817 11.433
1.818 11.377
1.819 11.392
1.820 11.577
1.821 11.453
1.823 11.392
1.824 11.366
1.825 11.428
1.826 11.451
1.827 11.307
1.828 11.197
1.830 11.229
1.831 11.318
1.832 11.362
1.833 11.343
1.834 11.416
1.836 11.346
1.837 11.297
1.838 11.321
1.839 11.279
1.840 11.220
1.841 11.290
1.843 11.464
1.844 11.271
1.845 11.153
1.846 11.241
1.847 11.194
1.849 11.052
1.850 11.167
1.851 11.160
1.852 11.154
1.853 11.085
1.854 11.168
1.856 11.180
1.857 11.110
1.858 11.163
1.859 11.040
1.860 10.978
1.862 10.992
1.863 11.012
1.864 11.090
1.865 11.033
1.866 10.992
1.868 11.046
1.869 10.980
1.870 11.018
1.871 11.017
1.872 10.905
1.873 10.835
1.875 10.804
1.876 10.863
1.877 10.920
1.878 11.016
1.879 10.937
1.881 10.887
1.882 10.831
1.883 10.889
1.884 10.858
1.885 10.743
1.886 10.775
1.888 10.841
1.889 10.874
1.890 10.811
1.891 10.782
1.892 10.815
1.894 10.748
1.895 10.728
1.896 10.705
1.897 10.737
1.898 10.802
1.899 10.827
1.901 10.766
1.902 10.748
1.903 10.817
1.904 10.715
1.905 10.784
1.907 10.709
1.908 10.759
1.909 10.722
1.910 10.596
1.911 10.608
1.912 10.689
1.914 10.728
1.915 10.733
1.916 10.680
1.917 10.675
1.918 10.617
1.920 10.584
1.921 10.605
1.922 10.569
1.923 10.547
1.924 10.613
1.926 10.611
1.927 10.624
1.928 10.551
1.929 10.461
1.930 10.484
1.931 10.416
1.933 10.413
1.934 10.472
1.935 10.395
1.936 10.475
1.937 10.358
1.939 10.326
1.940 10.392
1.941 10.420
1.942 10.412
1.943 10.402
1.944 10.422
1.946 10.409
1.947 10.326
1.948 10.425
1.949 10.297
1.950 10.281
1.952 10.324
1.953 10.398
1.954 10.467
1.955 10.474
1.956 10.391
1.957 10.278
1.959 10.273
1.960 10.260
1.961 10.271
1.962 10.270
1.963 10.283
1.965 10.273
1.966 10.338
1.967 10.271
1.968 10.143
1.969 10.092
1.971 10.141
1.972 10.151
1.973 10.039
1.974 10.090
1.975 10.060
1.976 10.049
1.978 10.122
1.979 10.198
1.980 10.091
1.981 10.156
1.982 10.085
1.984 10.058
1.985 10.009
1.986 10.019
1.987 9.961
1.988 9.844
1.989 9.976
1.991 10.044
1.992 10.057
1.993 10.051
1.994 10.016
1.995 10.011
1.997 9.954
1.998 10.013
1.999 9.996
2.000 9.906
2.001 9.903
2.002 9.919
2.004 9.850
2.005 9.863
2.006 9.863
2.007 9.802
2.008 9.815
2.010 9.808
2.011 9.762
2.012 9.775
2.013 9.749
2.014 9.847
2.016 9.816
2.017 9.853
2.018 9.865
2.019 9.806
2.020 9.732
2.021 9.687
2.023 9.688
2.024 9.802
2.025 9.763
2.026 9.621
2.027 9.603
2.029 9.760
2.030 9.783
2.031 9.702
2.032 9.712
2.033 9.607
2.034 9.690
2.036 9.847
2.037 9.738
2.038 9.804
2.039 9.672
2.040 9.704
2.042 9.702
2.043 9.749
2.044 9.704
2.045 9.606
2.046 9.685
2.047 9.873
2.049 9.813
2.050 9.624
2.051 9.688
2.052 9.674
2.053 9.588
2.055 9.586
2.056 9.578
2.057 9.685
2.058 9.587
2.059 9.577
2.060 9.615
2.062 9.590
2.063 9.525
2.064 9.462
2.065 9.461
2.066 9.465
2.068 9.449
2.069 9.492
2.070 9.375
2.071 9.409
2.072 9.511
2.074 9.534
2.075 9.416
2.076 9.466
2.077 9.557
2.078 9.607
2.079 9.573
2.081 9.621
2.082 9.466
2.083 9.207
2.084 9.309
2.085 9.372
2.087 9.444
2.088 9.442
2.089 9.394
2.090 9.357
2.091 9.340
2.092 9.370
2.094 9.392
2.095 9.314
2.096 9.389
2.097 9.420
2.098 9.289
2.100 9.258
2.101 9.314
2.102 9.329
2.103 9.282
2.104 9.302
2.105 9.298
2.107 9.308
2.108 9.206
2.109 9.229
2.110 9.220
2.111 9.174
2.113 9.155
2.114 9.095
2.115 9.147
2.116 9.161
2.117 9.033
2.119 9.165
2.120 9.087
2.121 9.051
2.122 9.074
2.123 9.214
2.124 9.234
2.126 9.153
2.127 9.049
2.128 9.094
2.129 9.121
2.130 9.159
2.132 9.134
2.133 9.149
2.134 9.085
2.135 9.086
2.136 9.182
2.137 9.176
2.139 9.088
2.140 9.074
2.141 9.056
2.142 8.966
2.143 9.110
2.145 8.990
2.146 8.948
2.147 9.011
2.148 9.034
2.149 9.051
2.150 9.145
2.152 9.041
2.153 9.031
2.154 8.972
2.155 8.964
2.156 9.008
2.158 8.938
2.159 8.929
2.160 8.955
2.161 8.887
2.162 8.921
2.164 8.911
2.165 9.060
2.166 9.032
2.167 9.036
2.168 9.002
2.169 8.967
2.171 8.856
2.172 8.888
2.173 8.940
2.174 8.891
2.175 8.962
2.177 8.928
2.178 8.884
2.179 8.818
2.180 8.847
2.181 8.820
2.182 8.908
2.184 8.822
2.185 8.747
2.186 8.789
2.187 8.751
2.188 8.838
2.190 8.831
2.191 8.799
2.192 8.819
2.193 8.793
2.194 8.711
2.195 8.792
2.197 8.835
2.198 8.783
2.199 8.864
2.200 8.750
2.201 8.751
2.203 8.733
2.204 8.823
2.205 8.834
2.206 8.840
2.207 8.744
2.208 8.750
2.210 8.739
2.211 8.720
2.212 8.748
2.213 8.747
2.214 8.769
2.216 8.707
2.217 8.691
2.218 8.676
2.219 8.646
2.220 8.728
2.222 8.665
2.223 8.642
2.224 8.594
2.225 8.583
2.226 8.750
2.227 8.682
2.229 8.703
2.230 8.695
2.231 8.756
2.232 8.771
2.233 8.712
2.235 8.591
2.236 8.611
2.237 8.552
2.238 8.579
2.239 8.591
2.240 8.590
2.242 8.599
2.243 8.562
2.244 8.487
2.245 8.542
2.246 8.524
2.248 8.544
2.249 8.563
2.250 8.629
2.251 8.621
2.252 8.611
2.253 8.628
2.255 8.573
2.256 8.575
2.257 8.559
2.258 8.547
2.259 8.434
2.261 8.411
2.262 8.430
2.263 8.385
2.264 8.365
2.265 8.390
2.267 8.453
2.268 8.463
2.269 8.450
2.270 8.439
2.271 8.588
2.272 8.556
2.274 8.585
2.275 8.684
2.276 8.590
2.277 8.557
2.278 8.607
2.280 8.535
2.281 8.521
2.282 8.552
2.283 8.543
2.284 8.491
2.285 8.453
2.287 8.497
2.288 8.453
2.289 8.480
2.290 8.512
2.291 8.502
2.293 8.407
2.294 8.347
2.295 8.376
2.296 8.457
2.297 8.477
2.298 8.541
2.300 8.468
2.301 8.367
2.302 8.365
2.303 8.424
2.304 8.375
2.306 8.329
2.307 8.260
2.308 8.281
2.309 8.278
2.310 8.299
2.312 8.322
2.313 8.433
2.314 8.485
2.315 8.440
2.316 8.365
2.317 8.408
2.319 8.417
2.320 8.367
2.321 8.362
2.322 8.408
2.323 8.403
2.325 8.403
2.326 8.431
2.327 8.437
2.328 8.398
2.329 8.281
2.330 8.215
2.332 8.192
2.333 8.170
2.334 8.193
2.335 8.252
2.336 8.331
2.338 8.342
2.339 8.360
2.340 8.313
2.341 8.376
2.342 8.313
2.343 8.279
2.345 8.355
2.346 8.346
2.347 8.238
2.348 8.161
2.349 8.131
2.351 8.101
2.352 8.221
2.353 8.330
2.354 8.256
2.355 8.288
2.356 8.236
2.358 8.158
2.359 8.142
2.360 8.079
2.361 8.076
2.362 8.135
2.364 8.222
2.365 8.243
2.366 8.234
2.367 8.182
2.368 8.139
2.370 8.195
2.371 8.241
2.372 8.173
2.373 8.192
2.374 8.181
2.375 8.129
2.377 8.170
2.378 8.127
2.379 8.169
2.380 8.124
2.381 8.160
2.383 8.199
2.384 8.207
2.385 8.194
2.386 8.192
2.387 8.029
2.388 8.125
2.390 8.109
2.391 8.167
2.392 8.211
2.393 8.150
2.394 8.176
2.396 8.221
2.397 8.166
2.398 8.215
2.399 8.161
2.400 8.310
2.401 8.290
2.403 8.200
2.404 8.168
2.405 8.082
2.406 8.102
2.407 8.066
2.409 8.031
2.410 8.170
2.411 8.212
2.412 8.199
2.413 8.186
2.415 8.156
2.416 8.322
2.417 8.287
2.418 8.235
2.419 8.181
2.420 8.126
2.422 8.183
2.423 8.174
2.424 8.243
2.425 8.237
2.426 8.192
2.428 8.212
2.429 8.287
2.430 8.161
2.431 8.125
2.432 8.119
2.433 8.042
2.435 8.012
2.436 8.118
2.437 8.159
2.438 8.188
2.439 8.290
2.441 8.277
2.442 8.255
2.443 8.273
2.444 8.153
2.445 8.132
2.446 8.228
2.448 8.156
2.449 8.047
2.450 8.149
2.451 8.073
2.452 8.109
2.454 8.175
2.455 8.053
2.456 7.994
2.457 7.921
2.458 8.003
2.460 8.094
2.461 8.098
2.462 8.063
2.463 8.111
2.464 8.013
2.465 8.027
2.467 8.124
2.468 8.130
2.469 8.104
2.470 8.099
2.471 8.086
2.473 7.985
2.474 7.977
2.475 7.945
2.476 8.112
2.477 8.258
2.478 8.305
2.480 8.176
2.481 8.100
2.482 8.071
2.483 8.174
2.484 8.152
2.486 8.135
2.487 8.133
2.488 8.140
2.489 8.188
2.490 8.201
2.491 8.201
2.493 8.158
2.494 8.070
2.495 8.100
2.496 8.099
2.497 8.189
2.499 8.276
2.500 8.293
2.501 8.256
2.502 8.182
2.503 8.186
2.504 8.183
2.506 8.124
2.507 8.072
2.508 8.032
2.509 8.134
2.510 8.180
2.512 8.171
2.513 8.178
2.514 8.193
2.515 8.292
2.516 8.271
2.518 8.291
2.519 8.429
2.520 8.353
2.521 8.177
2.522 8.215
2.523 8.244
2.525 8.260
2.526 8.390
2.527 8.394
2.528 8.380
2.529 8.295
2.531 8.324
2.532 8.233
2.533 8.108
2.534 8.120
2.535 8.157
2.536 8.259
2.538 8.319
2.539 8.325
2.540 8.322
2.541 8.375
2.542 8.360
2.544 8.354
2.545 8.371
2.546 8.253
2.547 8.368
2.548 8.396
2.549 8.320
2.551 8.318
2.552 8.095
2.553 8.158
2.554 8.245
2.555 8.326
2.557 8.340
2.558 8.360
2.559 8.300
2.560 8.354
2.561 8.359
2.563 8.329
2.564 8.327
2.565 8.331
2.566 8.383
2.567 8.461
2.568 8.395
2.570 8.374
2.571 8.398
2.572 8.394
2.573 8.521
2.574 8.442
2.576 8.465
2.577 8.478
2.578 8.412
2.579 8.415
2.580 8.475
2.581 8.499
2.583 8.321
2.584 8.285
2.585 8.298
2.586 8.325
2.587 8.347
2.589 8.482
2.590 8.441
2.591 8.536
2.592 8.431
2.593 8.496
2.594 8.402
2.596 8.343
2.597 8.300
2.598 8.256
2.599 8.345
2.600 8.477
2.602 8.462
2.603 8.475
2.604 8.406
2.605 8.417
2.606 8.428
2.608 8.397
2.609 8.372
2.610 8.422
2.611 8.496
2.612 8.448
2.613 8.437
2.615 8.462
2.616 8.470
2.617 8.526
2.618 8.505
2.619 8.488
2.621 8.610
2.622 8.614
2.623 8.450
2.624 8.515
2.625 8.498
2.626 8.541
2.628 8.525
2.629 8.463
2.630 8.508
2.631 8.561
2.632 8.402
2.634 8.461
2.635 8.503
2.636 8.593
2.637 8.652
2.638 8.688
2.639 8.660
2.641 8.676
2.642 8.673
2.643 8.751
2.644 8.647
2.645 8.688
2.647 8.541
2.648 8.620
2.649 8.589
2.650 8.659
2.651 8.715
2.652 8.811
2.654 8.810
2.655 8.732
2.656 8.771
2.657 8.719
2.658 8.724
2.660 8.774
2.661 8.766
2.662 8.667
2.663 8.752
2.664 8.774
2.666 8.846
2.667 8.747
2.668 8.688
2.669 8.680
2.670 8.787
2.671 8.688
2.673 8.697
2.674 8.619
2.675 8.569
2.676 8.632
2.677 8.796
2.679 8.860
2.680 8.888
2.681 8.867
2.682 8.772
2.683 8.730
2.684 8.915
2.686 8.819
2.687 8.866
2.688 8.806
2.689 8.929
2.690 9.023
2.692 8.922
2.693 8.887
2.694 8.848
2.695 8.721
2.696 8.723
2.697 8.719
2.699 8.784
2.700 8.803
2.701 8.808
2.702 8.746
2.703 8.706
2.705 8.833
2.706 8.838
2.707 8.737
2.708 8.756
2.709 8.771
2.711 8.823
2.712 8.743
2.713 8.810
2.714 8.848
2.715 8.961
2.716 8.992
2.718 8.812
2.719 8.842
2.720 8.877
2.721 8.917
2.722 8.865
2.724 8.823
2.725 8.748
2.726 8.764
2.727 8.703
2.728 8.720
2.729 8.855
2.731 8.720
2.732 8.794
2.733 8.824
2.734 8.819
2.735 8.666
2.737 8.649
2.738 8.684
2.739 8.672
2.740 8.667
2.741 8.669
2.742 8.713
2.744 8.773
2.745 8.823
2.746 8.711
2.747 8.786
2.748 8.891
2.750 8.854
2.751 8.806
2.752 8.827
2.753 8.711
2.754 8.582
2.756 8.612
2.757 8.750
2.758 8.685
2.759 8.658
2.760 8.657
2.761 8.606
2.763 8.492
2.764 8.417
2.765 8.445
2.766 8.492
2.767 8.330
2.769 8.416
2.770 8.465
2.771 8.466
2.772 8.403
2.773 8.409
2.774 8.446
2.776 8.469
2.777 8.504
2.778 8.544
2.779 8.489
2.780 8.520
2.782 8.462
2.783 8.532
2.784 8.509
2.785 8.515
2.786 8.490
2.787 8.449
2.789 8.386
2.790 8.316
2.791 8.301
2.792 8.393
2.793 8.391
2.795 8.421
2.796 8.458
2.797 8.497
2.798 8.497
2.799 8.436
2.800 8.363
2.802 8.386
2.803 8.520
2.804 8.633
2.805 8.651
2.806 8.660
2.808 8.487
2.809 8.539
2.810 8.641
2.811 8.600
2.812 8.583
2.814 8.586
2.815 8.575
2.816 8.605
2.817 8.581
2.818 8.442
2.819 8.405
2.821 8.536
2.822 8.575
2.823 8.595
2.824 8.555
2.825 8.559
2.827 8.576
2.828 8.571
2.829 8.636
2.830 8.631
2.831 8.732
2.832 8.658
2.834 8.540
2.835 8.641
2.836 8.644
2.837 8.635
2.838 8.570
2.840 8.502
2.841 8.480
2.842 8.498
2.843 8.476
2.844 8.340
2.845 8.402
2.847 8.526
2.848 8.525
2.849 8.569
2.850 8.580
2.851 8.544
2.853 8.435
2.854 8.354
2.855 8.423
2.856 8.477
2.857 8.454
2.859 8.468
2.860 8.505
2.861 8.432
2.862 8.496
2.863 8.478
2.864 8.574
2.866 8.478
2.867 8.346
2.868 8.437
2.869 8.463
2.870 8.590
2.872 8.546
2.873 8.472
2.874 8.429
2.875 8.420
2.876 8.380
2.877 8.384
2.879 8.433
2.880 8.377
2.881 8.461
2.882 8.471
2.883 8.556
2.885 8.505
2.886 8.472
2.887 8.411
2.888 8.470
2.889 8.414
2.890 8.482
2.892 8.535
2.893 8.364
2.894 8.320
2.895 8.327
2.896 8.333
2.898 8.438
2.899 8.388
2.900 8.338
2.901 8.445
2.902 8.363
2.904 8.477
2.905 8.549
2.906 8.570
2.907 8.513
2.908 8.535
2.909 8.449
2.911 8.472
2.912 8.402
2.913 8.313
2.914 8.361
2.915 8.381
2.917 8.363
2.918 8.436
2.919 8.455
2.920 8.427
2.921 8.359
2.922 8.349
2.924 8.368
2.925 8.288
2.926 8.293
2.927 8.337
2.928 8.258
2.930 8.464
2.931 8.458
2.932 8.365
2.933 8.456
2.934 8.328
2.935 8.247
2.937 8.187
2.938 8.167
2.939 8.279
2.940 8.172
2.941 8.205
2.943 8.121
2.944 8.184
2.945 8.161
2.946 8.318
2.947 8.242
2.948 8.251
2.950 8.307
2.951 8.333
2.952 8.254
2.953 8.298
2.954 8.350
2.956 8.224
2.957 8.173
2.958 8.164
2.959 8.121
2.960 8.175
2.962 8.176
2.963 8.072
2.964 8.088
2.965 8.003
2.966 8.072
2.967 8.020
2.969 8.031
2.970 8.001
2.971 7.913
2.972 8.022
2.973 8.072
2.975 7.998
2.976 7.887
2.977 7.873
2.978 7.899
2.979 7.965
2.980 7.899
2.982 7.875
2.983 7.939
2.984 8.058
2.985 8.311
2.986 8.145
2.988 8.094
2.989 8.028
2.990 8.080
2.991 8.043
2.992 8.002
2.993 8.072
2.995 8.144
2.996 8.233
2.997 8.101
2.998 8.043
2.999 8.048
