<X> <Y> <dY>
1.039265947336785e-03 1.659568956146030e+04 1.958630155956826e+01
1.187732507260276e-03 1.617191643577329e+04 8.646702775880227e+00
1.336199065591062e-03 1.582766464391877e+04 5.305075092435308e+00
1.484665622130054e-03 1.548027919879247e+04 4.587961126424740e+00
1.633132176678164e-03 1.512722445479829e+04 3.632549057266534e+00
1.781598729036305e-03 1.480509764762944e+04 3.435274480823629e+00
1.930065279005388e-03 1.448178506031620e+04 3.209402430237650e+00
2.078531826386324e-03 1.418221527951112e+04 2.976637775184316e+00
2.226998370980027e-03 1.385348469217492e+04 2.941937704861807e+00
2.375464912587407e-03 1.356282657188251e+04 2.654299495813589e+00
2.523931451009377e-03 1.325200741177059e+04 2.669079068716440e+00
2.672397986046849e-03 1.294847410886477e+04 2.446691049459256e+00
2.820864517500735e-03 1.264880265409722e+04 2.348776103905172e+00
2.969331045171946e-03 1.235427832990546e+04 2.310397220678841e+00
3.117797568861397e-03 1.207512794917890e+04 2.175077453354820e+00
3.266264088369997e-03 1.177201486368466e+04 2.112104264713672e+00
3.414730603498659e-03 1.146174725948945e+04 2.026751183817361e+00
3.563197114048295e-03 1.119230399555550e+04 1.950563891569961e+00
3.711663619819818e-03 1.092628174971403e+04 1.892764302530131e+00
3.860130120614143e-03 1.064766566003744e+04 1.787873336768368e+00
4.008596616232176e-03 1.034386723491195e+04 1.779602104573173e+00
4.157063106474833e-03 1.008080603798778e+04 1.706701476393100e+00
4.305529591143026e-03 9.811260254386898e+03 1.643151828239011e+00
4.453996070037668e-03 9.536255087996220e+03 1.615159909141964e+00
4.602462542959671e-03 9.263385904584346e+03 1.525618433161849e+00
4.750929009709947e-03 8.995284681181136e+03 1.495274602584387e+00
4.899395470089409e-03 8.736655780162371e+03 1.442918271740822e+00
5.047861923898970e-03 8.475310728708104e+03 1.410310372680109e+00
5.196328370939542e-03 8.213286081347585e+03 1.371048450131249e+00
5.344794811012039e-03 7.960988979738725e+03 1.311434638153029e+00
5.493261243917372e-03 7.710596325095071e+03 1.284656881589274e+00
5.641727669456453e-03 7.467154227868271e+03 1.238672100949882e+00
5.790194087430198e-03 7.220282276863558e+03 1.212646531644736e+00
5.938660497639517e-03 6.982713989856588e+03 1.162206395544959e+00
6.087126899885325e-03 6.744099346998415e+03 1.144573275445889e+00
6.235593293968535e-03 6.512234493776419e+03 1.101816549191167e+00
6.384059679690060e-03 6.273003306297122e+03 1.060224993927033e+00
6.532526056850811e-03 6.038700366365586e+03 1.030300750113371e+00
6.680992425251704e-03 5.810966718996122e+03 1.006865416646059e+00
6.829458784693651e-03 5.585503717008449e+03 9.834351495991148e-01
6.977925134977566e-03 5.363026010081096e+03 9.343637572755304e-01
7.126391475904362e-03 5.145062095152813e+03 9.184192487999895e-01
7.274857807274953e-03 4.930226399702678e+03 8.775216012789034e-01
7.423324128890250e-03 4.725606456313330e+03 8.519532953087293e-01
7.571790440551172e-03 4.525285464132033e+03 8.350887668113327e-01
7.720256742058629e-03 4.328875209277761e+03 8.009041334497813e-01
7.868723033213537e-03 4.142736679374075e+03 7.834958257884136e-01
8.017189313816805e-03 3.957094438935438e+03 7.525879951819165e-01
8.165655583669350e-03 3.778796169353573e+03 7.232257174928685e-01
8.314121842572089e-03 3.600775716999454e+03 7.049300347026053e-01
8.462588090325933e-03 3.429124518333480e+03 6.749512569459819e-01
8.611054326731796e-03 3.264056025605204e+03 6.662078884046591e-01
8.759520551590594e-03 3.102351795605604e+03 6.329573659215959e-01
8.907986764703241e-03 2.945796233527330e+03 6.150643758848388e-01
9.056452965870650e-03 2.792389847792494e+03 5.930966750829784e-01
9.204919154893739e-03 2.645430664014793e+03 5.688173201150510e-01
9.353385331573419e-03 2.502495711226601e+03 5.584319533659567e-01
9.501851495710607e-03 2.364112581030990e+03 5.307485097188294e-01
9.650317647106216e-03 2.232296778994665e+03 5.131017867000576e-01
9.798783785561163e-03 2.102449091018103e+03 4.941875815454879e-01
9.947249910876360e-03 1.978521792679507e+03 4.734901872197241e-01
1.009571602285273e-02 1.859996773861180e+03 4.613559059532791e-01
1.024418212129118e-02 1.745684988983907e+03 4.368008282939093e-01
1.039264820599262e-02 1.634298470229506e+03 4.277218006193590e-01
1.054111427675798e-02 1.528657475702472e+03 4.049367656730700e-01
1.068958033338818e-02 1.427549374580801e+03 3.868539669367852e-01
1.083804637568411e-02 1.330496094669260e+03 3.760390804821856e-01
1.098651240344671e-02 1.237400479125957e+03 3.549752310081920e-01
1.113497841647688e-02 1.150067613237097e+03 3.448885616947130e-01
1.128344441457554e-02 1.065733874769240e+03 3.265685008460387e-01
1.143191039754362e-02 9.857852216505109e+02 3.107356467491805e-01
1.158037636518202e-02 9.084735329903901e+02 3.018398886510871e-01
1.172884231729166e-02 8.385710737330561e+02 2.830207277800256e-01
1.187730825367346e-02 7.707687436661051e+02 2.710579780804147e-01
1.202577417412833e-02 7.058349703836416e+02 2.570154074010922e-01
1.217424007845719e-02 6.458492370576292e+02 2.446168570681267e-01
1.232270596646097e-02 5.894821777151807e+02 2.348783441002865e-01
1.247117183794057e-02 5.361901276690135e+02 2.187588696088779e-01
1.261963769269691e-02 4.861988658640886e+02 2.093242118550859e-01
1.276810353053091e-02 4.398423468262592e+02 1.958762562262246e-01
1.291656935124349e-02 3.963797557905207e+02 1.870084939439496e-01
1.306503515463557e-02 3.565728860129101e+02 1.760311876854574e-01
1.321350094050805e-02 3.199021967588955e+02 1.642818722107158e-01
1.336196670866187e-02 2.858888552253036e+02 1.557297936194799e-01
1.351043245889793e-02 2.544598116726228e+02 1.454600010693654e-01
1.365889819101716e-02 2.260035423917750e+02 1.373327630396021e-01
1.380736390482048e-02 1.997686562035498e+02 1.271794881966063e-01
1.395582960010879e-02 1.763643700517489e+02 1.193930098118060e-01
1.410429527668303e-02 1.547755086525356e+02 1.117494347146296e-01
1.425276093434411e-02 1.357590611769929e+02 1.036691535249979e-01
1.440122657289295e-02 1.188406656318340e+02 9.617471672716746e-02
1.454969219213047e-02 1.033024507089646e+02 8.884832880607642e-02
1.469815779185758e-02 9.013671503275076e+01 8.361792956779503e-02
1.484662337187521e-02 7.834029718293176e+01 7.724492876772796e-02
1.499508893198428e-02 6.843860175273524e+01 7.155303848214825e-02
1.514355447198570e-02 5.978610238805499e+01 6.655483629952345e-02
1.529201999168039e-02 5.249273912939091e+01 6.206563118488629e-02
1.544048549086928e-02 4.670928178573890e+01 5.859332526924962e-02
1.558895096935328e-02 4.191440027731595e+01 5.481175213544380e-02
1.573741642693332e-02 3.818903025040212e+01 5.231923834509418e-02
1.588588186341031e-02 3.563624064205158e+01 5.011480193622257e-02
1.603434727858518e-02 3.380547376785592e+01 4.840638321711590e-02
1.618281267225884e-02 3.271205658755362e+01 4.819872061307987e-02
1.633127804423223e-02 3.254840128814899e+01 4.714575764979264e-02
1.647974339430625e-02 3.290709577349290e+01 4.733496455175187e-02
1.662820872228182e-02 3.382137419335881e+01 4.777740394291027e-02
1.677667402795988e-02 3.531639286312544e+01 4.853933309775958e-02
1.692513931114134e-02 3.721071057338191e+01 4.986010987997381e-02
1.707360457162713e-02 3.936233861638194e+01 5.041459429748941e-02
1.722206980921815e-02 4.179012654906927e+01 5.280105643683473e-02
1.737053502371535e-02 4.450629280533459e+01 5.334749029529905e-02
1.751900021491964e-02 4.754758085643481e+01 5.487509179080113e-02
1.766746538263194e-02 5.048073878917808e+01 5.693366293179495e-02
1.781593052665317e-02 5.375470600019522e+01 5.791241967202444e-02
1.796439564678426e-02 5.667417839502703e+01 5.991061841273731e-02
1.811286074282614e-02 5.989997796417413e+01 6.084644308923464e-02
1.826132581457971e-02 6.293340132255895e+01 6.203723246612029e-02
1.840979086184591e-02 6.600786329653484e+01 6.353451198329098e-02
1.855825588442566e-02 6.898322705336223e+01 6.431575491288713e-02
1.870672088211989e-02 7.181858489220868e+01 6.592415903039815e-02
1.885518585472951e-02 7.441259996735013e+01 6.763744973450944e-02
1.900365080205546e-02 7.693851304478059e+01 6.942512460456614e-02
1.915211572389865e-02 7.919533177582282e+01 7.053162478543705e-02
1.930058062006001e-02 8.149710283470974e+01 7.199078915847842e-02
1.944904549034047e-02 8.314989224597348e+01 7.437235752858075e-02
1.959751033454094e-02 8.482555506031744e+01 7.522633335138260e-02
1.974597515246237e-02 8.633726691136506e+01 7.741680455886830e-02
1.989443994390566e-02 8.749747201977894e+01 7.846723107496757e-02
2.004290470867175e-02 8.836565876292624e+01 7.891565252752138e-02
2.019136944656156e-02 8.925355709135890e+01 7.967635406499558e-02
2.033983415737602e-02 8.955649585442332e+01 8.036981133558195e-02
2.048829884091604e-02 8.999194551506207e+01 8.107247589464256e-02
2.063676349698258e-02 8.967540213047961e+01 8.061202885785464e-02
2.078522812537653e-02 8.949180338263697e+01 8.155864771545210e-02
2.093369272589884e-02 8.894237331361106e+01 8.137334899924524e-02
2.108215729835043e-02 8.835291703338542e+01 8.116864383287040e-02
2.123062184253223e-02 8.730752123927837e+01 8.134571020950442e-02
2.137908635824515e-02 8.611263784090617e+01 8.058923041683251e-02
2.152755084529015e-02 8.473907512349651e+01 8.020603896339433e-02
2.167601530346813e-02 8.302559135172200e+01 7.985123823742209e-02
2.182447973258003e-02 8.139846325183480e+01 7.966264555064376e-02
2.197294413242678e-02 7.963311298792176e+01 7.813798663145687e-02
2.212140850280929e-02 7.771929656998785e+01 7.631254410181451e-02
2.226987284352852e-02 7.563092595068289e+01 7.515857303718156e-02
2.241833715438537e-02 7.353934742001154e+01 7.282912148778883e-02
2.256680143518079e-02 7.126108997183727e+01 7.191686928043720e-02
2.271526568571569e-02 6.884903418513439e+01 6.955210805528471e-02
2.286372990579102e-02 6.629706567308875e+01 6.748604840444831e-02
2.301219409520770e-02 6.377854814097674e+01 6.678993524250630e-02
2.316065825376665e-02 6.113315066754214e+01 6.437551261319384e-02
2.330912238126882e-02 5.851954189830010e+01 6.373645480731108e-02
2.345758647751513e-02 5.580193675184869e+01 6.088280267535236e-02
2.360605054230651e-02 5.313686437213391e+01 6.019463648899920e-02
2.375451457544390e-02 5.042741619726819e+01 5.833951521434419e-02
2.390297857672821e-02 4.783994399064436e+01 5.581371915180503e-02
2.405144254596040e-02 4.515041174921420e+01 5.484360457684623e-02
2.419990648294138e-02 4.246354999527119e+01 5.273278766739662e-02
2.434837038747209e-02 3.995519660465646e+01 5.129713087288666e-02
2.449683425935346e-02 3.749040649011987e+01 4.954875916863123e-02
2.464529809838643e-02 3.498599738827777e+01 4.697537606746021e-02
2.479376190437193e-02 3.262362967751648e+01 4.618826195929949e-02
2.494222567711088e-02 3.019080093796027e+01 4.375712767030283e-02
2.509068941640423e-02 2.805577266841577e+01 4.259252768253655e-02
2.523915312205290e-02 2.597895191082538e+01 4.050705378157992e-02
2.538761679385784e-02 2.397265774571645e+01 3.883201022127024e-02
2.553608043161997e-02 2.207506457522526e+01 3.739082762882761e-02
2.568454403514022e-02 2.017520298263756e+01 3.547933215529386e-02
2.583300760421955e-02 1.848982875197783e+01 3.412668200533675e-02
2.598147113865888e-02 1.690981789917531e+01 3.224306093603046e-02
2.612993463825913e-02 1.539117105505682e+01 3.088461598968023e-02
2.627839810282126e-02 1.398413295022800e+01 2.949845165452710e-02
2.642686153214619e-02 1.277037310833037e+01 2.783557724103353e-02
2.657532492603487e-02 1.159655327828943e+01 2.649072098077469e-02
2.672378828428821e-02 1.051014251570527e+01 2.516996919793436e-02
2.687225160670718e-02 9.666982108521923e+00 2.431423966799100e-02
2.702071489309268e-02 8.792335704852384e+00 2.308160826299192e-02
2.716917814324569e-02 8.064907579124773e+00 2.187798113675210e-02
2.731764135696711e-02 7.456983073838038e+00 2.121502461586724e-02
2.746610453405790e-02 6.910304499936110e+00 2.023847146867316e-02
2.761456767431899e-02 6.474164767537359e+00 1.952691048841445e-02
2.776303077755132e-02 6.158024951584807e+00 1.911738804400750e-02
2.791149384355582e-02 5.880013177883299e+00 1.852691862251987e-02
2.805995687213344e-02 5.707825141133032e+00 1.831153165453909e-02
2.820841986308512e-02 5.643902563109215e+00 1.818561673009203e-02
2.835688281621178e-02 5.578321424023905e+00 1.795492641711807e-02
2.850534573131439e-02 5.646575080732942e+00 1.806443947020534e-02
2.865380860819386e-02 5.719197457649608e+00 1.815755491023978e-02
2.880227144665114e-02 5.939381735378813e+00 1.851532934121120e-02
2.895073424648718e-02 6.079641938573106e+00 1.873267931601398e-02
2.909919700750293e-02 6.396050118844683e+00 1.896693918451244e-02
2.924765972949930e-02 6.664765067602993e+00 1.948012393649428e-02
2.939612241227725e-02 6.976108013911411e+00 1.980833962971347e-02
2.954458505563771e-02 7.288886286897426e+00 2.028458364626716e-02
2.969304765938165e-02 7.692676520017977e+00 2.073783999742530e-02
2.984151022330999e-02 8.104306913109076e+00 2.128544831284144e-02
2.998997274722367e-02 8.440336211691493e+00 2.176175729513056e-02
3.013843523092363e-02 8.873246271601712e+00 2.221869407504787e-02
3.028689767421083e-02 9.295905767607886e+00 2.249934440993080e-02
3.043536007688621e-02 9.674325771555271e+00 2.317212086328420e-02
3.058382243875071e-02 1.010354345357709e+01 2.358170626713355e-02
3.073228475960527e-02 1.044853876740878e+01 2.386755571233446e-02
3.088074703925083e-02 1.082153854418689e+01 2.437623522263813e-02
3.102920927748836e-02 1.119371487505393e+01 2.453105058311257e-02
3.117767147411878e-02 1.155668809193321e+01 2.505706795174761e-02
3.132613362894304e-02 1.188120383143865e+01 2.528785879930665e-02
3.147459574176209e-02 1.213504107733878e+01 2.549727253699157e-02
3.162305781237687e-02 1.247070579260409e+01 2.587751220626178e-02
3.177151984058834e-02 1.267567433126193e+01 2.590938344648996e-02
3.191998182619744e-02 1.281069297093267e+01 2.628903518401199e-02
3.206844376900511e-02 1.302761121808144e+01 2.611745612818095e-02
3.221690566881231e-02 1.318059764469842e+01 2.622585196338462e-02
3.236536752541998e-02 1.325097208999095e+01 2.650602642240783e-02
3.251382933862906e-02 1.337818947559171e+01 2.643663166595192e-02
3.266229110824052e-02 1.341609711384630e+01 2.668598199035503e-02
3.281075283405527e-02 1.340160417039900e+01 2.623834230560185e-02
3.295921451587431e-02 1.340218869187797e+01 2.632682252264142e-02
3.310767615349856e-02 1.328691264122344e+01 2.636120962987980e-02
3.325613774672897e-02 1.320272804098197e+01 2.599964857075516e-02
3.340459929536650e-02 1.308358990678449e+01 2.589642382255834e-02
3.355306079921208e-02 1.288301404058934e+01 2.562623387899261e-02
3.370152225806669e-02 1.266147037587023e+01 2.583580820010068e-02
3.384998367173125e-02 1.249352864338268e+01 2.581147807760555e-02
3.399844504000674e-02 1.225310286267064e+01 2.575574153634612e-02
3.414690636269409e-02 1.194873614997302e+01 2.559924997790314e-02
3.429536763959428e-02 1.172051040803590e+01 2.561317231383703e-02
3.444382887050824e-02 1.139264940154082e+01 2.508590998871928e-02
3.459229005523692e-02 1.104583766837280e+01 2.431211658151962e-02
3.474075119358127e-02 1.069564166826325e+01 2.370513808338255e-02
3.488921228534227e-02 1.034947206637248e+01 2.322617974859197e-02
3.503767333032085e-02 9.946692836126088e+00 2.273133465413052e-02
3.518613432831797e-02 9.567649074255055e+00 2.221924468603457e-02
3.533459527913459e-02 9.183949765227435e+00 2.163674247276224e-02
3.548305618257167e-02 8.769156578897570e+00 2.122455140997154e-02
3.563151703843015e-02 8.380236835136468e+00 2.057778164563420e-02
3.577997784651099e-02 7.971835644097530e+00 2.008108243441341e-02
3.592843860661515e-02 7.548565313280347e+00 1.943467871192327e-02
3.607689931854360e-02 7.203224147726601e+00 1.892357679440118e-02
3.622535998209726e-02 6.790248786232062e+00 1.845264870649653e-02
3.637382059707712e-02 6.380559038673159e+00 1.774356968130733e-02
3.652228116328413e-02 6.006659441758504e+00 1.728980794497089e-02
3.667074168051924e-02 5.633945166625412e+00 1.656741758199848e-02
3.681920214858341e-02 5.256357917077995e+00 1.598578322837115e-02
3.696766256727761e-02 4.934520233620005e+00 1.557902771421764e-02
3.711612293640280e-02 4.632045718716312e+00 1.493594510060847e-02
3.726458325575990e-02 4.301445327417474e+00 1.448388402644639e-02
3.741304352514992e-02 4.000774875651429e+00 1.395379556418097e-02
3.756150374437381e-02 3.701836756222498e+00 1.326959593542192e-02
3.770996391323252e-02 3.467144212754308e+00 1.288189300659263e-02
3.785842403152700e-02 3.183707047625413e+00 1.225563753947105e-02
3.800688409905824e-02 2.988294644157852e+00 1.200912732894734e-02
3.815534411562716e-02 2.771380108946720e+00 1.142286119065810e-02
3.830380408103477e-02 2.582347590087208e+00 1.102641416289377e-02
3.845226399508201e-02 2.451738207876039e+00 1.072213783522076e-02
3.860072385756984e-02 2.313955668144167e+00 1.037450110896714e-02
3.874918366829922e-02 2.189960813545020e+00 1.012331375409221e-02
3.889764342707114e-02 2.065877228580687e+00 9.748826079644148e-03
3.904610313368653e-02 1.993990790885869e+00 9.592038526065241e-03
3.919456278794636e-02 1.920624078211674e+00 9.353442199742851e-03
3.934302238965163e-02 1.875686291961077e+00 9.207160024518452e-03
3.949148193860327e-02 1.841504279721724e+00 9.131812891993260e-03
3.963994143460225e-02 1.847644021112876e+00 9.080565290358731e-03
3.978840087744954e-02 1.842767674398172e+00 9.077342865304474e-03
3.993686026694612e-02 1.856837696324283e+00 9.129609050234098e-03
4.008531960289294e-02 1.877333670500154e+00 9.162086562940706e-03
4.023377888509096e-02 1.922822266295653e+00 9.236761759591207e-03
4.038223811334118e-02 1.975320634823777e+00 9.295343479526163e-03
4.053069728744454e-02 2.041175155790729e+00 9.525937082358986e-03
4.067915640720204e-02 2.124935800658767e+00 9.710093123967376e-03
4.082761547241460e-02 2.221754805355471e+00 9.928843352714243e-03
4.097607448288322e-02 2.275545485792182e+00 1.000996761052230e-02
4.112453343840888e-02 2.367557704764163e+00 1.020063211713676e-02
4.127299233879253e-02 2.489071436340216e+00 1.043436352656442e-02
4.142145118383515e-02 2.586071157838111e+00 1.059571616191040e-02
4.156990997333770e-02 2.704895139795893e+00 1.087734030843812e-02
4.171836870710118e-02 2.802615354805110e+00 1.107208361180333e-02
4.186682738492653e-02 2.899845864610566e+00 1.120960885406147e-02
4.201528600661474e-02 3.005273475383193e+00 1.142763882770313e-02
4.216374457196678e-02 3.098774349242831e+00 1.152845282178048e-02
4.231220308078361e-02 3.182753825246942e+00 1.168362704398434e-02
4.246066153286622e-02 3.307287759922488e+00 1.183342124539600e-02
4.260911992801558e-02 3.376149382333497e+00 1.205014737544172e-02
4.275757826603267e-02 3.479599834103278e+00 1.223906905250475e-02
4.290603654671846e-02 3.546793338556711e+00 1.250305624872479e-02
4.305449476987392e-02 3.637314157697211e+00 1.277785317650728e-02
4.320295293530004e-02 3.689702259417153e+00 1.293247916481868e-02
4.335141104279778e-02 3.770923450769212e+00 1.327066194796324e-02
4.349986909216812e-02 3.807175196740070e+00 1.324100695648523e-02
4.364832708321206e-02 3.840069885414706e+00 1.345307654555023e-02
4.379678501573054e-02 3.850398895660204e+00 1.349870938249550e-02
4.394524288952457e-02 3.895229767604822e+00 1.347402925838697e-02
4.409370070439510e-02 3.897373297105013e+00 1.366498763301901e-02
4.424215846014314e-02 3.918890261378708e+00 1.355595461693160e-02
4.439061615656966e-02 3.924636146250895e+00 1.365621696246152e-02
4.453907379347562e-02 3.859417996693428e+00 1.354924266679992e-02
4.468753137066204e-02 3.880600578080434e+00 1.355850871303361e-02
4.483598888792985e-02 3.840297252068462e+00 1.350869757445432e-02
4.498444634508008e-02 3.816497177867393e+00 1.340492303289282e-02
4.513290374191368e-02 3.752925677545600e+00 1.348647675587300e-02
4.528136107823164e-02 3.696545855329739e+00 1.329451945246622e-02
4.542981835383494e-02 3.641144420261585e+00 1.321503707763783e-02
4.557827556852459e-02 3.570143011902005e+00 1.316777514790195e-02
4.572673272210154e-02 3.474944205660941e+00 1.289654992114368e-02
4.587518981436679e-02 3.429640810742729e+00 1.298128892416004e-02
4.602364684512131e-02 3.304761093373970e+00 1.263579276070771e-02
4.617210381416612e-02 3.213623019947142e+00 1.253257885773622e-02
4.632056072130217e-02 3.124798724690194e+00 1.236470588344740e-02
4.646901756633046e-02 3.021991863785439e+00 1.217249460069100e-02
4.661747434905197e-02 2.927468172093331e+00 1.206406115456097e-02
4.676593106926771e-02 2.828136547958962e+00 1.174451410516445e-02
4.691438772677863e-02 2.725841559205160e+00 1.159145738784133e-02
4.706284432138574e-02 2.633566630875987e+00 1.139965323244221e-02
4.721130085289003e-02 2.503549384581391e+00 1.103838869145019e-02
4.735975732109249e-02 2.391468366977356e+00 1.082844267135842e-02
4.750821372579410e-02 2.273192548496161e+00 1.047977104760136e-02
4.765667006679587e-02 2.189857487573358e+00 1.030204671922125e-02
4.780512634389875e-02 2.071458335756071e+00 1.004603983689966e-02
4.795358255690377e-02 1.972640815894617e+00 9.642275363464061e-03
4.810203870561192e-02 1.880151004877625e+00 9.550806954458839e-03
4.825049478982417e-02 1.758789908568027e+00 9.179808121719889e-03
4.839895080934152e-02 1.696186384423812e+00 9.024310857030246e-03
4.854740676396496e-02 1.622392922834472e+00 8.775847625043139e-03
4.869586265349549e-02 1.510979134155444e+00 8.456148665822526e-03
4.884431847773410e-02 1.447657876610806e+00 8.345686380579692e-03
4.899277423648181e-02 1.367038236914254e+00 8.068106634886647e-03
4.914122992953956e-02 1.295943988338442e+00 7.847435183533476e-03
4.928968555670842e-02 1.227409295699213e+00 7.656815736567991e-03
4.943814111778932e-02 1.177842455148042e+00 7.462175765618678e-03
4.958659661258329e-02 1.132764931511693e+00 7.351897410709890e-03
4.973505204089131e-02 1.075575003403460e+00 7.141831529243535e-03
4.988350740251437e-02 1.042139486070709e+00 7.022752013229748e-03
5.003196269725350e-02 9.919455698938801e-01 6.862087671164124e-03
5.018041792490967e-02 9.790925764087354e-01 6.842118516066025e-03
5.032887308528391e-02 9.547422562899611e-01 6.680931342064341e-03
5.047732817817720e-02 9.413834410592962e-01 6.664421449848131e-03
5.062578320339053e-02 9.223330455187899e-01 6.583224739646351e-03
5.077423816072490e-02 9.099626404983241e-01 6.552261504154519e-03
5.092269304998134e-02 9.113024623374772e-01 6.587403536430658e-03
5.107114787096082e-02 9.046323043009815e-01 6.457706827952942e-03
5.121960262346438e-02 9.024187737801108e-01 6.538408203839338e-03
5.136805730729297e-02 9.233765121752939e-01 6.570286064242329e-03
5.151651192224765e-02 9.173162211902229e-01 6.561974960730793e-03
5.166496646812937e-02 9.417384114203962e-01 6.642014943547063e-03
5.181342094473917e-02 9.705970816916942e-01 6.732793754480608e-03
5.196187535187805e-02 9.876184166287548e-01 6.805337775137675e-03
5.211032968934701e-02 9.989388414059143e-01 6.840763293253004e-03
5.225878395694704e-02 1.028502393602388e+00 6.899438298626288e-03
5.240723815447917e-02 1.063819284099796e+00 7.038064908033733e-03
5.255569228174441e-02 1.089498983664266e+00 7.093988431787142e-03
5.270414633854377e-02 1.111199414742027e+00 7.251752238828111e-03
5.285260032467823e-02 1.134784426647891e+00 7.229099506202189e-03
5.300105423994882e-02 1.162720179109900e+00 7.332163130569003e-03
5.314950808415651e-02 1.208332120998640e+00 7.459693033078873e-03
5.329796185710238e-02 1.222772940019475e+00 7.500404240351049e-03
5.344641555858739e-02 1.253858479642752e+00 7.648607322792185e-03
5.359486918841256e-02 1.302748435199627e+00 7.726445906870208e-03
5.374332274637892e-02 1.314334471270557e+00 7.823003719518148e-03
5.389177623228746e-02 1.333393334499407e+00 7.847972158900320e-03
5.404022964593919e-02 1.355420568771802e+00 7.873302753799296e-03
5.418868298713515e-02 1.383250582200657e+00 7.977430607278378e-03
5.433713625567634e-02 1.407604977249688e+00 8.023439757822515e-03
5.448558945136375e-02 1.410304214849739e+00 8.031131619259451e-03
5.463404257399841e-02 1.441177091441387e+00 8.167177473056626e-03
5.478249562338136e-02 1.444155405764827e+00 8.094985556019188e-03
5.493094859931359e-02 1.476135690249323e+00 8.196201653499135e-03
5.507940150159613e-02 1.461526117334213e+00 8.135549869594708e-03
5.522785433002999e-02 1.477042806521012e+00 8.206806618113481e-03
5.537630708441618e-02 1.475543020505832e+00 8.198599998563635e-03
5.552475976455573e-02 1.477193432078542e+00 8.187070273761915e-03
5.567321237024965e-02 1.468950131438538e+00 8.176242123998971e-03
5.582166490129895e-02 1.466518475791042e+00 8.133529646878763e-03
5.597011735750466e-02 1.451533353758481e+00 8.099776892600009e-03
5.611856973866784e-02 1.451571337615078e+00 8.088034995955271e-03
5.626702204458946e-02 1.427500753546920e+00 8.056109370548284e-03
5.641547427507055e-02 1.426476358588131e+00 8.041369301106348e-03
5.656392642991215e-02 1.402467573325644e+00 7.942327827332807e-03
5.671237850891524e-02 1.391897241568761e+00 7.874137793510502e-03
5.686083051188091e-02 1.368324065784770e+00 7.818484083419735e-03
5.700928243861012e-02 1.346544841823903e+00 7.801372066320404e-03
5.715773428890394e-02 1.333353336769628e+00 7.714207119790034e-03
5.730618606256337e-02 1.293533532240444e+00 7.631366659563849e-03
5.745463775938945e-02 1.272927295527244e+00 7.544672223549941e-03
5.760308937918321e-02 1.231205811562680e+00 7.391463996658694e-03
5.775154092174565e-02 1.196769878758852e+00 7.319043223878368e-03
5.789999238687781e-02 1.167820728319942e+00 7.219506487561069e-03
5.804844377438072e-02 1.134294986715748e+00 7.094611154146889e-03
5.819689508405541e-02 1.112555103189532e+00 7.029671049004568e-03
5.834534631570294e-02 1.075234345784628e+00 6.907445382697401e-03
5.849379746912427e-02 1.043596183965593e+00 6.805065181013913e-03
5.864224854412050e-02 1.008791607005525e+00 6.661920303891581e-03
5.879069954049263e-02 9.903005042206826e-01 6.651407250909812e-03
5.893915045804167e-02 9.393330001185403e-01 6.401138523666600e-03
5.908760129656868e-02 9.098529975898548e-01 6.344946908590488e-03
5.923605205587471e-02 8.836155200586130e-01 6.226041906372087e-03
5.938450273576075e-02 8.439910389217214e-01 6.081959450852131e-03
5.953295333602786e-02 8.325990590166968e-01 6.066708157397128e-03
5.968140385647707e-02 7.891985314410396e-01 5.872884287493314e-03
5.982985429690942e-02 7.585033603302498e-01 5.782189363264774e-03
5.997830465712594e-02 7.411579809424448e-01 5.667279629074497e-03
6.012675493692765e-02 7.108889170118335e-01 5.560781787758258e-03
6.027520513611563e-02 6.873227086671813e-01 5.541303567671842e-03
6.042365525449088e-02 6.798859299656519e-01 5.598471725703130e-03
6.057210529185447e-02 6.531489890391496e-01 5.554140615125254e-03
6.072055524800739e-02 6.275372237290947e-01 5.472176581219945e-03
6.086900512275072e-02 6.058920309385456e-01 5.441948865100990e-03
6.101745491588551e-02 5.867728762711015e-01 5.375325687279991e-03
6.116590462721274e-02 5.849765672452835e-01 5.395902597827119e-03
6.131435425653353e-02 5.598894386662453e-01 5.330829999565911e-03
6.146280380364888e-02 5.590731367115302e-01 5.324023181220848e-03
6.161125326835982e-02 5.539822032527221e-01 5.364831777949461e-03
6.175970265046742e-02 5.575285286984289e-01 5.343096759597772e-03
6.190815194977271e-02 5.294059397586719e-01 5.277199292992196e-03
6.205660116607675e-02 5.386120293197035e-01 5.322887374879708e-03
6.220505029918055e-02 5.233921549000963e-01 5.320278904193784e-03
6.235349934888521e-02 5.193031843639607e-01 5.277896575551647e-03
6.250194831499173e-02 5.320687703940041e-01 5.330023420838991e-03
6.265039719730119e-02 5.151648466375821e-01 5.296922364215071e-03
6.279884599561461e-02 5.248654590161632e-01 5.365555801135570e-03
6.294729470973306e-02 5.359405513414470e-01 5.454318312301571e-03
6.309574333945757e-02 5.281719882856928e-01 5.392037141435344e-03
6.324419188458920e-02 5.328636818639342e-01 5.252757265591489e-03
6.339264034492902e-02 5.575052870067370e-01 5.366833772269967e-03
6.354108872027803e-02 5.556723984181735e-01 5.276110643608898e-03
6.368953701043734e-02 5.614626200225910e-01 5.294932516995552e-03
6.383798521520795e-02 5.603376911680963e-01 5.252883724967980e-03
6.398643333439098e-02 5.749548956545389e-01 5.306848917038955e-03
6.413488136778742e-02 5.757294694424500e-01 5.321711211387088e-03
6.428332931519834e-02 5.884755433778960e-01 5.307399927772803e-03
6.443177717642481e-02 5.927493914893435e-01 5.337702430117620e-03
6.458022495126788e-02 6.002588065631467e-01 5.338217895392447e-03
6.472867263952860e-02 6.157715873232367e-01 5.448879372033880e-03
6.487712024100803e-02 6.118797900938396e-01 5.386883585813988e-03
6.502556775550723e-02 6.313823527063004e-01 5.422238404933048e-03
6.517401518282728e-02 6.379181858057689e-01 5.486263182865541e-03
6.532246252276919e-02 6.339055006737710e-01 5.422156335152255e-03
6.547090977513406e-02 6.518351893559675e-01 5.514924853567459e-03
6.561935693972293e-02 6.493023357855963e-01 5.484864569924126e-03
6.576780401633688e-02 6.678823889344419e-01 5.537874750423387e-03
6.591625100477695e-02 6.576172981176770e-01 5.550550758232172e-03
6.606469790484421e-02 6.528594110709851e-01 5.448256819982460e-03
6.621314471633973e-02 6.580820512870375e-01 5.491649689393304e-03
6.636159143906457e-02 6.678796235305459e-01 5.518724049914354e-03
6.651003807281980e-02 6.722999165702771e-01 5.531506255576636e-03
6.665848461740648e-02 6.721593463671431e-01 5.561116552621638e-03
6.680693107262567e-02 6.695468289797767e-01 5.456107153066768e-03
6.695537743827844e-02 6.704810620025303e-01 5.513183256671142e-03
6.710382371416586e-02 6.729603615530458e-01 5.507195499075908e-03
6.725226990008899e-02 6.625058323926236e-01 5.456281561237138e-03
6.740071599584893e-02 6.599083831824900e-01 5.437656352959622e-03
6.754916200124669e-02 6.580950939619240e-01 5.391144169263007e-03
6.769760791608341e-02 6.516860108540935e-01 5.416816383588867e-03
6.784605374016010e-02 6.484725263713185e-01 5.361841237367480e-03
6.799449947327789e-02 6.372510139564368e-01 5.305085876360086e-03
6.814294511523777e-02 6.310162810464512e-01 5.301909072458258e-03
6.829139066584090e-02 6.277686427333611e-01 5.257944624713599e-03
6.843983612488833e-02 6.112925088847547e-01 5.220909744895606e-03
6.858828149218107e-02 6.097363448875200e-01 5.162254525428323e-03
6.873672676752028e-02 6.074641577437545e-01 5.152629087459941e-03
6.888517195070698e-02 5.857138219688814e-01 5.071543049338056e-03
6.903361704154228e-02 5.870944080335302e-01 5.058340097201195e-03
6.918206203982724e-02 5.646803537826482e-01 4.979652992557297e-03
6.933050694536295e-02 5.574189619155342e-01 4.889828148621042e-03
6.947895175795046e-02 5.422300678181307e-01 4.856657250692737e-03
6.962739647739091e-02 5.280049310506357e-01 4.765705793252886e-03
6.977584110348531e-02 5.260428788525614e-01 4.759058961531815e-03
6.992428563603478e-02 5.065241511682452e-01 4.639791520782753e-03
7.007273007484040e-02 4.995735024939308e-01 4.635627006892818e-03
7.022117441970321e-02 4.849709184868387e-01 4.565253677634792e-03
7.036961867042435e-02 4.739160953760611e-01 4.510827961074272e-03
7.051806282680488e-02 4.679775375956275e-01 4.459761423526888e-03
7.066650688864587e-02 4.518107689565272e-01 4.368023682965984e-03
7.081495085574846e-02 4.406803963440042e-01 4.341731461442075e-03
7.096339472791366e-02 4.237491036840945e-01 4.247697774317360e-03
7.111183850494258e-02 4.192080856427168e-01 4.205560250879221e-03
7.126028218663637e-02 4.035786119563397e-01 4.122658848266847e-03
7.140872577279601e-02 3.979839583391493e-01 4.079152142727584e-03
7.155716926322268e-02 3.905667489055371e-01 4.072382514243718e-03
7.170561265771742e-02 3.825801954250121e-01 4.023149944810630e-03
7.185405595608137e-02 3.696801578732971e-01 3.929655742102346e-03
7.200249915811553e-02 3.648589273348979e-01 3.927075592943652e-03
7.215094226362108e-02 3.606663748951480e-01 3.888487375212466e-03
7.229938527239907e-02 3.485048439302843e-01 3.841571326992803e-03
7.244782818425061e-02 3.414821410533322e-01 3.763245616275891e-03
7.259627099897678e-02 3.360470587017643e-01 3.751731091773710e-03
7.274471371637868e-02 3.369150463427852e-01 3.766824731324799e-03
7.289315633625741e-02 3.286266200316224e-01 3.691734895177417e-03
7.304159885841408e-02 3.238580359662327e-01 3.669794169643337e-03
7.319004128264975e-02 3.190719749800848e-01 3.644217195664184e-03
7.333848360876553e-02 3.177362656413689e-01 3.625180502624745e-03
7.348692583656254e-02 3.172237127496660e-01 3.638566171600854e-03
7.363536796584186e-02 3.209703442819437e-01 3.611427087645141e-03
7.378380999640459e-02 3.113703173615636e-01 3.606471587766558e-03
7.393225192805185e-02 3.165476862734995e-01 3.605523167661826e-03
7.408069376058472e-02 3.121229588497372e-01 3.578648200759998e-03
7.422913549380430e-02 3.183915792297146e-01 3.617619006553949e-03
7.437757712751171e-02 3.154367775064593e-01 3.564541828575499e-03
7.452601866150806e-02 3.225078312696275e-01 3.632867857592945e-03
7.467446009559441e-02 3.201563380238295e-01 3.587988291789448e-03
7.482290142957190e-02 3.225951232175766e-01 3.625350903638039e-03
7.497134266324165e-02 3.302275092904464e-01 3.626684626663519e-03
7.511978379640473e-02 3.223745344476614e-01 3.592599828759237e-03
7.526822482886228e-02 3.262359337877993e-01 3.626635082081728e-03
7.541666576041539e-02 3.268744955115200e-01 3.603577730787387e-03
7.556510659086517e-02 3.309394041442717e-01 3.629035698094993e-03
7.571354732001272e-02 3.327563346567045e-01 3.620340171340554e-03
7.586198794765918e-02 3.403838533243376e-01 3.660041433595028e-03
7.601042847360565e-02 3.350905888166777e-01 3.634567742136249e-03
7.615886889765322e-02 3.448629628078496e-01 3.673122366625583e-03
7.630730921960302e-02 3.453276992185457e-01 3.681833281256327e-03
7.645574943925618e-02 3.504378616243469e-01 3.682500501666071e-03
7.660418955641379e-02 3.510203446857060e-01 3.712059728538105e-03
7.675262957087696e-02 3.548253956040409e-01 3.713261410375144e-03
7.690106948244683e-02 3.495408373796216e-01 3.685507832276697e-03
7.704950929092451e-02 3.591783162366131e-01 3.735972181034379e-03
7.719794899611111e-02 3.610588382426315e-01 3.742597502635933e-03
7.734638859780776e-02 3.557204824875673e-01 3.717948918724499e-03
7.749482809581558e-02 3.593604703476553e-01 3.712052954505892e-03
7.764326748993566e-02 3.617809853216480e-01 3.732280134185025e-03
7.779170677996915e-02 3.575659400835314e-01 3.730722297938988e-03
7.794014596571718e-02 3.720953076948090e-01 3.780394549363028e-03
7.808858504698084e-02 3.616103027430370e-01 3.726753203132594e-03
7.823702402356127e-02 3.660788077865781e-01 3.743497181822490e-03
7.838546289525961e-02 3.652174057329797e-01 3.746854323197538e-03
7.853390166187696e-02 3.546208468687082e-01 3.685976734201909e-03
7.868234032321446e-02 3.576940482440593e-01 3.706524818033244e-03
7.883077887907322e-02 3.631652308906847e-01 3.730121698218413e-03
7.897921732925441e-02 3.516999428995485e-01 3.652657969212905e-03
7.912765567355910e-02 3.544564878410189e-01 3.677520250955583e-03
7.927609391178843e-02 3.437620265467319e-01 3.617145148788522e-03
7.942453204374357e-02 3.452467141607909e-01 3.624949581512348e-03
7.957297006922565e-02 3.420958081205335e-01 3.605405587991440e-03
7.972140798803574e-02 3.444768053422987e-01 3.613481417610680e-03
7.986984579997504e-02 3.361892845818643e-01 3.577089049318891e-03
8.001828350484462e-02 3.353597208414626e-01 3.533627922920332e-03
8.016672110244569e-02 3.230237470349465e-01 3.499159069333862e-03
8.031515859257930e-02 3.267437013869829e-01 3.522139505640806e-03
8.046359597504665e-02 3.205083469547913e-01 3.472726062504774e-03
8.061203324964886e-02 3.132672426098377e-01 3.436071696306998e-03
8.076047041618704e-02 3.084788203635627e-01 3.389058731305197e-03
8.090890747446239e-02 2.991676836277580e-01 3.363345941325563e-03
8.105734442427596e-02 2.939020749942757e-01 3.317382029533060e-03
8.120578126542898e-02 2.888190960224927e-01 3.289903996331774e-03
8.135421799772254e-02 2.885089546651444e-01 3.292142969006978e-03
8.150265462095777e-02 2.749323269947339e-01 3.176551563047231e-03
8.165109113493584e-02 2.730644222229874e-01 3.218542128365084e-03
8.179952753945788e-02 2.661356414020761e-01 3.139055583025603e-03
8.194796383432505e-02 2.627430513214530e-01 3.121485428421191e-03
8.209640001933849e-02 2.623123350684768e-01 3.128980359308913e-03
8.224483609429935e-02 2.553924347399084e-01 3.065248748141504e-03
8.239327205900873e-02 2.539855572083379e-01 3.096463962507924e-03
8.254170791326784e-02 2.503390155523491e-01 3.019202127178498e-03
8.269014365687780e-02 2.426632384862748e-01 2.997441878327718e-03
8.283857928963975e-02 2.367571650604494e-01 2.965494353900461e-03
8.298701481135486e-02 2.341432306255487e-01 2.941999379428622e-03
8.313545022182427e-02 2.306312093318561e-01 2.921020986862381e-03
8.328388552084913e-02 2.306393826731797e-01 2.901411240728360e-03
8.343232070823060e-02 2.301959438738098e-01 2.906662730621586e-03
8.358075578376983e-02 2.298313636551521e-01 2.902059210176955e-03
8.372919074726795e-02 2.201805320969741e-01 2.828178229780990e-03
8.387762559852617e-02 2.182549912150152e-01 2.843849025858940e-03
8.402606033734558e-02 2.175357545401344e-01 2.806737728710481e-03
8.417449496352740e-02 2.135482698582833e-01 2.798482929694384e-03
8.432292947687275e-02 2.072812638607854e-01 2.750578941371767e-03
8.447136387718281e-02 2.158945912849756e-01 2.793947406667137e-03
8.461979816425871e-02 2.139654955289122e-01 2.791276442631959e-03
8.476823233790162e-02 2.111254608998483e-01 2.772691207088842e-03
8.491666639791272e-02 2.090690722637264e-01 2.760243317518285e-03
8.506510034409315e-02 2.104357145306646e-01 2.758404525094239e-03
8.521353417624407e-02 2.106769606840067e-01 2.753535533995305e-03
8.536196789416668e-02 2.088838164537436e-01 2.752524887916668e-03
8.551040149766212e-02 2.066013230056352e-01 2.735301942475111e-03
8.565883498653153e-02 2.077100809118724e-01 2.728778781871017e-03
8.580726836057613e-02 2.114597004546380e-01 2.769448766335892e-03
8.595570161959706e-02 2.096105199810455e-01 2.741236642192241e-03
8.610413476339546e-02 2.113877092825130e-01 2.761410198785583e-03
8.625256779177254e-02 2.097875929827933e-01 2.740273679989120e-03
8.640100070452945e-02 2.121964624667370e-01 2.747469724719032e-03
8.654943350146739e-02 2.094701085525237e-01 2.742450802352955e-03
8.669786618238751e-02 2.119925835170799e-01 2.755707937403752e-03
8.684629874709095e-02 2.183132364340407e-01 2.798657654589665e-03
8.699473119537893e-02 2.168173039513443e-01 2.770842306972327e-03
8.714316352705261e-02 2.144128470528279e-01 2.763915184800404e-03
8.729159574191316e-02 2.211670061505313e-01 2.809276932666585e-03
8.744002783976176e-02 2.173137329069759e-01 2.774016949451165e-03
8.758845982039959e-02 2.191537281398262e-01 2.790013348102610e-03
8.773689168362783e-02 2.192157701172218e-01 2.791481920036237e-03
8.788532342924767e-02 2.216064644661167e-01 2.800213977966144e-03
8.803375505706024e-02 2.208078219841471e-01 2.802680431479140e-03
8.818218656686679e-02 2.229604209326966e-01 2.801266747576705e-03
8.833061795846844e-02 2.262489652813384e-01 2.817565930841658e-03
8.847904923166640e-02 2.145660718695384e-01 2.755379698319920e-03
8.862748038626185e-02 2.220248783796288e-01 2.793263008866674e-03
8.877591142205599e-02 2.229927238784634e-01 2.796160746776541e-03
8.892434233885001e-02 2.220041564648179e-01 2.785736594070005e-03
8.907277313644503e-02 2.214302827870714e-01 2.784240520911682e-03
8.922120381464232e-02 2.227827211433751e-01 2.806575724483812e-03
8.936963437324301e-02 2.259944846526009e-01 2.800102718997110e-03
8.951806481204833e-02 2.221035285494928e-01 2.792705840599089e-03
8.966649513085943e-02 2.201066890103344e-01 2.766504531320252e-03
8.981492532947756e-02 2.180206052720190e-01 2.760639317430941e-03
8.996335540770387e-02 2.227363238850704e-01 2.796685894202287e-03
9.011178536533952e-02 2.127564411915983e-01 2.710768067839060e-03
9.026021520218577e-02 2.116338349442159e-01 2.716829070798044e-03
9.040864491804375e-02 2.164193245543854e-01 2.737074084243717e-03
9.055707451271472e-02 2.130555967732435e-01 2.718775818311725e-03
9.070550398599986e-02 2.074532430737308e-01 2.681787956074266e-03
9.085393333770032e-02 2.132870289951980e-01 2.708092872465809e-03
9.100236256761735e-02 2.051938777128226e-01 2.662162874110511e-03
9.115079167555214e-02 2.062675566831464e-01 2.667129009062731e-03
9.129922066130586e-02 1.987943613391323e-01 2.619345699292412e-03
9.144764952467974e-02 2.026600302276731e-01 2.644691866766956e-03
9.159607826547496e-02 1.999970395741036e-01 2.608829650510213e-03
9.174450688349275e-02 1.981584565981815e-01 2.630911378269050e-03
9.189293537853430e-02 1.928958596057251e-01 2.558336525732566e-03
9.204136375040081e-02 1.918928384103350e-01 2.573483398922144e-03
9.218979199889352e-02 1.821937393779453e-01 2.492765972125261e-03
9.233822012381357e-02 1.909768272650016e-01 2.555917668210650e-03
9.248664812496223e-02 1.815650786711582e-01 2.493988159965839e-03
9.263507600214066e-02 1.840822422678466e-01 2.489189349255846e-03
9.278350375515013e-02 1.807618937577852e-01 2.493089640365622e-03
9.293193138379179e-02 1.761369297031082e-01 2.449182590302624e-03
9.308035888786687e-02 1.755233152536640e-01 2.449427498940944e-03
9.322878626717657e-02 1.766045829440998e-01 2.439001349496467e-03
9.337721352152216e-02 1.763163535861200e-01 2.439678408620514e-03
9.352564065070480e-02 1.680539715632683e-01 2.393212591782899e-03
9.367406765452573e-02 1.680110266162957e-01 2.391146702547003e-03
9.382249453278614e-02 1.644902408152586e-01 2.351300595823742e-03
9.397092128528726e-02 1.664065491337635e-01 2.360673452565889e-03
9.411934791183033e-02 1.661362365103587e-01 2.367343349491342e-03
9.426777441221654e-02 1.684760691541974e-01 2.395340546280662e-03
9.441620078624713e-02 1.634331426812629e-01 2.331905532694418e-03
9.456462703372331e-02 1.628646666760229e-01 2.343922478944555e-03
9.471305315444631e-02 1.566976274918418e-01 2.286643056900303e-03
9.486147914821734e-02 1.577911307804568e-01 2.306286558799662e-03
9.500990501483762e-02 1.569507353613872e-01 2.291801152476027e-03
9.515833075410839e-02 1.561183672764089e-01 2.281593631749136e-03
9.530675636583089e-02 1.524135337758145e-01 2.256802199368721e-03
9.545518184980632e-02 1.511193964442493e-01 2.248014145728805e-03
9.560360720583591e-02 1.511619884719378e-01 2.249145497778471e-03
9.575203243372092e-02 1.529084424303163e-01 2.246710883523270e-03
9.590045753326254e-02 1.525947251303628e-01 2.256518615065690e-03
9.604888250426204e-02 1.529927920302891e-01 2.261910523430380e-03
9.619730734652061e-02 1.499219905027860e-01 2.223080102989774e-03
9.634573205983951e-02 1.527782193109640e-01 2.253817184985513e-03
9.649415664401995e-02 1.503672763646378e-01 2.224796464515350e-03
9.664258109886319e-02 1.513065951012476e-01 2.242132868103173e-03
9.679100542417043e-02 1.509361383376425e-01 2.245039657901095e-03
9.693942961974295e-02 1.478935808600099e-01 2.193967364115865e-03
9.708785368538199e-02 1.528181651651605e-01 2.249272538111659e-03
9.723627762088875e-02 1.506221566793083e-01 2.222736197276738e-03
9.738470142606449e-02 1.507414131234005e-01 2.234739389404988e-03
9.753312510071047e-02 1.515737409250719e-01 2.229749037440698e-03
9.768154864462790e-02 1.522422156319695e-01 2.227563854017993e-03
9.782997205761802e-02 1.513231710610469e-01 2.240657091307538e-03
9.797839533948209e-02 1.520696958816661e-01 2.220054702632724e-03
9.812681849002138e-02 1.536303781696600e-01 2.244034982165989e-03
9.827524150903710e-02 1.509957613538204e-01 2.217650193001648e-03
9.842366439633053e-02 1.546448258311076e-01 2.246662651140927e-03
9.857208715170288e-02 1.508910926959940e-01 2.234259264419113e-03
9.872050977495538e-02 1.492099819102575e-01 2.191422740706509e-03
9.886893226588934e-02 1.523300624057998e-01 2.221962325769573e-03
9.901735462430598e-02 1.537466884367606e-01 2.229149493370616e-03
9.916577685000656e-02 1.512899727666592e-01 2.219817575090732e-03
9.931419894279231e-02 1.514446903598231e-01 2.228815474303136e-03
9.946262090246452e-02 1.545410767692107e-01 2.224822023922820e-03
9.961104272882444e-02 1.531311663338200e-01 2.227023790288701e-03
9.975946442167330e-02 1.516361750324461e-01 2.218458985278844e-03
9.990788598081238e-02 1.482284340402764e-01 2.193390785857824e-03
1.000563074060429e-01 1.498411785365404e-01 2.191494437249641e-03
1.002047286971662e-01 1.497757636094508e-01 2.194060425613516e-03
1.003531498539835e-01 1.505809458520822e-01 2.206092232703478e-03
1.005015708762960e-01 1.505241275886979e-01 2.203368916073025e-03
1.006499917639050e-01 1.523871439493958e-01 2.208509332599939e-03
1.007984125166118e-01 1.475937481530041e-01 2.170496296367706e-03
1.009468331342177e-01 1.498730932577931e-01 2.194779844022409e-03
1.010952536165238e-01 1.463155345706447e-01 2.174629079106887e-03
1.012436739633315e-01 1.453744976200741e-01 2.221854487742599e-03
1.013920941744421e-01 1.423185204590832e-01 2.208945767427511e-03
1.015405142496567e-01 1.500712343445575e-01 2.289630060550343e-03
1.016889341887768e-01 1.471075247993442e-01 2.286860351851715e-03
1.018373539916035e-01 1.425895172161848e-01 2.271639897149409e-03
1.019857736579381e-01 1.435231751482002e-01 2.277285147860916e-03
1.021341931875819e-01 1.390845844725666e-01 2.261313766788086e-03
1.022826125803362e-01 1.441886676989418e-01 2.308866515824675e-03
1.024310318360022e-01 1.373847518357312e-01 2.285939135005449e-03
1.025794509543812e-01 1.431308426173374e-01 2.304070898980238e-03
1.027278699352746e-01 1.387543778335343e-01 2.306813121912608e-03
1.028762887784834e-01 1.333404924654539e-01 2.270797598137750e-03
1.030247074838092e-01 1.363789158003764e-01 2.286036917117674e-03
1.031731260510531e-01 1.313089327467067e-01 2.274451155450385e-03
1.033215444800164e-01 1.364501648904395e-01 2.289483860029263e-03
1.034699627705003e-01 1.296807823493025e-01 2.276854084569097e-03
1.036183809223063e-01 1.313249246428583e-01 2.284343596728168e-03
1.037667989352355e-01 1.344456620267915e-01 2.316307900697734e-03
1.039152168090893e-01 1.312931971243984e-01 2.288992000922585e-03
1.040636345436689e-01 1.281518206037877e-01 2.195204515538964e-03
1.042120521387756e-01 1.308584958662852e-01 2.223697348796187e-03
1.043604695942107e-01 1.268356380599744e-01 2.156894005986343e-03
1.045088869097756e-01 1.280606451248985e-01 2.151140756595309e-03
1.046573040852714e-01 1.309871341013798e-01 2.185852927684832e-03
1.048057211204995e-01 1.257538754016138e-01 2.107935819489131e-03
1.049541380152612e-01 1.255420296518651e-01 2.129054605750633e-03
1.051025547693577e-01 1.217863556286460e-01 2.057977223031393e-03
1.052509713825904e-01 1.229415260902786e-01 2.078685072049442e-03
1.053993878547606e-01 1.188089089235911e-01 2.048125068706050e-03
1.055478041856695e-01 1.223231153049912e-01 2.059416769714839e-03
1.056962203751185e-01 1.221069167841741e-01 2.064573567493048e-03
1.058446364229088e-01 1.197790776778858e-01 2.022037848720944e-03
1.059930523288418e-01 1.179410350538754e-01 2.016159712241511e-03
1.061414680927188e-01 1.165154727774390e-01 2.009186114392803e-03
1.062898837143410e-01 1.177500701622951e-01 2.005582506499249e-03
1.064382991935097e-01 1.184741709375367e-01 2.008036795551470e-03
1.065867145300264e-01 1.163037425211713e-01 1.975795857653324e-03
1.067351297236922e-01 1.191066716540168e-01 2.014133591460287e-03
1.068835447743085e-01 1.167452353773979e-01 1.983868671840606e-03
1.070319596816766e-01 1.175421119907878e-01 1.975567435559943e-03
1.071803744455978e-01 1.186057329293481e-01 1.995982930082693e-03
1.073287890658734e-01 1.165808579022616e-01 1.968889264796281e-03
1.074772035423047e-01 1.175773113868405e-01 1.985151849537840e-03
1.076256178746930e-01 1.152058175516196e-01 1.946777594732263e-03
1.077740320628398e-01 1.144880855040655e-01 1.949739833497143e-03
1.079224461065461e-01 1.157823464830119e-01 1.955124706930458e-03
1.080708600056134e-01 1.139843741696497e-01 1.939194153938831e-03
1.082192737598431e-01 1.127100013050744e-01 1.935238667740312e-03
1.083676873690363e-01 1.130069187495833e-01 1.914546683333197e-03
1.085161008329945e-01 1.137645507035721e-01 1.931823352145416e-03
1.086645141515189e-01 1.139943283100918e-01 1.933774546378481e-03
1.088129273244109e-01 1.167763541347432e-01 1.951701512704635e-03
1.089613403514718e-01 1.140624657424096e-01 1.932984503290009e-03
1.091097532325029e-01 1.129360314577398e-01 1.910605714471619e-03
1.092581659673056e-01 1.153910136208790e-01 1.938045052280685e-03
1.094065785556811e-01 1.114643081924660e-01 1.902110222013317e-03
1.095549909974309e-01 1.124839558044120e-01 1.906781629346700e-03
1.097034032923561e-01 1.110490709850748e-01 1.897235535091104e-03
1.098518154402582e-01 1.158295543590507e-01 1.934257292206224e-03
1.100002274409385e-01 1.108231252085636e-01 1.891995216548967e-03
1.101486392941984e-01 1.129320508769446e-01 1.895409437002904e-03
1.102970509998390e-01 1.090079912511962e-01 1.861549522535724e-03
1.104454625576619e-01 1.087253164160399e-01 1.862980711511655e-03
1.105938739674683e-01 1.122780458601003e-01 1.890567185230949e-03
1.107422852290595e-01 1.143562120550583e-01 1.901452614364287e-03
1.108906963422369e-01 1.137789501094836e-01 1.909085783046858e-03
1.110391073068019e-01 1.171944384190169e-01 1.981230618372035e-03
1.111875181225557e-01 1.117123798990914e-01 1.939965663108677e-03
1.113359287892998e-01 1.149102304068496e-01 1.994596576329783e-03
1.114843393068354e-01 1.121951349199170e-01 1.970155706009032e-03
1.116327496749638e-01 1.103085988764546e-01 1.969796408508118e-03
1.117811598934866e-01 1.127645491130249e-01 1.999987695516083e-03
1.119295699622049e-01 1.068444271221766e-01 1.954289583848741e-03
1.120779798809202e-01 1.063404456730913e-01 1.951940287189804e-03
1.122263896494337e-01 1.094684476493379e-01 1.987381172739643e-03
1.123747992675469e-01 1.100127303930763e-01 2.011231900984734e-03
1.125232087350610e-01 1.064872867389991e-01 1.984273432399283e-03
1.126716180517775e-01 1.078814530918785e-01 1.970622404148360e-03
1.128200272174977e-01 1.103666752918959e-01 2.013668589931197e-03
1.129684362320229e-01 1.117541190956778e-01 2.014323557435260e-03
1.131168450951544e-01 1.059735293719310e-01 1.971621872928691e-03
1.132652538066937e-01 1.086695356797363e-01 2.004509036308277e-03
1.134136623664422e-01 1.078818487297235e-01 1.977570234923000e-03
1.135620707742011e-01 1.098944856073320e-01 2.011761493135165e-03
1.137104790297718e-01 1.043798908842168e-01 1.961418259662256e-03
1.138588871329557e-01 1.060665604197884e-01 1.981946735631084e-03
1.140072950835541e-01 1.057758738240985e-01 1.982407299605328e-03
1.141557028813685e-01 1.037246999819037e-01 1.959163307542559e-03
1.143041105262001e-01 1.017186719921278e-01 1.951083945431352e-03
1.144525180178503e-01 1.041870175236905e-01 1.958831739001222e-03
1.146009253561206e-01 1.040299339725493e-01 1.972330814898429e-03
1.147493325408122e-01 1.036023481324938e-01 1.963518435735600e-03
1.148977395717266e-01 1.040016277755257e-01 1.979278619513017e-03
1.150461464486651e-01 9.885521337425592e-02 1.937592718837295e-03
1.151945531714290e-01 9.921642520371302e-02 1.916890117640321e-03
1.153429597398198e-01 1.008447111491815e-01 1.949805239903675e-03
1.154913661536388e-01 9.967303530574907e-02 1.932940631179201e-03
1.156397724126874e-01 9.742470927154691e-02 1.925901074780817e-03
1.157881785167671e-01 9.819693032804871e-02 1.922475758422353e-03
1.159365844656790e-01 9.981349311364268e-02 1.942985499583167e-03
1.160849902592246e-01 9.662900119917385e-02 1.918813944335695e-03
1.162333958972054e-01 9.833869175007860e-02 1.928580416057064e-03
1.163818013794227e-01 9.572537972760364e-02 1.912977823956578e-03
1.165302067056779e-01 9.586678705778211e-02 1.900309235592215e-03
1.166786118757722e-01 9.623492578842441e-02 1.921243384500898e-03
1.168270168895073e-01 9.541528295961658e-02 1.921026552842585e-03
1.169754217466844e-01 9.611962508336502e-02 1.909828954353286e-03
1.171238264471048e-01 9.343305617914112e-02 1.890722206326603e-03
1.172722309905701e-01 9.644208992326768e-02 1.908341815358904e-03
1.174206353768815e-01 9.543289884117026e-02 1.926856364903686e-03
1.175690396058405e-01 9.371819520262709e-02 1.907064355581719e-03
1.177174436772486e-01 9.168659807601875e-02 1.858427280902647e-03
1.178658475909069e-01 9.173406907423910e-02 1.893135117865675e-03
1.180142513466170e-01 9.500874542618684e-02 1.908976490796415e-03
1.181626549441803e-01 9.486980184432642e-02 1.929300359392002e-03
1.183110583833981e-01 9.065183250775030e-02 1.857011385812887e-03
1.184594616640718e-01 9.020884446630809e-02 1.862452116361713e-03
1.186078647860030e-01 9.563418509253342e-02 1.942837397106171e-03
1.187562677489928e-01 9.347834759372926e-02 1.896693995872455e-03
1.189046705528428e-01 9.041018202562447e-02 1.877848829613141e-03
1.190530731973543e-01 9.094126566470014e-02 1.869226223711535e-03
1.192014756823288e-01 9.421987303153208e-02 1.909775104751996e-03
1.193498780075676e-01 9.112344585747317e-02 1.904615165185075e-03
1.194982801728722e-01 9.059107310740229e-02 1.867956444454849e-03
1.196466821780439e-01 9.161843395713599e-02 1.891957779425654e-03
1.197950840228843e-01 9.127219575332580e-02 1.884406070729035e-03
1.199434857071946e-01 9.314136656979959e-02 1.906011182858937e-03
1.200918872307763e-01 9.125115948399738e-02 1.900241244005089e-03
1.202402885934308e-01 8.928215253700376e-02 1.854419290953711e-03
1.203886897949596e-01 9.136619744907044e-02 1.904702891722941e-03
1.205370908351639e-01 9.048791227206816e-02 1.879463312064559e-03
1.206854917138454e-01 8.934411544934305e-02 1.882702764765430e-03
1.208338924308053e-01 8.706211213246953e-02 1.841991469414562e-03
1.209822929858451e-01 8.994395808592186e-02 1.873019693891198e-03
1.211306933787662e-01 9.283768209293429e-02 1.924949912402244e-03
1.212790936093700e-01 8.903831529638116e-02 1.865930307285331e-03
1.214274936774580e-01 9.224235523656081e-02 1.908099541290437e-03
1.215758935828316e-01 8.877547664217741e-02 1.870304922440554e-03
1.217242933252921e-01 8.879916774243035e-02 1.874551900317060e-03
1.218726929046411e-01 9.107969165437665e-02 1.908291394308273e-03
1.220210923206799e-01 8.704677879308999e-02 1.851221276969952e-03
1.221694915732101e-01 8.881855342912648e-02 1.869967884917203e-03
1.223178906620329e-01 8.587703969712319e-02 1.842668258487816e-03
1.224662895869498e-01 9.228053025974725e-02 1.917523980189770e-03
1.226146883477624e-01 9.331800758251615e-02 1.929937319659528e-03
1.227630869442719e-01 9.106069258562190e-02 1.895042623733239e-03
1.229114853762799e-01 8.835460598319189e-02 1.881163053182445e-03
1.230598836435877e-01 8.871469010485954e-02 1.875277309299739e-03
1.232082817459969e-01 8.951116725455718e-02 1.895079507417098e-03
1.233566796833089e-01 8.889834443269494e-02 1.870818708687942e-03
1.235050774553250e-01 8.562561169941650e-02 1.852691303220194e-03
1.236534750618467e-01 8.568815076266185e-02 1.855782906895535e-03
1.238018725026756e-01 8.602604625169485e-02 1.851414420394279e-03
1.239502697776129e-01 8.593513869031159e-02 1.852033198358787e-03
1.240986668864602e-01 8.907533195567323e-02 1.878290326341533e-03
1.242470638290189e-01 8.633710199027751e-02 1.861993827591945e-03
1.243954606050905e-01 8.494559342282469e-02 1.850144084080374e-03
1.245438572144764e-01 8.554028246893412e-02 1.852580463505996e-03
1.246922536569781e-01 8.456496069227658e-02 1.838803261874429e-03
1.248406499323969e-01 8.890518596702744e-02 1.879724070220461e-03
1.249890460405344e-01 8.507485653287614e-02 1.855602160682489e-03
1.251374419811920e-01 8.499214566780504e-02 1.845041349188561e-03
1.252858377541713e-01 8.250568469057368e-02 1.821801446404648e-03
1.254342333592735e-01 8.504908810018773e-02 1.858580271069387e-03
1.255826287963002e-01 8.383606393273199e-02 1.827713048721356e-03
1.257310240650529e-01 8.429659559373966e-02 1.852784303608442e-03
1.258794191653329e-01 8.319877920833726e-02 1.820755819355070e-03
1.260278140969418e-01 8.638702013497263e-02 1.867418284791575e-03
1.261762088596811e-01 8.140095096776563e-02 1.811147387879317e-03
1.263246034533521e-01 7.910935764056201e-02 1.787810626638723e-03
1.264729978777564e-01 8.456259840133998e-02 1.853266846935226e-03
1.266213921326954e-01 8.066048111379399e-02 1.788924940144248e-03
1.267697862179706e-01 8.357752503786411e-02 1.835207309431168e-03
1.269181801333835e-01 8.162457768083962e-02 1.801906571167355e-03
1.270665738787355e-01 8.130154864085849e-02 1.811628253039366e-03
1.272149674538281e-01 8.019554075052773e-02 1.794573241138821e-03
1.273633608584628e-01 8.122442793323957e-02 1.788286291113101e-03
1.275117540924411e-01 8.196624253169971e-02 1.817437783186780e-03
1.276601471555643e-01 7.856672291131653e-02 1.762542935336520e-03
1.278085400476341e-01 8.182422078409235e-02 1.804117139180068e-03
1.279569327684519e-01 8.002906438864595e-02 1.798973817154238e-03
1.281053253178191e-01 7.723577451412419e-02 1.746807810478932e-03
1.282537176955372e-01 7.840153426391686e-02 1.773626961117740e-03
1.284021099014078e-01 7.850023421963578e-02 1.761051347429335e-03
1.285505019352323e-01 8.013283413485110e-02 1.786917359078703e-03
1.286988937968122e-01 7.905402345542975e-02 1.785648373710947e-03
1.288472854859490e-01 7.637162060125145e-02 1.747492509217255e-03
1.289956770024441e-01 8.397806632569139e-02 1.844447165614923e-03
1.291440683460992e-01 8.151468876768478e-02 1.796855649710153e-03
1.292924595167155e-01 7.753265992182824e-02 1.763016791793472e-03
1.294408505140947e-01 7.615555717608892e-02 1.748048571590894e-03
1.295892413380383e-01 7.876274650056356e-02 1.770061095263572e-03
1.297376319883476e-01 7.706460515408083e-02 1.773123471052373e-03
1.298860224648243e-01 7.828260475262809e-02 1.762388803990169e-03
1.300344127672698e-01 7.398917780388192e-02 1.726759535206385e-03
1.301828028954856e-01 7.254400898967608e-02 1.711305372211043e-03
1.303311928492733e-01 7.649435507853433e-02 1.746646773819092e-03
1.304795826284343e-01 7.620833356094915e-02 1.750182344951099e-03
1.306279722327701e-01 7.826744495313571e-02 1.780646028620015e-03
1.307763616620822e-01 7.625625795189130e-02 1.756851446390498e-03
1.309247509161722e-01 7.715945483790525e-02 1.752718877284030e-03
1.310731399948415e-01 7.244111149021581e-02 1.709353710612063e-03
1.312215288978917e-01 7.841963603163297e-02 1.775399885699953e-03
1.313699176251241e-01 7.795896712483964e-02 1.778698726423754e-03
1.315183061763405e-01 8.084045198576324e-02 1.811273636803884e-03
1.316666945513423e-01 7.914981322050541e-02 1.780559226856715e-03
1.318150827499309e-01 7.383630047892054e-02 1.730274293709992e-03
1.319634707719080e-01 7.525451772326616e-02 1.734693564550026e-03
1.321118586170749e-01 7.433311371119936e-02 1.741438488686982e-03
1.322602462852334e-01 7.516460362547273e-02 1.744244730907959e-03
1.324086337761848e-01 7.459555007887606e-02 1.733842768647491e-03
1.325570210897306e-01 7.394152192789027e-02 1.739920929870007e-03
1.327054082256724e-01 7.204304234877779e-02 1.699487623015658e-03
1.328537951838119e-01 7.638783399013385e-02 1.764572075991323e-03
1.330021819639503e-01 7.725585271075003e-02 1.764494601516821e-03
1.331505685658892e-01 7.543370414701463e-02 1.748137526840887e-03
1.332989549894304e-01 7.418923068380343e-02 1.750603133331850e-03
1.334473412343751e-01 7.441430477056334e-02 1.721281012024928e-03
1.335957273005250e-01 7.825700523417117e-02 1.791571061983544e-03
1.337441131876815e-01 7.733827424096894e-02 1.770074365555679e-03
1.338924988956463e-01 7.545987487202382e-02 1.749213796789525e-03
1.340408844242209e-01 7.613911424298456e-02 1.766383362058741e-03
1.341892697732067e-01 7.335059444392905e-02 1.715598042673467e-03
1.343376549424055e-01 7.237983705068271e-02 1.725286671087950e-03
1.344860399316185e-01 7.720393885170633e-02 1.769318367750428e-03
1.346344247406474e-01 7.574072446117797e-02 1.754781420142320e-03
1.347828093692938e-01 7.382918641573090e-02 1.736316408926522e-03
1.349311938173592e-01 7.353830464932197e-02 1.727565477285686e-03
1.350795780846451e-01 7.382679648520282e-02 1.747900066034967e-03
1.352279621709530e-01 7.452835689760409e-02 1.738396316411879e-03
1.353763460760846e-01 7.135742115177522e-02 1.706256196411918e-03
1.355247297998415e-01 7.314994238050011e-02 1.722248129592209e-03
1.356731133420249e-01 7.463736374062263e-02 1.744263605345172e-03
1.358214967024367e-01 7.422485374567077e-02 1.753397358135589e-03
1.359698798808782e-01 7.258261575798144e-02 1.715560743592526e-03
1.361182628771512e-01 7.231179676713426e-02 1.722197667304825e-03
1.362666456910571e-01 7.076773651965153e-02 1.699949514221806e-03
1.364150283223974e-01 7.182102685388880e-02 1.709539954077572e-03
1.365634107709738e-01 7.323491523599478e-02 1.737787634112524e-03
1.367117930365878e-01 7.418910522039950e-02 1.735209982532699e-03
1.368601751190411e-01 7.102468616854460e-02 1.709083001169701e-03
1.370085570181349e-01 7.168108339761811e-02 1.708630784405555e-03
1.371569387336711e-01 7.382937467913361e-02 1.744055043324970e-03
1.373053202654511e-01 7.321197610413976e-02 1.727543385799037e-03
1.374537016132766e-01 7.277602421598683e-02 1.730801232847889e-03
1.376020827769490e-01 6.960807079726691e-02 1.698768695401137e-03
1.377504637562700e-01 7.253037891726336e-02 1.722525177453430e-03
1.378988445510411e-01 6.987145670789857e-02 1.690658391783245e-03
1.380472251610639e-01 6.933987169187325e-02 1.682729043987842e-03
1.381956055861399e-01 6.915293641971022e-02 1.691696306863317e-03
1.383439858260708e-01 6.998386231820336e-02 1.706415986856114e-03
1.384923658806582e-01 7.037382245337366e-02 1.688539528077684e-03
1.386407457497034e-01 7.224186687632607e-02 1.724449179950457e-03
1.387891254330083e-01 7.084242764609947e-02 1.707666269392036e-03
1.389375049303744e-01 6.931934633140546e-02 1.690715764180621e-03
1.390858842416031e-01 7.079901506706135e-02 1.705629022510309e-03
1.392342633664962e-01 6.966890471060534e-02 1.691212039801131e-03
1.393826423048553e-01 6.755890049309693e-02 1.672844575426946e-03
1.395310210564817e-01 7.063282258206312e-02 1.702119268274581e-03
1.396793996211773e-01 6.911218909497206e-02 1.692726718685174e-03
1.398277779987435e-01 6.545477773193069e-02 1.636369443298267e-03
1.399761561889819e-01 6.956877028211628e-02 1.699835601983517e-03
1.401245341916943e-01 6.651875212682679e-02 1.661411958888210e-03
1.402729120066820e-01 6.843292212919537e-02 1.680632748744443e-03
1.404212896337468e-01 6.771525157072650e-02 1.669565820065192e-03
1.405696670726902e-01 6.786899541239474e-02 1.666280944808812e-03
1.407180443233139e-01 6.942419630126384e-02 1.706521883191224e-03
1.408664213854193e-01 6.666346327881134e-02 1.657290395893187e-03
1.410147982588082e-01 6.688304861860725e-02 1.655602156412586e-03
1.411631749432821e-01 6.900650596634678e-02 1.698308180443772e-03
1.413115514386427e-01 7.065587490954103e-02 1.703169390526237e-03
1.414599277446915e-01 6.701491233072451e-02 1.675896607814527e-03
1.416083038612301e-01 6.934310261799963e-02 1.676892468610004e-03
1.417566797880601e-01 6.731984262740943e-02 1.675162061635388e-03
1.419050555249833e-01 6.927911423334294e-02 1.699365576557840e-03
1.420534310718010e-01 6.921482876671974e-02 1.707057862448120e-03
1.422018064283151e-01 6.776169637663955e-02 1.758413636126919e-03
1.423501815943271e-01 6.671121319497787e-02 1.752526711059909e-03
1.424985565696385e-01 6.652789094706738e-02 1.793471744049550e-03
1.426469313540512e-01 6.707141083071214e-02 1.824776869200786e-03
1.427953059473665e-01 6.898152808124025e-02 1.853565442438665e-03
1.429436803493862e-01 6.686326213231313e-02 1.862349139052287e-03
1.430920545599118e-01 6.828861344305945e-02 1.883152184246105e-03
1.432404285787451e-01 6.762561740110243e-02 1.909688245155330e-03
1.433888024056876e-01 6.651690734564583e-02 1.913017303891148e-03
1.435371760405410e-01 6.580178542849834e-02 1.902707753166958e-03
1.436855494831068e-01 6.656343641893173e-02 1.945168765637642e-03
1.438339227331868e-01 6.797053008086223e-02 1.975353406516494e-03
1.439822957905825e-01 6.686095812127001e-02 1.966498768272647e-03
1.441306686550955e-01 6.423173606332452e-02 1.954509486088940e-03
1.442790413265275e-01 6.884180266526349e-02 2.022136722228466e-03
1.444274138046802e-01 6.287130152229249e-02 1.973419565970872e-03
1.445757860893551e-01 6.872586696042686e-02 2.061879105345551e-03
1.447241581803540e-01 6.784323379906701e-02 2.059641678897447e-03
1.448725300774784e-01 6.672233122176760e-02 2.065004310031233e-03
1.450209017805300e-01 6.844270232525695e-02 2.097260341601445e-03
1.451692732893104e-01 6.590956315615271e-02 2.105403765492472e-03
1.453176446036212e-01 6.568811075227717e-02 2.079320813220513e-03
1.454660157232642e-01 6.710700949260621e-02 2.130649682040995e-03
1.456143866480410e-01 6.513807794232368e-02 2.117821589613642e-03
1.457627573777532e-01 6.298452717781808e-02 2.085626106036567e-03
1.459111279122024e-01 6.678894242752215e-02 2.188919177349813e-03
1.460594982511903e-01 6.282761604845631e-02 2.108356747279163e-03
1.462078683945185e-01 6.572037560072741e-02 2.179807262576431e-03
1.463562383419889e-01 6.495714828947248e-02 2.185982086565794e-03
1.465046080934028e-01 5.973419862957441e-02 2.096259419557973e-03
1.466529776485621e-01 6.473597111229502e-02 2.199817847763622e-03
1.468013470072683e-01 6.373904895063733e-02 2.209753935008000e-03
1.469497161693232e-01 5.969111200928914e-02 2.145552714519572e-03
1.470980851345284e-01 6.555898491619465e-02 2.281088824812623e-03
1.472464539026855e-01 6.288292866160387e-02 2.230227649225864e-03
1.473948224735963e-01 6.261780487438427e-02 2.223623449463025e-03
1.475431908470624e-01 6.424887793526642e-02 2.312367715286752e-03
1.476915590228854e-01 6.012962252370241e-02 2.227023056433423e-03
1.478399270008671e-01 6.267843818400999e-02 2.296360298761324e-03
1.479882947808090e-01 6.397035702606310e-02 2.350009784928657e-03
1.481366623625130e-01 6.407008249513352e-02 2.330206371555671e-03
1.482850297457805e-01 6.193870298231574e-02 2.368285499946453e-03
1.484333969304134e-01 5.955587196443368e-02 2.273853757770269e-03
1.485817639162133e-01 6.343748021213470e-02 2.369116111876973e-03
1.487301307029819e-01 6.371741797334145e-02 2.418680110559950e-03
1.488784972905207e-01 6.140274605201833e-02 2.330816365972589e-03
1.490268636786317e-01 6.741873042338066e-02 2.528399929837961e-03
1.491752298671163e-01 6.504974584696291e-02 2.405951761343750e-03
1.493235958557763e-01 6.292460061243781e-02 2.405982238002403e-03
1.494719616444135e-01 6.338078693305689e-02 2.434124457886279e-03
1.496203272328294e-01 6.151011791110207e-02 2.405235944175211e-03
1.497686926208257e-01 6.301311080659276e-02 2.462125976872578e-03
1.499170578082042e-01 6.303296842887252e-02 2.422553772028219e-03
1.500654227947665e-01 6.682927816547901e-02 2.551553696945256e-03
1.502137875803144e-01 6.380638610404855e-02 2.472447240457362e-03
1.503621521646495e-01 5.712257313043274e-02 2.341797184252046e-03
1.505105165475735e-01 6.462597058840830e-02 2.525145623340271e-03
1.506588807288882e-01 6.538958737646577e-02 2.487537137223438e-03
1.508072447083951e-01 6.482396221547623e-02 2.542604986808574e-03
1.509556084858961e-01 6.105518483823304e-02 2.428644851737595e-03
1.511039720611928e-01 5.909639818285459e-02 2.386881041514246e-03
1.512523354340869e-01 6.518248487904604e-02 2.546890436029897e-03
1.514006986043802e-01 6.273871428019778e-02 2.472251679914277e-03
1.515490615718743e-01 6.180049270509789e-02 2.496098390592512e-03
1.516974243363709e-01 5.786770385111532e-02 2.364410280589837e-03
1.518457868976718e-01 5.600656302825030e-02 2.358301732328703e-03
1.519941492555787e-01 6.089347828888805e-02 2.477720492296464e-03
1.521425114098933e-01 6.260159027391267e-02 2.504063610956507e-03
1.522908733604172e-01 5.871806214548943e-02 2.457274422384057e-03
1.524392351069522e-01 5.811541834523641e-02 2.394604096012846e-03
1.525875966493001e-01 6.072331016695029e-02 2.521398215560937e-03
1.527359579872626e-01 6.238462218224544e-02 2.530030516777387e-03
1.528843191206413e-01 5.582114335717786e-02 2.406620378515765e-03
1.530326800492380e-01 5.829662490712079e-02 2.490308395422016e-03
1.531810407728545e-01 5.771692123183429e-02 2.428169125803956e-03
1.533294012912923e-01 6.045528957488059e-02 2.577822208970082e-03
1.534777616043534e-01 5.390145511418615e-02 2.372879250377756e-03
1.536261217118393e-01 6.054796829526403e-02 2.558618650995486e-03
1.537744816135519e-01 5.773691945151713e-02 2.498520861212827e-03
1.539228413092928e-01 6.023589774527036e-02 2.573150025405776e-03
1.540712007988639e-01 5.869177132061573e-02 2.573804435204018e-03
1.542195600820668e-01 5.659537097928204e-02 2.453720520252576e-03
1.543679191587032e-01 5.707036957358751e-02 2.559955939661811e-03
1.545162780285749e-01 6.052386937555052e-02 2.585451563782527e-03
1.546646366914837e-01 5.901428506257734e-02 2.626101217932397e-03
1.548129951472313e-01 6.063834863891961e-02 2.629005832014327e-03
1.549613533956194e-01 5.725763756441446e-02 2.532928759499620e-03
1.551097114364498e-01 5.960072076079350e-02 2.662763828805734e-03
1.552580692695243e-01 6.189390978475422e-02 2.665959422910864e-03
1.554064268946445e-01 6.118976655069425e-02 2.691122855871419e-03
1.555547843116122e-01 5.956569546769051e-02 2.635031229850784e-03
1.557031415202292e-01 6.134413361725655e-02 2.708409663072594e-03
1.558514985202972e-01 6.207026663174437e-02 2.756637319116113e-03
1.559998553116179e-01 6.056191017524132e-02 2.673873654425795e-03
1.561482118939933e-01 6.050710014790147e-02 2.736225651245919e-03
1.562965682672249e-01 5.684480443612938e-02 2.627652014592145e-03
1.564449244311146e-01 5.962449363806692e-02 2.727160861256869e-03
1.565932803854641e-01 6.230180116669010e-02 2.826067091013416e-03
1.567416361300751e-01 5.963879645857362e-02 2.691461206808286e-03
1.568899916647495e-01 5.499500732649709e-02 2.655183974170792e-03
1.570383469892890e-01 5.988161683943875e-02 2.759199257402332e-03
1.571867021034954e-01 6.309454669896650e-02 2.867933940862114e-03
1.573350570071704e-01 6.007131045695091e-02 2.782749720800758e-03
1.574834117001158e-01 5.988195692023501e-02 2.759214927498266e-03
1.576317661821335e-01 4.897673047604641e-02 2.570611684033922e-03
1.577801204530250e-01 5.774794454354110e-02 2.775189109509925e-03
1.579284745125923e-01 5.506219491307053e-02 2.686760001618595e-03
1.580768283606372e-01 5.408292300947608e-02 2.721207178715162e-03
1.582251819969613e-01 5.264361048183541e-02 2.642107072923802e-03
1.583735354213664e-01 5.830836694269421e-02 2.872647055529181e-03
1.585218886336544e-01 5.233273133735622e-02 2.653374806607444e-03
1.586702416336271e-01 5.265264612657628e-02 2.701023755293376e-03
1.588185944210862e-01 5.892666834535663e-02 2.910180717833162e-03
1.589669469958334e-01 5.853752894359399e-02 2.839487234083401e-03
1.591152993576707e-01 5.847336438717043e-02 2.931004914004173e-03
1.592636515063998e-01 5.974231615022155e-02 2.894524675353063e-03
1.594120034418224e-01 5.694810705120058e-02 2.865370233314018e-03
1.595603551637404e-01 5.089249941683969e-02 2.751951193432079e-03
1.597087066719556e-01 6.441413585521620e-02 3.056959604323311e-03
1.598570579662698e-01 5.589615783284804e-02 2.898080779684556e-03
1.600054090464846e-01 6.091006157369946e-02 3.015497390487823e-03
1.601537599124021e-01 5.654765682960572e-02 2.900833588415785e-03
1.603021105638239e-01 5.684039209555793e-02 2.971094890076410e-03
1.604504610005519e-01 5.341163916303162e-02 2.846849932821429e-03
1.605988112223878e-01 6.010195823323430e-02 3.055154234919384e-03
1.607471612291335e-01 5.220151641331716e-02 2.852073514286578e-03
1.608955110205908e-01 5.729934471954549e-02 3.003301711180083e-03
1.610438605965615e-01 5.553639557030004e-02 2.977063291531443e-03
1.611922099568474e-01 5.425980205610279e-02 2.942650925295011e-03
1.613405591012503e-01 6.315361157038221e-02 3.185678294234690e-03
1.614889080295720e-01 5.813897333052102e-02 3.094425317424719e-03
1.616372567416144e-01 5.377685713869505e-02 2.960318555604005e-03
1.617856052371793e-01 5.351741020319977e-02 3.001107340107588e-03
1.619339535160685e-01 5.693545808361308e-02 3.078716974351560e-03
1.620823015780837e-01 5.726001947263835e-02 3.109937364803313e-03
1.622306494230269e-01 5.581459966147761e-02 3.110426033495713e-03
1.623789970506999e-01 5.245195917747898e-02 2.998478928963427e-03
1.625273444609043e-01 5.571212329973232e-02 3.119280060496929e-03
1.626756916534423e-01 5.619874758510898e-02 3.126981962270934e-03
1.628240386281155e-01 5.193410377738848e-02 3.028858440555956e-03
1.629723853847257e-01 5.740341452605764e-02 3.208948425521594e-03
1.631207319230749e-01 4.864104759761211e-02 2.971224878954434e-03
1.632690782429647e-01 5.872103080261310e-02 3.277488333667315e-03
1.634174243441972e-01 5.963580586032265e-02 3.302921805895377e-03
1.635657702265741e-01 5.134101822773564e-02 3.101624340544243e-03
1.637141158898972e-01 5.267865133901491e-02 3.148151559077110e-03
1.638624613339684e-01 5.583826180050234e-02 3.234623657300373e-03
1.640108065585895e-01 5.785267567697800e-02 3.368313002780021e-03
1.641591515635625e-01 5.316719208103286e-02 3.188756277349545e-03
1.643074963486891e-01 5.056052141818500e-02 3.135630427398283e-03
1.644558409137711e-01 5.442653098110870e-02 3.288026982900712e-03
1.646041852586105e-01 5.652374221714522e-02 3.336491007736245e-03
1.647525293830090e-01 5.039660718840661e-02 3.219721128818050e-03
1.649008732867686e-01 5.754617683507834e-02 3.432917100096594e-03
1.650492169696911e-01 5.618608491269937e-02 3.369817437264671e-03
1.651975604315783e-01 5.201515675000595e-02 3.323126467237724e-03
1.653459036722321e-01 5.392792049111630e-02 3.338054477594336e-03
1.654942466914544e-01 4.948234815527575e-02 3.248675312896067e-03
1.656425894890469e-01 5.531938481880658e-02 3.491728608044429e-03
1.657909320648118e-01 5.609443733148997e-02 3.458931184803083e-03
1.659392744185506e-01 5.807668525570237e-02 3.594856569586618e-03
1.660876165500653e-01 5.220595181072171e-02 3.384009235529467e-03
1.662359584591579e-01 5.414722536699268e-02 3.487929402136750e-03
1.663843001456301e-01 5.306252612211363e-02 3.521883555962928e-03
1.665326416092838e-01 5.218260951553614e-02 3.440819376538172e-03
1.666809828499210e-01 5.329649541722191e-02 3.529646634913962e-03
1.668293238673434e-01 5.469914456521020e-02 3.575794942497943e-03
1.669776646613530e-01 5.010122037976966e-02 3.457312666510031e-03
1.671260052317516e-01 5.170029945819948e-02 3.567659606378964e-03
1.672743455783411e-01 5.086437516014472e-02 3.501647994164024e-03
1.674226857009234e-01 4.729044364832388e-02 3.449010080347211e-03
1.675710255993005e-01 5.469969500672161e-02 3.679499667091757e-03
1.677193652732740e-01 5.614835004562066e-02 3.768430512339494e-03
1.678677047226461e-01 5.078075706068652e-02 3.664785469830044e-03
1.680160439472184e-01 5.365966245958594e-02 3.694083507907838e-03
1.681643829467930e-01 5.704862243498288e-02 3.918115475082541e-03
1.683127217211718e-01 5.686421374396251e-02 3.878107189182153e-03
1.684610602701565e-01 5.005229607828144e-02 3.670012410037284e-03
1.686093985935492e-01 5.938980564557235e-02 4.069322430719759e-03
1.687577366911517e-01 4.406785620315180e-02 3.494808324110870e-03
1.689060745627659e-01 5.314226769043186e-02 3.896580121247155e-03
1.690544122081938e-01 5.503434470787071e-02 3.941091282831957e-03
1.692027496272371e-01 5.554246711657854e-02 4.008432292651569e-03
1.693510868196979e-01 5.620380148274316e-02 4.110029015544561e-03
1.694994237853780e-01 4.423495109503307e-02 3.599789267544457e-03
1.696477605240793e-01 5.566790334325811e-02 4.172485761573061e-03
1.697960970356038e-01 5.294123676606267e-02 4.001981330948321e-03
1.699444333197534e-01 5.616017879280299e-02 4.162869415373049e-03
1.700927693763299e-01 4.856765844081120e-02 3.978817609957855e-03
1.702411052051354e-01 4.880501994448665e-02 3.920113536688364e-03
1.703894408059716e-01 5.094806005458595e-02 4.118906529909211e-03
1.705377761786405e-01 5.794104992861128e-02 4.392499659378778e-03
1.706861113229442e-01 4.298016922637717e-02 3.769610209116729e-03
1.708344462386844e-01 5.294887208625753e-02 4.308918100874679e-03
1.709827809256630e-01 4.974074483991776e-02 4.145062069993146e-03
1.711311153836821e-01 5.211800716906787e-02 4.358326707262529e-03
1.712794496125435e-01 4.736315241987073e-02 4.122433275961766e-03
1.714277836120492e-01 5.059256261630904e-02 4.260662379900281e-03
1.715761173820012e-01 5.785863519747293e-02 4.724137781588124e-03
1.717244509222012e-01 5.375264956525739e-02 4.479387463771449e-03
1.718727842324513e-01 5.506568734737829e-02 4.687502597517516e-03
1.720211173125535e-01 5.466677377038952e-02 4.670497679340207e-03
1.721694501623096e-01 5.020994298775709e-02 4.437973896204124e-03
1.723177827815215e-01 4.418341501369243e-02 4.311859793497775e-03
1.724661151699914e-01 5.166013750594211e-02 4.620623167610920e-03
1.726144473275209e-01 5.240103321079964e-02 4.783537987688720e-03
1.727627792539122e-01 5.642688067029144e-02 4.987478745395899e-03
1.729111109489672e-01 5.840045980601709e-02 5.026311294212440e-03
1.730594424124878e-01 5.620669713085855e-02 5.152459478277791e-03
1.732077736442759e-01 4.314218067945846e-02 4.403180377318005e-03
1.733561046441336e-01 5.712143726504464e-02 5.303592305045859e-03
1.735044354118627e-01 4.875029391581734e-02 4.899588889039752e-03
1.736527659472653e-01 5.641381025678269e-02 5.215458603208366e-03
1.738010962501432e-01 4.681435535539102e-02 4.962311743057888e-03
1.739494263202985e-01 5.451750570295857e-02 5.295208254026519e-03
1.740977561575331e-01 4.955597191662733e-02 5.194877392921765e-03
1.742460857616490e-01 3.967597906122852e-02 4.675858974068360e-03
1.743944151324481e-01 5.510564209775233e-02 5.510564209775234e-03
1.745427442697323e-01 5.590729611566739e-02 5.797316545493703e-03
1.746910731733038e-01 5.207505059072470e-02 5.489192304506229e-03
1.748394018429644e-01 5.817405276293226e-02 6.032368260185978e-03
1.749877302785161e-01 5.516649583099938e-02 5.914469168349138e-03
1.751360584797609e-01 5.643481005343564e-02 5.982077901520340e-03
1.752843864465008e-01 5.250729271878354e-02 6.022999546318067e-03
1.754327141785377e-01 7.178214645777942e-02 6.939442024275527e-03
1.755810416756736e-01 4.408525650824034e-02 5.691382142323232e-03
1.757293689377105e-01 4.996339634558587e-02 6.058951780807351e-03
1.758776959644504e-01 5.236049746946792e-02 6.303463155857156e-03
1.760260227556953e-01 6.364849313428403e-02 7.253418968370316e-03
1.761743493112470e-01 4.393618700205542e-02 5.871219951532925e-03
1.763226756309078e-01 5.327718075180628e-02 6.821443995082216e-03
1.764710017144794e-01 3.293719208018118e-02 5.414841022663821e-03
1.766193275617640e-01 5.647405150766299e-02 7.230761352210827e-03
1.767676531725635e-01 4.432050440621430e-02 6.606910709958278e-03
1.769159785466800e-01 5.318471849327395e-02 7.237523467893630e-03
1.770643036839153e-01 5.290343056775805e-02 7.635952469837449e-03
1.772126285840715e-01 4.844365162671661e-02 7.221553207710439e-03
1.773609532469506e-01 5.459928626254311e-02 8.050225571210559e-03
1.775092776723547e-01 4.754190073557648e-02 7.712314700582862e-03
1.776576018600856e-01 4.886261353109166e-02 7.926562607176918e-03
1.778059258099455e-01 5.786374507129504e-02 9.149061418631725e-03
1.779542495217363e-01 6.570348991499490e-02 9.905173793860824e-03
1.781025729952601e-01 4.948369052328846e-02 8.887533181834682e-03
1.782508962303188e-01 6.000723249159706e-02 1.014307357095131e-02
1.783992192267145e-01 4.999470443462224e-02 9.621485354461641e-03
1.785475419842491e-01 5.681228617198593e-02 1.093352957155804e-02
1.786958645027247e-01 5.092075115667347e-02 1.085634062396856e-02
1.788441867819434e-01 5.847371566428441e-02 1.193589722850706e-02
1.789925088217071e-01 4.629179125727199e-02 1.122740852663392e-02
1.791408306218179e-01 4.985280572434924e-02 1.332372277070840e-02
1.792891521820777e-01 4.243432497791788e-02 1.279443038034180e-02
1.794374735022887e-01 3.787534703701433e-02 1.262511567900478e-02
1.795857945822528e-01 5.951853108488781e-02 1.983951036162927e-02
1.797341154217720e-01 5.400767277191282e-02 2.041298157769083e-02
1.798824360206485e-01 4.629239113367434e-02 2.314619556683717e-02
1.800307563786842e-01 4.629249140276332e-02 3.273373458891389e-02
