<X> <Y> <dY>
1.039265947336785e-03 8.606448060451221e+03 1.488510376675463e+01
1.187732507260276e-03 8.182724011392972e+03 6.490883926822285e+00
1.336199065591062e-03 7.838420893651321e+03 3.939875609330538e+00
1.484665622130054e-03 7.529778071785447e+03 3.376809242245920e+00
1.633132176678164e-03 7.251587412254954e+03 2.654199180121156e+00
1.781598729036305e-03 7.013368645619968e+03 2.495193576222088e+00
1.930065279005388e-03 6.783647726290685e+03 2.318087775820718e+00
2.078531826386324e-03 6.584050294559534e+03 2.140354089627678e+00
2.226998370980027e-03 6.377965148235775e+03 2.106590558884694e+00
2.375464912587407e-03 6.194361920768739e+03 1.893033124657037e+00
2.523931451009377e-03 6.014680280557985e+03 1.897631944560979e+00
2.672397986046849e-03 5.839702453196940e+03 1.734004823996240e+00
2.820864517500735e-03 5.673053349865431e+03 1.660009028481826e+00
2.969331045171946e-03 5.511879714991926e+03 1.628594385754925e+00
3.117797568861397e-03 5.361233168333240e+03 1.529488826440001e+00
3.266264088369997e-03 5.210531801651755e+03 1.482914401308378e+00
3.414730603498659e-03 5.054151443566786e+03 1.420313620501035e+00
3.563197114048295e-03 4.920333913584550e+03 1.364843402565665e+00
3.711663619819818e-03 4.786103938755525e+03 1.322015377136399e+00
3.860130120614143e-03 4.652066202678229e+03 1.247146846261683e+00
4.008596616232176e-03 4.509829954360440e+03 1.240071224943159e+00
4.157063106474833e-03 4.383974952018772e+03 1.187761028853016e+00
4.305529591143026e-03 4.263305728056312e+03 1.143072140419613e+00
4.453996070037668e-03 4.139163514255535e+03 1.122969582373045e+00
4.602462542959671e-03 4.018604778782439e+03 1.060434386350195e+00
4.750929009709947e-03 3.899349020774528e+03 1.038950030625379e+00
4.899395470089409e-03 3.785375878116626e+03 1.002325387049393e+00
5.047861923898970e-03 3.671129767261561e+03 9.795392848051054e-01
5.196328370939542e-03 3.556107745198853e+03 9.520656303593080e-01
5.344794811012039e-03 3.448542062105367e+03 9.108901533957592e-01
5.493261243917372e-03 3.339320656727205e+03 8.921899584197656e-01
5.641727669456453e-03 3.231821597664578e+03 8.599784916126926e-01
5.790194087430198e-03 3.127397072563853e+03 8.422359174127165e-01
5.938660497639517e-03 3.026459020868350e+03 8.074648719552447e-01
6.087126899885325e-03 2.923226120222162e+03 7.952394785974413e-01
6.235593293968535e-03 2.826960386909510e+03 7.661066678714229e-01
6.384059679690060e-03 2.726835233278341e+03 7.376915913983348e-01
6.532526056850811e-03 2.630762685994946e+03 7.176591345308412e-01
6.680992425251704e-03 2.536613232248612e+03 7.020361271497227e-01
6.829458784693651e-03 2.443932102138208e+03 6.865058255211135e-01
6.977925134977566e-03 2.353716865421275e+03 6.532407175914524e-01
7.126391475904362e-03 2.264734594751286e+03 6.430421323283171e-01
7.274857807274953e-03 2.175669173325240e+03 6.151852563304439e-01
7.423324128890250e-03 2.090809555233781e+03 5.980387903909906e-01
7.571790440551172e-03 2.007179320285850e+03 5.869320743654669e-01
7.720256742058629e-03 1.924037324507998e+03 5.634882351731665e-01
7.868723033213537e-03 1.842865276080681e+03 5.514738459901628e-01
8.017189313816805e-03 1.763951305621396e+03 5.302705154178636e-01
8.165655583669350e-03 1.687589457399552e+03 5.100533853322031e-01
8.314121842572089e-03 1.610561623489812e+03 4.975328461315711e-01
8.462588090325933e-03 1.534353690652919e+03 4.764623941444136e-01
8.611054326731796e-03 1.463011249207733e+03 4.706953479365879e-01
8.759520551590594e-03 1.393409744829172e+03 4.476653317807011e-01
8.907986764703241e-03 1.325516444956227e+03 4.354084842454440e-01
9.056452965870650e-03 1.258669335304808e+03 4.202216220946937e-01
9.204919154893739e-03 1.194112082743696e+03 4.033037604965497e-01
9.353385331573419e-03 1.131422298525967e+03 3.962607537752093e-01
9.501851495710607e-03 1.070108927191982e+03 3.768372316336723e-01
9.650317647106216e-03 1.012309166230889e+03 3.646441496213057e-01
9.798783785561163e-03 9.553892417055904e+02 3.515639712701108e-01
9.947249910876360e-03 8.995118800074824e+02 3.369218063499858e-01
1.009571602285273e-02 8.476135140397930e+02 3.286730008501462e-01
1.024418212129118e-02 7.962815300170646e+02 3.113285439079856e-01
1.039264820599262e-02 7.465226083781735e+02 3.050719559964961e-01
1.054111427675798e-02 6.998038444719881e+02 2.891381409143833e-01
1.068958033338818e-02 6.541625301658960e+02 2.763626972345797e-01
1.083804637568411e-02 6.101963488941902e+02 2.687485236415063e-01
1.098651240344671e-02 5.686511264615814e+02 2.539516081089219e-01
1.113497841647688e-02 5.295466686163172e+02 2.469757592913993e-01
1.128344441457554e-02 4.914424501013893e+02 2.340298994452043e-01
1.143191039754362e-02 4.549245116681402e+02 2.227689712160487e-01
1.158037636518202e-02 4.205306258118165e+02 2.167227046105160e-01
1.172884231729166e-02 3.885070427281609e+02 2.032978835810299e-01
1.187730825367346e-02 3.574792971436303e+02 1.948097547315762e-01
1.202577417412833e-02 3.278017389533827e+02 1.848409979243322e-01
1.217424007845719e-02 3.000851160044120e+02 1.759657475712439e-01
1.232270596646097e-02 2.740466316600434e+02 1.690071101732203e-01
1.247117183794057e-02 2.497980542493729e+02 1.575744842216734e-01
1.261963769269691e-02 2.268503105021168e+02 1.508923727559637e-01
1.276810353053091e-02 2.051253864338568e+02 1.411653423905187e-01
1.291656935124349e-02 1.850782287445421e+02 1.348554094182660e-01
1.306503515463557e-02 1.665522320586348e+02 1.269625962143524e-01
1.321350094050805e-02 1.491362971687753e+02 1.183744066713845e-01
1.336196670866187e-02 1.329832346471793e+02 1.120873615299634e-01
1.351043245889793e-02 1.181737965022520e+02 1.046115614687185e-01
1.365889819101716e-02 1.045905478642734e+02 9.859340338174750e-02
1.380736390482048e-02 9.226989658770509e+01 9.121547427195541e-02
1.395582960010879e-02 8.093714090582387e+01 8.535569622624525e-02
1.410429527668303e-02 7.076438176778892e+01 7.974191814942076e-02
1.425276093434411e-02 6.143097932617616e+01 7.359426354693348e-02
1.440122657289295e-02 5.304663111627396e+01 6.780978802762723e-02
1.454969219213047e-02 4.556119510381858e+01 6.226967650419966e-02
1.469815779185758e-02 3.900335551879746e+01 5.804764931692023e-02
1.484662337187521e-02 3.312195464198469e+01 5.300544116922786e-02
1.499508893198428e-02 2.809361698368402e+01 4.838006528447469e-02
1.514355447198570e-02 2.367029895830885e+01 4.419432195443273e-02
1.529201999168039e-02 1.998980109908170e+01 4.041949656303433e-02
1.544048549086928e-02 1.683450970822604e+01 3.712204491904320e-02
1.558895096935328e-02 1.432901564312792e+01 3.382091399867851e-02
1.573741642693332e-02 1.229356795468826e+01 3.132681019401475e-02
1.588588186341031e-02 1.068498159751789e+01 2.895956745524686e-02
1.603434727858518e-02 9.617245949765383e+00 2.724705619621530e-02
1.618281267225884e-02 8.912736208001588e+00 2.655047023632217e-02
1.633127804423223e-02 8.532191197145739e+00 2.547376762577055e-02
1.647974339430625e-02 8.531402877568102e+00 2.543505077792871e-02
1.662820872228182e-02 8.849722329079682e+00 2.579151481386260e-02
1.677667402795988e-02 9.358149881712281e+00 2.636851902649619e-02
1.692513931114134e-02 1.007890537428474e+01 2.738489236607322e-02
1.707360457162713e-02 1.099133044321148e+01 2.811422183183398e-02
1.722206980921815e-02 1.214272572004132e+01 3.003647517680802e-02
1.737053502371535e-02 1.329934979395003e+01 3.077539189032511e-02
1.751900021491964e-02 1.467100328210702e+01 3.216814804544314e-02
1.766746538263194e-02 1.613103276489110e+01 3.396428419854881e-02
1.781593052665317e-02 1.757779698652595e+01 3.494868121480053e-02
1.796439564678426e-02 1.913596550387049e+01 3.673850508530816e-02
1.811286074282614e-02 2.064658961314752e+01 3.769911298872248e-02
1.826132581457971e-02 2.215926369503387e+01 3.884852916585634e-02
1.840979086184591e-02 2.377981468426882e+01 4.024400541818111e-02
1.855825588442566e-02 2.532198255172393e+01 4.112250627416912e-02
1.870672088211989e-02 2.672443115947598e+01 4.243903658152615e-02
1.885518585472951e-02 2.808194144222377e+01 4.384929893215964e-02
1.900365080205546e-02 2.955668281311051e+01 4.541065057800107e-02
1.915211572389865e-02 3.067035873746259e+01 4.632107501523886e-02
1.930058062006001e-02 3.197919717197344e+01 4.759098925476205e-02
1.944904549034047e-02 3.305379077521752e+01 4.948532703204241e-02
1.959751033454094e-02 3.394612356431659e+01 5.022115976772933e-02
1.974597515246237e-02 3.482962187382551e+01 5.189142269867859e-02
1.989443994390566e-02 3.566341152122782e+01 5.286729892274100e-02
2.004290470867175e-02 3.622168931802076e+01 5.332008678332648e-02
2.019136944656156e-02 3.682593534534121e+01 5.401056048728591e-02
2.033983415737602e-02 3.719070216961209e+01 5.465711401906450e-02
2.048829884091604e-02 3.749227736314722e+01 5.522397086672051e-02
2.063676349698258e-02 3.760512882837183e+01 5.508988052323588e-02
2.078522812537653e-02 3.765352887078975e+01 5.582983359580961e-02
2.093369272589884e-02 3.758084694588320e+01 5.582082100772279e-02
2.108215729835043e-02 3.749455993614884e+01 5.580165487332075e-02
2.123062184253223e-02 3.724260914231147e+01 5.606786003117173e-02
2.137908635824515e-02 3.689941879331533e+01 5.567220589483020e-02
2.152755084529015e-02 3.651174134052463e+01 5.556055649036950e-02
2.167601530346813e-02 3.587495680821381e+01 5.539320127118845e-02
2.182447973258003e-02 3.537367769044245e+01 5.542067794888384e-02
2.197294413242678e-02 3.472207782771528e+01 5.445068252383766e-02
2.212140850280929e-02 3.389442141729786e+01 5.318396585118680e-02
2.226987284352852e-02 3.304509884118188e+01 5.242850206430714e-02
2.241833715438537e-02 3.213161204716479e+01 5.080384093296286e-02
2.256680143518079e-02 3.120264081267753e+01 5.022099622891676e-02
2.271526568571569e-02 3.019007425488305e+01 4.860473356389154e-02
2.286372990579102e-02 2.904950785653798e+01 4.714344768414756e-02
2.301219409520770e-02 2.804926270599551e+01 4.674331810762376e-02
2.316065825376665e-02 2.690775104327586e+01 4.507192594195358e-02
2.330912238126882e-02 2.577996551713556e+01 4.464406329482867e-02
2.345758647751513e-02 2.462230805399724e+01 4.267951596049696e-02
2.360605054230651e-02 2.349642376538324e+01 4.224213134379945e-02
2.375451457544390e-02 2.225373910743279e+01 4.089931729874344e-02
2.390297857672821e-02 2.105005098856559e+01 3.907125059344518e-02
2.405144254596040e-02 1.988657926097542e+01 3.841141277646949e-02
2.419990648294138e-02 1.866405573692948e+01 3.689442083926826e-02
2.434837038747209e-02 1.757719811160419e+01 3.590594552668034e-02
2.449683425935346e-02 1.642477542818224e+01 3.461047290572862e-02
2.464529809838643e-02 1.529672918665653e+01 3.277989285638047e-02
2.479376190437193e-02 1.425311372341974e+01 3.221851067339600e-02
2.494222567711088e-02 1.310276203218820e+01 3.042131761164793e-02
2.509068941640423e-02 1.220696125872635e+01 2.964907750378111e-02
2.523915312205290e-02 1.119607131366708e+01 2.806323780362507e-02
2.538761679385784e-02 1.024450645070209e+01 2.678936415166509e-02
2.553608043161997e-02 9.398158944627902e+00 2.574664141747270e-02
2.568454403514022e-02 8.546823785262575e+00 2.436991192823100e-02
2.583300760421955e-02 7.734629255461663e+00 2.329337813044707e-02
2.598147113865888e-02 6.974957835880856e+00 2.185358526363519e-02
2.612993463825913e-02 6.279624314408002e+00 2.081892541788844e-02
2.627839810282126e-02 5.676846433707903e+00 1.983444837604387e-02
2.642686153214619e-02 5.088580711030369e+00 1.854308022970736e-02
2.657532492603487e-02 4.537313110631797e+00 1.748693897276324e-02
2.672378828428821e-02 4.044477268330358e+00 1.647762768984689e-02
2.687225160670718e-02 3.616896610182660e+00 1.569525542972909e-02
2.702071489309268e-02 3.227401960901559e+00 1.475793418383520e-02
2.716917814324569e-02 2.927658376231900e+00 1.391082381010264e-02
2.731764135696711e-02 2.652676132519201e+00 1.335331767856900e-02
2.746610453405790e-02 2.433035385114499e+00 1.267326259947267e-02
2.761456767431899e-02 2.234995492552981e+00 1.210779591627767e-02
2.776303077755132e-02 2.067401617544114e+00 1.168975378847953e-02
2.791149384355582e-02 1.983667937595326e+00 1.135621577902309e-02
2.805995687213344e-02 1.930060442140051e+00 1.123724634571868e-02
2.820841986308512e-02 1.910224142803723e+00 1.116517539491437e-02
2.835688281621178e-02 1.945682986297742e+00 1.119059060107833e-02
2.850534573131439e-02 1.988742281762949e+00 1.131374263005653e-02
2.865380860819386e-02 2.086828024423615e+00 1.157492686508485e-02
2.880227144665114e-02 2.185664727677977e+00 1.185325693901145e-02
2.895073424648718e-02 2.309151955842358e+00 1.218350536106943e-02
2.909919700750293e-02 2.459064741073624e+00 1.241113240504275e-02
2.924765972949930e-02 2.625938277078425e+00 1.290406834907637e-02
2.939612241227725e-02 2.838854027848914e+00 1.333515632974698e-02
2.954458505563771e-02 3.075333131045737e+00 1.390486250569876e-02
2.969304765938165e-02 3.301106237363011e+00 1.433638447616072e-02
2.984151022330999e-02 3.517964401989068e+00 1.479979456441064e-02
2.998997274722367e-02 3.767729254716952e+00 1.534401581753961e-02
3.013843523092363e-02 3.999516780380828e+00 1.574222546088181e-02
3.028689767421083e-02 4.247378409368845e+00 1.604979870061025e-02
3.043536007688621e-02 4.488625729146524e+00 1.665701716673376e-02
3.058382243875071e-02 4.783151311016471e+00 1.712302667828011e-02
3.073228475960527e-02 4.982426303816389e+00 1.739344917224460e-02
3.088074703925083e-02 5.231843957393801e+00 1.788688120869425e-02
3.102920927748836e-02 5.445594433091431e+00 1.805663334448433e-02
3.117767147411878e-02 5.690453560216071e+00 1.855547606496383e-02
3.132613362894304e-02 5.904263076439790e+00 1.881264192925711e-02
3.147459574176209e-02 6.059770936860708e+00 1.901456128065372e-02
3.162305781237687e-02 6.244467817357127e+00 1.932456942150471e-02
3.177151984058834e-02 6.458613727856394e+00 1.951759503021674e-02
3.191998182619744e-02 6.583402901633838e+00 1.988834561234787e-02
3.206844376900511e-02 6.751390230879675e+00 1.984175987140068e-02
3.221690566881231e-02 6.863245052096228e+00 1.997155642466561e-02
3.236536752541998e-02 6.956490447126289e+00 2.026753624219749e-02
3.251382933862906e-02 7.058815453099463e+00 2.026555339455490e-02
3.266229110824052e-02 7.091879237093538e+00 2.047556349789070e-02
3.281075283405527e-02 7.152114186643891e+00 2.022834373724135e-02
3.295921451587431e-02 7.142349142763902e+00 2.028225434406886e-02
3.310767615349856e-02 7.146610692420833e+00 2.040273844609489e-02
3.325613774672897e-02 7.115873726630311e+00 2.014349663157997e-02
3.340459929536650e-02 7.163325565446106e+00 2.022175211324419e-02
3.355306079921208e-02 7.059518407526732e+00 2.001929077750851e-02
3.370152225806669e-02 6.993591656605317e+00 2.026353544906117e-02
3.384998367173125e-02 6.886706249868031e+00 2.022372730237658e-02
3.399844504000674e-02 6.885786645549445e+00 2.037571720367422e-02
3.414690636269409e-02 6.750252513763488e+00 2.030539162837186e-02
3.429536763959428e-02 6.614398706200335e+00 2.030581376013669e-02
3.444382887050824e-02 6.485395224780515e+00 1.997426566685895e-02
3.459229005523692e-02 6.277842363858089e+00 1.934255094499002e-02
3.474075119358127e-02 6.119993542314662e+00 1.892342110809776e-02
3.488921228534227e-02 5.958383509400691e+00 1.859807589756248e-02
3.503767333032085e-02 5.762190757676525e+00 1.825847507554306e-02
3.518613432831797e-02 5.622061714094599e+00 1.797461437428365e-02
3.533459527913459e-02 5.373860325066134e+00 1.746648109600364e-02
3.548305618257167e-02 5.163295860228420e+00 1.718732218086673e-02
3.563151703843015e-02 4.970719503248903e+00 1.672496206764446e-02
3.577997784651099e-02 4.757858014829874e+00 1.637188911076687e-02
3.592843860661515e-02 4.533170611153666e+00 1.589392992599223e-02
3.607689931854360e-02 4.316620283475278e+00 1.545954795261366e-02
3.622535998209726e-02 4.110135708100870e+00 1.515057292755734e-02
3.637382059707712e-02 3.847003051788439e+00 1.453978554255846e-02
3.652228116328413e-02 3.684200160847409e+00 1.428993909496705e-02
3.667074168051924e-02 3.479376148940840e+00 1.373992324735894e-02
3.681920214858341e-02 3.237398786139340e+00 1.323959375244337e-02
3.696766256727761e-02 3.047189206319270e+00 1.291970800278381e-02
3.711612293640280e-02 2.855300950343175e+00 1.237534570403936e-02
3.726458325575990e-02 2.653813834847049e+00 1.200599523961088e-02
3.741304352514992e-02 2.476517894206596e+00 1.158580297547173e-02
3.756150374437381e-02 2.301273082316977e+00 1.104125018171863e-02
3.770996391323252e-02 2.151338931615282e+00 1.070861383534853e-02
3.785842403152700e-02 1.988357560563542e+00 1.022119575990045e-02
3.800688409905824e-02 1.846382687454143e+00 9.961980924587671e-03
3.815534411562716e-02 1.696544739411035e+00 9.431800689711821e-03
3.830380408103477e-02 1.560947723650899e+00 9.047034275592506e-03
3.845226399508201e-02 1.472208659071188e+00 8.768274290110385e-03
3.860072385756984e-02 1.328005522853554e+00 8.294204703976129e-03
3.874918366829922e-02 1.238143146409536e+00 8.032949915024123e-03
3.889764342707114e-02 1.163710216483856e+00 7.721605270394591e-03
3.904610313368653e-02 1.083893602417969e+00 7.463246252889097e-03
3.919456278794636e-02 1.025165794932391e+00 7.211613461651781e-03
3.934302238965163e-02 9.608759344740130e-01 6.954475031775638e-03
3.949148193860327e-02 9.207482484859845e-01 6.814377575965631e-03
3.963994143460225e-02 8.883316481786533e-01 6.644715747499269e-03
3.978840087744954e-02 8.615655196336349e-01 6.550172039693714e-03
3.993686026694612e-02 8.481644959211703e-01 6.511639630259127e-03
4.008531960289294e-02 8.390075623985260e-01 6.463856381901578e-03
4.023377888509096e-02 8.400777314963856e-01 6.443102079680497e-03
4.038223811334118e-02 8.501270054020720e-01 6.435371947990640e-03
4.053069728744454e-02 8.563989749943643e-01 6.511645454795482e-03
4.067915640720204e-02 8.778825125128714e-01 6.586486287832781e-03
4.082761547241460e-02 9.138086905973344e-01 6.719908221474519e-03
4.097607448288322e-02 9.537289790917128e-01 6.838919724090984e-03
4.112453343840888e-02 9.882347607282416e-01 6.954917239934921e-03
4.127299233879253e-02 1.027501672904759e+00 7.074954583214349e-03
4.142145118383515e-02 1.096127434591905e+00 7.279904953913829e-03
4.156990997333770e-02 1.141691315649267e+00 7.457735096961613e-03
4.171836870710118e-02 1.188215004487981e+00 7.608170368791575e-03
4.186682738492653e-02 1.241408496301039e+00 7.740080239877901e-03
4.201528600661474e-02 1.314065589622129e+00 7.974585764367045e-03
4.216374457196678e-02 1.378060003501361e+00 8.113256741162136e-03
4.231220308078361e-02 1.422149093710217e+00 8.242023152524718e-03
4.246066153286622e-02 1.499451207641462e+00 8.408637048963967e-03
4.260911992801558e-02 1.552047790438936e+00 8.622221610816437e-03
4.275757826603267e-02 1.619033661776508e+00 8.810423372894029e-03
4.290603654671846e-02 1.659926775159944e+00 9.026675138458595e-03
4.305449476987392e-02 1.730641673962149e+00 9.301568111017218e-03
4.320295293530004e-02 1.770932658230416e+00 9.455233418388465e-03
4.335141104279778e-02 1.814923911551437e+00 9.715900176872589e-03
4.349986909216812e-02 1.893576390054518e+00 9.854761140475597e-03
4.364832708321206e-02 1.925480628856062e+00 1.005325574884862e-02
4.379678501573054e-02 1.974105582614672e+00 1.020022328086271e-02
4.394524288952457e-02 2.003431043922163e+00 1.019772391810716e-02
4.409370070439510e-02 2.036008235995221e+00 1.042312894328020e-02
4.424215846014314e-02 2.039542885523077e+00 1.032048437594277e-02
4.439061615656966e-02 2.074996613385058e+00 1.047911265441933e-02
4.453907379347562e-02 2.091435991769646e+00 1.052595492277950e-02
4.468753137066204e-02 2.098693299304166e+00 1.052257537331505e-02
4.483598888792985e-02 2.103842187278840e+00 1.055170747737479e-02
4.498444634508008e-02 2.113506627789091e+00 1.052734277048509e-02
4.513290374191368e-02 2.087559265181091e+00 1.061495208262862e-02
4.528136107823164e-02 2.096983972504968e+00 1.056713498644765e-02
4.542981835383494e-02 2.064410699010893e+00 1.050104667752222e-02
4.557827556852459e-02 2.050948817393994e+00 1.053251560661970e-02
4.572673272210154e-02 2.059019409372462e+00 1.047646944575584e-02
4.587518981436679e-02 2.023597388529917e+00 1.052302632521848e-02
4.602364684512131e-02 1.992564080801092e+00 1.035437079700794e-02
4.617210381416612e-02 1.952810885186535e+00 1.030998846887399e-02
4.632056072130217e-02 1.918261250333172e+00 1.022378593777956e-02
4.646901756633046e-02 1.886345746299983e+00 1.014912726923978e-02
4.661747434905197e-02 1.826561244104046e+00 1.005656495657063e-02
4.676593106926771e-02 1.771185733426094e+00 9.808487077044984e-03
4.691438772677863e-02 1.724742330220417e+00 9.730495467084552e-03
4.706284432138574e-02 1.684982890557982e+00 9.622819460251987e-03
4.721130085289003e-02 1.612763815960113e+00 9.349708947684242e-03
4.735975732109249e-02 1.565598559036626e+00 9.246108651843041e-03
4.750821372579410e-02 1.518267911732174e+00 9.038429904952544e-03
4.765667006679587e-02 1.447476691774610e+00 8.839068166275107e-03
4.780512634389875e-02 1.398076067735182e+00 8.709782305860933e-03
4.795358255690377e-02 1.354781504642949e+00 8.432867115322097e-03
4.810203870561192e-02 1.293005317887881e+00 8.358511835482469e-03
4.825049478982417e-02 1.241495573548077e+00 8.139248601431370e-03
4.839895080934152e-02 1.173545396848695e+00 7.921589119431633e-03
4.854740676396496e-02 1.121328816229922e+00 7.699502222218526e-03
4.869586265349549e-02 1.066551013133101e+00 7.497548731708712e-03
4.884431847773410e-02 9.998083458014509e-01 7.319351017394825e-03
4.899277423648181e-02 9.598146768687044e-01 7.134443394780144e-03
4.914122992953956e-02 9.122232446576806e-01 6.948167726549764e-03
4.928968555670842e-02 8.752833881369494e-01 6.823590244921524e-03
4.943814111778932e-02 8.344271307385307e-01 6.628285173655014e-03
4.958659661258329e-02 7.917469712461460e-01 6.486461588339635e-03
4.973505204089131e-02 7.517538710305418e-01 6.301039358215101e-03
4.988350740251437e-02 7.000394259395135e-01 6.074223421343094e-03
5.003196269725350e-02 6.679902729341759e-01 5.942682329342967e-03
5.018041792490967e-02 6.344854739820749e-01 5.812656518591736e-03
5.032887308528391e-02 6.119892150547587e-01 5.644830758152641e-03
5.047732817817720e-02 5.898137754588495e-01 5.567006606666250e-03
5.062578320339053e-02 5.688913092459836e-01 5.456253647583263e-03
5.077423816072490e-02 5.450989369414518e-01 5.351828811409606e-03
5.092269304998134e-02 5.339239595144121e-01 5.321178241404113e-03
5.107114787096082e-02 5.227425588390942e-01 5.180495646419328e-03
5.121960262346438e-02 5.075000323738073e-01 5.174532415779008e-03
5.136805730729297e-02 4.905202576174446e-01 5.053688226314453e-03
5.151651192224765e-02 4.935580863092263e-01 5.079597173215419e-03
5.166496646812937e-02 4.915670017416733e-01 5.064203763071305e-03
5.181342094473917e-02 4.970996259333318e-01 5.084902656076148e-03
5.196187535187805e-02 4.964008569349569e-01 5.091625606498906e-03
5.211032968934701e-02 4.985068463354733e-01 5.099830963876035e-03
5.225878395694704e-02 5.091167983925970e-01 5.122770500919938e-03
5.240723815447917e-02 5.092374964161295e-01 5.138834491831452e-03
5.255569228174441e-02 5.222469846414877e-01 5.183225894220770e-03
5.270414633854377e-02 5.306489728446492e-01 5.288539159569537e-03
5.285260032467823e-02 5.400231448711155e-01 5.262823567262350e-03
5.300105423994882e-02 5.674672888992881e-01 5.405676286413605e-03
5.314950808415651e-02 5.830041716665958e-01 5.468254667844234e-03
5.329796185710238e-02 5.955926546805826e-01 5.524227206368902e-03
5.344641555858739e-02 6.089434626236447e-01 5.625118752125700e-03
5.359486918841256e-02 6.208933357421654e-01 5.629153511501013e-03
5.374332274637892e-02 6.417362798513355e-01 5.768780154845907e-03
5.389177623228746e-02 6.551788774585406e-01 5.805549901860239e-03
5.404022964593919e-02 6.808892511073343e-01 5.889023125929367e-03
5.418868298713515e-02 6.948437158931143e-01 5.966797184970438e-03
5.433713625567634e-02 7.053895530532358e-01 5.994042470128348e-03
5.448558945136375e-02 7.287688885950202e-01 6.092567625857876e-03
5.463404257399841e-02 7.415955053956259e-01 6.182754001581103e-03
5.478249562338136e-02 7.536218013934708e-01 6.171218801531971e-03
5.493094859931359e-02 7.668459472906584e-01 6.234313861545914e-03
5.507940150159613e-02 7.728251623578775e-01 6.243230264730806e-03
5.522785433002999e-02 7.974586229339455e-01 6.363804700915507e-03
5.537630708441618e-02 7.932235788850200e-01 6.343758952911792e-03
5.552475976455573e-02 7.964777480238164e-01 6.344271534365725e-03
5.567321237024965e-02 8.268583239153220e-01 6.473674719653195e-03
5.582166490129895e-02 8.118116134156947e-01 6.386280934515210e-03
5.597011735750466e-02 8.191377244835500e-01 6.421302287478133e-03
5.611856973866784e-02 8.212602431558894e-01 6.420211484350594e-03
5.626702204458946e-02 8.295412790092539e-01 6.480989029366864e-03
5.641547427507055e-02 8.308884165291075e-01 6.476705882336736e-03
5.656392642991215e-02 8.289312476648797e-01 6.443854937729416e-03
5.671237850891524e-02 8.325050828738024e-01 6.426551247181108e-03
5.686083051188091e-02 8.107383596035176e-01 6.351167103752300e-03
5.700928243861012e-02 8.105842554132251e-01 6.387703768287837e-03
5.715773428890394e-02 8.133369038438654e-01 6.358270687301918e-03
5.730618606256337e-02 7.973498337564739e-01 6.322997840011225e-03
5.745463775938945e-02 7.924504820748659e-01 6.282170930705985e-03
5.760308937918321e-02 7.800412269146831e-01 6.208819302547629e-03
5.775154092174565e-02 7.678947414016903e-01 6.187068702511771e-03
5.789999238687781e-02 7.616454529577159e-01 6.152915529293059e-03
5.804844377438072e-02 7.397656815863861e-01 6.046412688259983e-03
5.819689508405541e-02 7.235589944736037e-01 5.982687463948525e-03
5.834534631570294e-02 7.149579207682369e-01 5.944170269266796e-03
5.849379746912427e-02 6.931148056203368e-01 5.852666005979537e-03
5.864224854412050e-02 6.806143892626221e-01 5.774765734729304e-03
5.879069954049263e-02 6.684982638461643e-01 5.767203633196094e-03
5.893915045804167e-02 6.372349679124970e-01 5.563938746336514e-03
5.908760129656868e-02 6.276566191335635e-01 5.561456424499429e-03
5.923605205587471e-02 5.992368409888081e-01 5.410840469472183e-03
5.938450273576075e-02 5.751910881455967e-01 5.298656690060271e-03
5.953295333602786e-02 5.691620068305028e-01 5.293442518109439e-03
5.968140385647707e-02 5.445032389249956e-01 5.148060575003165e-03
5.982985429690942e-02 5.343990179456442e-01 5.121904615263963e-03
5.997830465712594e-02 5.142838841539190e-01 4.982023931407749e-03
6.012675493692765e-02 5.014924923338537e-01 4.928926069376012e-03
6.027520513611563e-02 4.769975290998510e-01 4.871635265744482e-03
6.042365525449088e-02 4.616676381814409e-01 4.868568484755108e-03
6.057210529185447e-02 4.431084684926833e-01 4.827817793765825e-03
6.072055524800739e-02 4.334922985751044e-01 4.799722787905712e-03
6.086900512275072e-02 4.182839867150536e-01 4.771748664025455e-03
6.101745491588551e-02 4.133956272064856e-01 4.761434472655243e-03
6.116590462721274e-02 3.874691400422403e-01 4.634453521174276e-03
6.131435425653353e-02 3.835371638188688e-01 4.656209648139929e-03
6.146280380364888e-02 3.727837562769095e-01 4.587955745144736e-03
6.161125326835982e-02 3.561928724065657e-01 4.539791623478646e-03
6.175970265046742e-02 3.556844972623416e-01 4.503778927308107e-03
6.190815194977271e-02 3.404975542557522e-01 4.466333966560440e-03
6.205660116607675e-02 3.351665453990358e-01 4.431234048853854e-03
6.220505029918055e-02 3.298186730373953e-01 4.457009095099935e-03
6.235349934888521e-02 3.219431275934296e-01 4.385560100128890e-03
6.250194831499173e-02 3.141530541187714e-01 4.322161403710631e-03
6.265039719730119e-02 3.116486891073911e-01 4.347786948239986e-03
6.279884599561461e-02 3.095909482464637e-01 4.348805169260448e-03
6.294729470973306e-02 3.082384586910411e-01 4.365265743259131e-03
6.309574333945757e-02 3.061604821484437e-01 4.332363259419434e-03
6.324419188458920e-02 3.144014930938079e-01 4.258009992219371e-03
6.339264034492902e-02 3.218120684010494e-01 4.303084922211872e-03
6.354108872027803e-02 3.061358099721436e-01 4.132821552779055e-03
6.368953701043734e-02 3.180462777463828e-01 4.205622320085433e-03
6.383798521520795e-02 3.110657321592045e-01 4.130323417237944e-03
6.398643333439098e-02 3.183648879635169e-01 4.167422405742667e-03
6.413488136778742e-02 3.143510391670826e-01 4.149871302506351e-03
6.428332931519834e-02 3.312125414081342e-01 4.202000466043770e-03
6.443177717642481e-02 3.367654238794435e-01 4.245879387041695e-03
6.458022495126788e-02 3.340970325533087e-01 4.202894035307707e-03
6.472867263952860e-02 3.303552990783106e-01 4.211852116255600e-03
6.487712024100803e-02 3.337548892258061e-01 4.198589920005063e-03
6.502556775550723e-02 3.508348998104210e-01 4.265489610223900e-03
6.517401518282728e-02 3.563824315836588e-01 4.327503162854768e-03
6.532246252276919e-02 3.531985047255965e-01 4.271243275638104e-03
6.547090977513406e-02 3.703031647434945e-01 4.386665455957148e-03
6.561935693972293e-02 3.732790069625257e-01 4.388785080345879e-03
6.576780401633688e-02 3.722955586500453e-01 4.363371248535700e-03
6.591625100477695e-02 3.792137331314361e-01 4.448121049886895e-03
6.606469790484421e-02 3.869152814007348e-01 4.426299360435455e-03
6.621314471633973e-02 3.895239605407021e-01 4.458769240949810e-03
6.636159143906457e-02 3.914125374023424e-01 4.458533693748706e-03
6.651003807281980e-02 3.945452282595369e-01 4.471933962349381e-03
6.665848461740648e-02 3.996325762784380e-01 4.525237970816253e-03
6.680693107262567e-02 4.094072242783567e-01 4.502516031707693e-03
6.695537743827844e-02 4.059743669689412e-01 4.527344913209930e-03
6.710382371416586e-02 4.160483963260675e-01 4.569753588198995e-03
6.725226990008899e-02 4.114325981608231e-01 4.537706207090385e-03
6.740071599584893e-02 4.164246415968047e-01 4.558513550640751e-03
6.754916200124669e-02 4.123772686076005e-01 4.503696155715740e-03
6.769760791608341e-02 4.196060210221260e-01 4.587022554723871e-03
6.784605374016010e-02 4.138606980478791e-01 4.520436341053196e-03
6.799449947327789e-02 4.123782782299251e-01 4.503707182104747e-03
6.814294511523777e-02 4.132750593581488e-01 4.528107161307415e-03
6.829139066584090e-02 4.154186758256679e-01 4.513820783624076e-03
6.843983612488833e-02 4.097014070705728e-01 4.510664037059856e-03
6.858828149218107e-02 4.042954750999242e-01 4.436116238313718e-03
6.873672676752028e-02 4.098934518170559e-01 4.466724293759242e-03
6.888517195070698e-02 4.036238442965824e-01 4.442944538441265e-03
6.903361704154228e-02 4.026679472175538e-01 4.420920335176892e-03
6.918206203982724e-02 3.882679059004396e-01 4.357612343037995e-03
6.933050694536295e-02 3.959363784578406e-01 4.349111431601546e-03
6.947895175795046e-02 3.922705122090714e-01 4.359368612014132e-03
6.962739647739091e-02 3.750053850927860e-01 4.238499104788316e-03
6.977584110348531e-02 3.823556094503877e-01 4.281829306728731e-03
6.992428563603478e-02 3.646085796149952e-01 4.154291192810751e-03
7.007273007484040e-02 3.585267480779725e-01 4.144333272630796e-03
7.022117441970321e-02 3.573802055215147e-01 4.135779903672884e-03
7.036961867042435e-02 3.431339649490911e-01 4.050629241855233e-03
7.051806282680488e-02 3.385763976798863e-01 4.003248664448641e-03
7.066650688864587e-02 3.302041850810592e-01 3.940788133856540e-03
7.081495085574846e-02 3.306697292984509e-01 3.969021190922378e-03
7.096339472791366e-02 3.234096761744298e-01 3.916163562016369e-03
7.111183850494258e-02 3.058458197591554e-01 3.790926927879594e-03
7.126028218663637e-02 3.024748295951631e-01 3.766544061792611e-03
7.140872577279601e-02 2.967949513895042e-01 3.717495740359183e-03
7.155716926322268e-02 2.840728333690705e-01 3.665227083263473e-03
7.170561265771742e-02 2.780390385684786e-01 3.619453243808878e-03
7.185405595608137e-02 2.699638732564951e-01 3.543882916871507e-03
7.200249915811553e-02 2.693590727908475e-01 3.560882814684234e-03
7.215094226362108e-02 2.603913696228131e-01 3.486793788848692e-03
7.229938527239907e-02 2.594303838183957e-01 3.497840610725477e-03
7.244782818425061e-02 2.474280822670626e-01 3.380556243858938e-03
7.259627099897678e-02 2.534388685135448e-01 3.438376013530598e-03
7.274471371637868e-02 2.441301191711625e-01 3.383849165539899e-03
7.289315633625741e-02 2.296925673622818e-01 3.257149647924044e-03
7.304159885841408e-02 2.280894402375604e-01 3.250139950063958e-03
7.319004128264975e-02 2.251892039626147e-01 3.230864991342734e-03
7.333848360876553e-02 2.168698344478359e-01 3.160682856615040e-03
7.348692583656254e-02 2.140399078764247e-01 3.154132534349980e-03
7.363536796584186e-02 2.125157353394012e-01 3.101180525028715e-03
7.378380999640459e-02 2.063249054208239e-01 3.098167134523450e-03
7.393225192805185e-02 2.125855624720182e-01 3.118176590902676e-03
7.408069376058472e-02 2.038061886371218e-01 3.051756919790068e-03
7.422913549380430e-02 2.030242497155818e-01 3.048604610757834e-03
7.437757712751171e-02 1.998092205808472e-01 2.993921571091917e-03
7.452601866150806e-02 2.028554785342244e-01 3.040590568757738e-03
7.467446009559441e-02 1.990142574231392e-01 2.985363133235640e-03
7.482290142957190e-02 2.017353324314289e-01 3.025500570191522e-03
7.497134266324165e-02 1.969072416369073e-01 2.955419373631797e-03
7.511978379640473e-02 2.023446205590379e-01 3.003719798638173e-03
7.526822482886228e-02 1.969762047255096e-01 2.973924564334615e-03
7.541666576041539e-02 2.087001872803345e-01 3.038714517205562e-03
7.556510659086517e-02 1.959850517018210e-01 2.947226942562210e-03
7.571354732001272e-02 2.013955772815775e-01 2.972324920337335e-03
7.586198794765918e-02 2.060018501451226e-01 3.004845811996886e-03
7.601042847360565e-02 2.070996623319945e-01 3.015410568804512e-03
7.615886889765322e-02 2.111871394814797e-01 3.033408908543452e-03
7.630730921960302e-02 2.146587148310596e-01 3.063428714593097e-03
7.645574943925618e-02 2.094934449594163e-01 3.004745046741796e-03
7.660418955641379e-02 2.154897665162984e-01 3.069355847432445e-03
7.675262957087696e-02 2.192460349637696e-01 3.080343544736428e-03
7.690106948244683e-02 2.224920861605045e-01 3.103064237921455e-03
7.704950929092451e-02 2.266037041336262e-01 3.131606499541077e-03
7.719794899611111e-02 2.260940903351282e-01 3.125459268662241e-03
7.734638859780776e-02 2.284218055791770e-01 3.144147177663728e-03
7.749482809581558e-02 2.258185836696598e-01 3.105374310555116e-03
7.764326748993566e-02 2.342632366219900e-01 3.169483819657364e-03
7.779170677996915e-02 2.348327952136202e-01 3.190651198239656e-03
7.794014596571718e-02 2.391123902149966e-01 3.198130467811855e-03
7.808858504698084e-02 2.376154875562015e-01 3.188105705365131e-03
7.823702402356127e-02 2.378947408620415e-01 3.184694235077381e-03
7.838546289525961e-02 2.381131296701349e-01 3.192771594853781e-03
7.853390166187696e-02 2.424018419328873e-01 3.216055397054904e-03
7.868234032321446e-02 2.447598475509209e-01 3.235685086967754e-03
7.883077887907322e-02 2.439383834398162e-01 3.226235349097258e-03
7.897921732925441e-02 2.382840814703547e-01 3.172893378362373e-03
7.912765567355910e-02 2.427200340291934e-01 3.211526610837451e-03
7.927609391178843e-02 2.495388776689769e-01 3.252304496326515e-03
7.942453204374357e-02 2.424179047038705e-01 3.205565422853111e-03
7.957297006922565e-02 2.431200324777863e-01 3.207566939770240e-03
7.972140798803574e-02 2.377944024637519e-01 3.168339791732665e-03
7.986984579997504e-02 2.414860599218603e-01 3.199403060452140e-03
8.001828350484462e-02 2.373976619131969e-01 3.137535813935787e-03
8.016672110244569e-02 2.399480360395718e-01 3.182659406949123e-03
8.031515859257930e-02 2.372132554028639e-01 3.167068982947709e-03
8.046359597504665e-02 2.314864570835606e-01 3.114574711894091e-03
8.061203324964886e-02 2.358935004994721e-01 3.146645493352455e-03
8.076047041618704e-02 2.341643817136995e-01 3.116103988391681e-03
8.090890747446239e-02 2.240320960487053e-01 3.071527627445498e-03
8.105734442427596e-02 2.257337830334331e-01 3.068156769170075e-03
8.120578126542898e-02 2.196982692362801e-01 3.028089416438522e-03
8.135421799772254e-02 2.222421107707462e-01 3.049280103412219e-03
8.150265462095777e-02 2.148382356110998e-01 2.963356481478153e-03
8.165109113493584e-02 2.065587153070153e-01 2.954156543148069e-03
8.179952753945788e-02 2.072054848681065e-01 2.923029606671482e-03
8.194796383432505e-02 2.037383148474415e-01 2.900795760191060e-03
8.209640001933849e-02 1.966573208785309e-01 2.859128300475494e-03
8.224483609429935e-02 1.956851848328506e-01 2.831560124619573e-03
8.239327205900873e-02 1.927669554403849e-01 2.846839074746566e-03
8.254170791326784e-02 1.873967331720937e-01 2.756728723985005e-03
8.269014365687780e-02 1.851871367170680e-01 2.763371596385008e-03
8.283857928963975e-02 1.768055116563882e-01 2.704447408738950e-03
8.298701481135486e-02 1.737757249870685e-01 2.674739140636484e-03
8.313545022182427e-02 1.732556826692954e-01 2.671803337494323e-03
8.328388552084913e-02 1.767847215782394e-01 2.680711176694073e-03
8.343232070823060e-02 1.720444838398516e-01 2.651864257253343e-03
8.358075578376983e-02 1.627936610649872e-01 2.577540345926987e-03
8.372919074726795e-02 1.624794898007041e-01 2.563903614509776e-03
8.387762559852617e-02 1.603695443850740e-01 2.572589526611932e-03
8.402606033734558e-02 1.601559630436052e-01 2.541517882074950e-03
8.417449496352740e-02 1.592883757131167e-01 2.550655352555247e-03
8.432292947687275e-02 1.516237455477734e-01 2.482634606257348e-03
8.447136387718281e-02 1.502818510798533e-01 2.460003461816857e-03
8.461979816425871e-02 1.519958563665141e-01 2.482744094159479e-03
8.476823233790162e-02 1.464806811875718e-01 2.437285922744155e-03
8.491666639791272e-02 1.475703224958904e-01 2.447299317578212e-03
8.506510034409315e-02 1.420273989477326e-01 2.391494595380268e-03
8.521353417624407e-02 1.410036552533472e-01 2.377291587353818e-03
8.536196789416668e-02 1.444930189323909e-01 2.415946956811321e-03
8.551040149766212e-02 1.420486173372689e-01 2.393549067827802e-03
8.565883498653153e-02 1.414956233921166e-01 2.376819217658800e-03
8.580726836057613e-02 1.413830388011172e-01 2.389809535784224e-03
8.595570161959706e-02 1.407373315888046e-01 2.370444283265751e-03
8.610413476339546e-02 1.374777232819427e-01 2.350132393573834e-03
8.625256779177254e-02 1.357361118074497e-01 2.326145340148844e-03
8.640100070452945e-02 1.383873798613527e-01 2.341516346087557e-03
8.654943350146739e-02 1.380773428633702e-01 2.349763382990029e-03
8.669786618238751e-02 1.396316791587421e-01 2.360206154717961e-03
8.684629874709095e-02 1.412070045056637e-01 2.375324606027952e-03
8.699473119537893e-02 1.417747155881562e-01 2.364554548792416e-03
8.714316352705261e-02 1.441961791485948e-01 2.392000638769996e-03
8.729159574191316e-02 1.463264246018635e-01 2.411464477856637e-03
8.744002783976176e-02 1.426822078108653e-01 2.372113906463126e-03
8.758845982039959e-02 1.464040172689219e-01 2.406542031232652e-03
8.773689168362783e-02 1.443393413120065e-01 2.390431961321437e-03
8.788532342924767e-02 1.494302598306230e-01 2.426634608999200e-03
8.803375505706024e-02 1.476598119330605e-01 2.418703397052995e-03
8.818218656686679e-02 1.464394987265401e-01 2.395823385980175e-03
8.833061795846844e-02 1.471675629688386e-01 2.398125683749215e-03
8.847904923166640e-02 1.510859835252681e-01 2.440046606798392e-03
8.862748038626185e-02 1.513052782631199e-01 2.433454070761555e-03
8.877591142205599e-02 1.544366151044852e-01 2.455709726673042e-03
8.892434233885001e-02 1.526072862334521e-01 2.437430470569762e-03
8.907277313644503e-02 1.520587098909391e-01 2.434888048481942e-03
8.922120381464232e-02 1.512862976683671e-01 2.440736604994775e-03
8.936963437324301e-02 1.526607267358643e-01 2.428699652364960e-03
8.951806481204833e-02 1.564318312436958e-01 2.473404426405846e-03
8.966649513085943e-02 1.527343238992497e-01 2.432025888670705e-03
8.981492532947756e-02 1.585646658468370e-01 2.484558412882768e-03
8.996335540770387e-02 1.527561784049387e-01 2.444177069396699e-03
9.011178536533952e-02 1.520159474374311e-01 2.418135777094103e-03
9.026021520218577e-02 1.540114220443274e-01 2.445858538415697e-03
9.040864491804375e-02 1.568682195707675e-01 2.459184554524672e-03
9.055707451271472e-02 1.550962965194460e-01 2.448007497137384e-03
9.070550398599986e-02 1.553276908003202e-01 2.448915891844660e-03
9.085393333770032e-02 1.590357657402034e-01 2.467822040980793e-03
9.100236256761735e-02 1.531709167594651e-01 2.427312452295451e-03
9.115079167555214e-02 1.564762235334194e-01 2.451533565264848e-03
9.129922066130586e-02 1.539794389762283e-01 2.432804780127495e-03
9.144764952467974e-02 1.541717946210891e-01 2.434325210666353e-03
9.159607826547496e-02 1.526987048271343e-01 2.405673696895642e-03
9.174450688349275e-02 1.508612986121338e-01 2.422556638144483e-03
9.189293537853430e-02 1.492656038084646e-01 2.374986767734252e-03
9.204136375040081e-02 1.412575040769656e-01 2.330144514396879e-03
9.218979199889352e-02 1.482892212328984e-01 2.373311151792408e-03
9.233822012381357e-02 1.449565742943017e-01 2.349960629923764e-03
9.248664812496223e-02 1.421192605824949e-01 2.328572695794865e-03
9.263507600214066e-02 1.450350308682462e-01 2.331704693282228e-03
9.278350375515013e-02 1.383588924156260e-01 2.301829205009290e-03
9.293193138379179e-02 1.375276160765318e-01 2.283894375851907e-03
9.308035888786687e-02 1.377695240278830e-01 2.290123305784549e-03
9.322878626717657e-02 1.353876978304125e-01 2.253646331056857e-03
9.337721352152216e-02 1.375641246055544e-01 2.274175539845679e-03
9.352564065070480e-02 1.316704401710256e-01 2.235559007186513e-03
9.367406765452573e-02 1.308704049675986e-01 2.227117636629423e-03
9.382249453278614e-02 1.288419374960822e-01 2.196098493507399e-03
9.397092128528726e-02 1.275923691535676e-01 2.181464573121139e-03
9.411934791183033e-02 1.246535710613681e-01 2.164046227660710e-03
9.426777441221654e-02 1.263021530242128e-01 2.188712091204250e-03
9.441620078624713e-02 1.233946177313366e-01 2.138326903788632e-03
9.456462703372331e-02 1.230760971881171e-01 2.150313440753605e-03
9.471305315444631e-02 1.211124815795076e-01 2.121518008509848e-03
9.486147914821734e-02 1.194952922090005e-01 2.118031799964197e-03
9.500990501483762e-02 1.184816925697805e-01 2.101386731444927e-03
9.515833075410839e-02 1.154180708593749e-01 2.070300113853554e-03
9.530675636583089e-02 1.138447864759085e-01 2.058369833296748e-03
9.545518184980632e-02 1.140389644702902e-01 2.060870353942641e-03
9.560360720583591e-02 1.122580988237566e-01 2.045456269825315e-03
9.575203243372092e-02 1.120961115345021e-01 2.030073843522124e-03
9.590045753326254e-02 1.101505649176004e-01 2.023241055746463e-03
9.604888250426204e-02 1.119166128774894e-01 2.041607816207105e-03
9.619730734652061e-02 1.075311932180310e-01 1.986894369840676e-03
9.634573205983951e-02 1.087552132436324e-01 2.006772361467131e-03
9.649415664401995e-02 1.135739841855239e-01 2.040507307566342e-03
9.664258109886319e-02 1.053100787225316e-01 1.974024277560888e-03
9.679100542417043e-02 1.031275923953432e-01 1.958393432661941e-03
9.693942961974295e-02 1.040310802156170e-01 1.941878975372147e-03
9.708785368538199e-02 1.062977404291320e-01 1.979710614548656e-03
9.723627762088875e-02 1.038931188846585e-01 1.948148184109971e-03
9.738470142606449e-02 1.073334567783125e-01 1.990046644156916e-03
9.753312510071047e-02 1.042952004341586e-01 1.951916641583914e-03
9.768154864462790e-02 1.071911388413804e-01 1.972546098945724e-03
9.782997205761802e-02 1.047165720431949e-01 1.967050428692213e-03
9.797839533948209e-02 1.034862325369168e-01 1.932719062197483e-03
9.812681849002138e-02 1.054994507110649e-01 1.962462094962563e-03
9.827524150903710e-02 1.075151680077154e-01 1.974834193464320e-03
9.842366439633053e-02 1.077065707047489e-01 1.978683684552869e-03
9.857208715170288e-02 1.028700983116147e-01 1.946845321860404e-03
9.872050977495538e-02 1.097563981402253e-01 1.983477385412811e-03
9.886893226588934e-02 1.075297100913441e-01 1.970122465349679e-03
9.901735462430598e-02 1.088130479962030e-01 1.979073401791970e-03
9.916577685000656e-02 1.055208685466268e-01 1.956439833792515e-03
9.931419894279231e-02 1.077671512308358e-01 1.984154081326351e-03
9.946262090246452e-02 1.088682783742669e-01 1.970648152333101e-03
9.961104272882444e-02 1.059040047850624e-01 1.954494072873417e-03
9.975946442167330e-02 1.102478263966967e-01 1.996273842478201e-03
9.990788598081238e-02 1.122721837422758e-01 2.014519354575963e-03
1.000563074060429e-01 1.090156396483032e-01 1.972669323355711e-03
1.002047286971662e-01 1.087818738195501e-01 1.973291228636811e-03
1.003531498539835e-01 1.107939728158283e-01 1.997017302545193e-03
1.005015708762960e-01 1.132204134180207e-01 2.016655113611380e-03
1.006499917639050e-01 1.104693844190924e-01 1.984408807082859e-03
1.007984125166118e-01 1.105200488190649e-01 1.982123484110406e-03
1.009468331342177e-01 1.099279885829886e-01 1.983665194698190e-03
1.010952536165238e-01 1.119465058212003e-01 2.007383490436539e-03
1.012436739633315e-01 1.149705985420989e-01 2.085210967580637e-03
1.013920941744421e-01 1.123366748886165e-01 2.071096003493526e-03
1.015405142496567e-01 1.111121611285210e-01 2.079134060637862e-03
1.016889341887768e-01 1.119680247029279e-01 2.105495483037939e-03
1.018373539916035e-01 1.110812605830774e-01 2.115929497613268e-03
1.019857736579381e-01 1.126382519397864e-01 2.129043096973680e-03
1.021341931875819e-01 1.101450909050143e-01 2.123679651077159e-03
1.022826125803362e-01 1.119144549603103e-01 2.146651072594228e-03
1.024310318360022e-01 1.067060808115843e-01 2.126057888339032e-03
1.025794509543812e-01 1.057058310473828e-01 2.089603090909194e-03
1.027278699352746e-01 1.100257151804285e-01 2.167810277189877e-03
1.028762887784834e-01 1.081032445268707e-01 2.157753690055187e-03
1.030247074838092e-01 1.065207059890792e-01 2.132120499005717e-03
1.031731260510531e-01 1.082426252790192e-01 2.179283557733542e-03
1.033215444800164e-01 1.078131805405601e-01 2.147689964090193e-03
1.034699627705003e-01 1.056928723478233e-01 2.169228707780954e-03
1.036183809223063e-01 1.054999265181386e-01 2.160722685401808e-03
1.037667989352355e-01 1.021774274008453e-01 2.131009953833726e-03
1.039152168090893e-01 1.043108838393374e-01 2.153144022308451e-03
1.040636345436689e-01 1.029802478385996e-01 2.076704329524282e-03
1.042120521387756e-01 1.036114354975847e-01 2.088159490855200e-03
1.043604695942107e-01 1.009799113558175e-01 2.031003874551216e-03
1.045088869097756e-01 9.984330441806002e-02 2.004497707380720e-03
1.046573040852714e-01 9.615717653385193e-02 1.976435171221764e-03
1.048057211204995e-01 9.708066640373521e-02 1.954556252882047e-03
1.049541380152612e-01 9.590539712034103e-02 1.963807237634879e-03
1.051025547693577e-01 9.488963737310679e-02 1.917060172881608e-03
1.052509713825904e-01 9.386381096471115e-02 1.916785845364253e-03
1.053993878547606e-01 9.366469123077935e-02 1.919132796318816e-03
1.055478041856695e-01 9.634312215304759e-02 1.928792200623279e-03
1.056962203751185e-01 9.653112985050195e-02 1.937220381674366e-03
1.058446364229088e-01 9.500228741959414e-02 1.900425871582320e-03
1.059930523288418e-01 9.154687470817194e-02 1.874559936487986e-03
1.061414680927188e-01 9.260579954908120e-02 1.890307967647579e-03
1.062898837143410e-01 9.096402668288711e-02 1.860286733155558e-03
1.064382991935097e-01 9.146336735547210e-02 1.861952191304298e-03
1.065867145300264e-01 8.952950400152829e-02 1.829419987114077e-03
1.067351297236922e-01 8.921707557525702e-02 1.839625092845922e-03
1.068835447743085e-01 8.830681081854103e-02 1.820855749905786e-03
1.070319596816766e-01 9.052569149019891e-02 1.829642097285137e-03
1.071803744455978e-01 8.581665595492705e-02 1.791739551021574e-03
1.073287890658734e-01 8.636028976724137e-02 1.788338876875084e-03
1.074772035423047e-01 8.652619014580737e-02 1.797177057448428e-03
1.076256178746930e-01 8.591546108044448e-02 1.774189079024618e-03
1.077740320628398e-01 8.986064243333924e-02 1.822914847875771e-03
1.079224461065461e-01 8.813427263315832e-02 1.800158757725149e-03
1.080708600056134e-01 8.421357229691011e-02 1.759036226556489e-03
1.082192737598431e-01 8.596586365236601e-02 1.783616271898124e-03
1.083676873690363e-01 8.673397629310446e-02 1.770081148838867e-03
1.085161008329945e-01 8.563586407206780e-02 1.768792468992872e-03
1.086645141515189e-01 8.552637367997995e-02 1.767662511308703e-03
1.088129273244109e-01 8.297326780586504e-02 1.736161593819194e-03
1.089613403514718e-01 8.452987608650170e-02 1.756091801863691e-03
1.091097532325029e-01 8.463158232315936e-02 1.745444910493759e-03
1.092581659673056e-01 8.359595458789802e-02 1.740826983878030e-03
1.094065785556811e-01 8.303606092993686e-02 1.732551852857099e-03
1.095549909974309e-01 8.794375675624884e-02 1.779275834102178e-03
1.097034032923561e-01 9.151151480242853e-02 1.817551655466765e-03
1.098518154402582e-01 8.669545943069883e-02 1.765988337285206e-03
1.100002274409385e-01 8.626389496861148e-02 1.761588530685031e-03
1.101486392941984e-01 8.598621811365691e-02 1.745395933761451e-03
1.102970509998390e-01 8.210352623747059e-02 1.704949169064331e-03
1.104454625576619e-01 8.713638880371936e-02 1.760061737835533e-03
1.105938739674683e-01 8.473395860536245e-02 1.733239371828543e-03
1.107422852290595e-01 8.330982121730122e-02 1.712729714002921e-03
1.108906963422369e-01 8.936488580582357e-02 1.785513094886490e-03
1.110391073068019e-01 8.542180652477142e-02 1.785052569768312e-03
1.111875181225557e-01 8.940895812938227e-02 1.831550986305053e-03
1.113359287892998e-01 8.587008043578483e-02 1.819624439316074e-03
1.114843393068354e-01 8.572890990313578e-02 1.817449255051603e-03
1.116327496749638e-01 8.888695314775680e-02 1.866039239018413e-03
1.117811598934866e-01 8.817520127823061e-02 1.866376960100441e-03
1.119295699622049e-01 8.857806416086327e-02 1.877851204511647e-03
1.120779798809202e-01 8.802586415099078e-02 1.874163791719043e-03
1.122263896494337e-01 8.667497753469423e-02 1.866245034503352e-03
1.123747992675469e-01 8.615833534845915e-02 1.878340971480263e-03
1.125232087350610e-01 8.939954466351875e-02 1.918692575789302e-03
1.126716180517775e-01 8.675360098151874e-02 1.864914314095672e-03
1.128200272174977e-01 8.686768251921589e-02 1.885312028366894e-03
1.129684362320229e-01 8.523848855909361e-02 1.856523440345820e-03
1.131168450951544e-01 8.603564780556493e-02 1.874775414637486e-03
1.132652538066937e-01 8.552930273346905e-02 1.876707904682052e-03
1.134136623664422e-01 8.639715392496784e-02 1.867637345765107e-03
1.135620707742011e-01 8.416366669194837e-02 1.857958330378718e-03
1.137104790297718e-01 8.574962690503211e-02 1.876130393496095e-03
1.138588871329557e-01 8.678035392693587e-02 1.891901620908428e-03
1.140072950835541e-01 8.532141025864508e-02 1.878943386203201e-03
1.141557028813685e-01 8.621661730793935e-02 1.884994725386272e-03
1.143041105262001e-01 8.473421636626710e-02 1.879274098642482e-03
1.144525180178503e-01 8.141630328100760e-02 1.827389493975682e-03
1.146009253561206e-01 8.283353390423365e-02 1.857328822931637e-03
1.147493325408122e-01 8.475471928173542e-02 1.874205610434393e-03
1.148977395717266e-01 8.008475809319179e-02 1.832934323447744e-03
1.150461464486651e-01 8.053090198280444e-02 1.845563920299076e-03
1.151945531714290e-01 8.207939519362338e-02 1.839956728155017e-03
1.153429597398198e-01 8.577641997493295e-02 1.897726984098416e-03
1.154913661536388e-01 8.274337024849292e-02 1.858580521265039e-03
1.156397724126874e-01 8.251100522976394e-02 1.870425695843654e-03
1.157881785167671e-01 8.228380038095458e-02 1.857180829725786e-03
1.159365844656790e-01 8.192938213553441e-02 1.857718375184022e-03
1.160849902592246e-01 7.914204845984422e-02 1.832600788083087e-03
1.162333958972054e-01 8.243508947680112e-02 1.863445522864240e-03
1.163818013794227e-01 7.804147119018294e-02 1.822821806277384e-03
1.165302067056779e-01 7.706545584975555e-02 1.798064114330651e-03
1.166786118757722e-01 7.919759506072173e-02 1.839319304376787e-03
1.168270168895073e-01 7.697391132481061e-02 1.820879803680487e-03
1.169754217466844e-01 7.881809322159275e-02 1.825099331695785e-03
1.171238264471048e-01 7.959796719501400e-02 1.841677323765141e-03
1.172722309905701e-01 7.632952489088822e-02 1.791654416523240e-03
1.174206353768815e-01 7.721087553011528e-02 1.829045997051606e-03
1.175690396058405e-01 7.610905804851752e-02 1.813663316706599e-03
1.177174436772486e-01 7.312281160830045e-02 1.751475990540726e-03
1.178658475909069e-01 7.357772961758788e-02 1.789264638169664e-03
1.180142513466170e-01 7.321812514868303e-02 1.768533110865847e-03
1.181626549441803e-01 7.201104510433023e-02 1.773864777312652e-03
1.183110583833981e-01 7.312460722295067e-02 1.760123537601620e-03
1.184594616640718e-01 7.203064655266601e-02 1.756322711401433e-03
1.186078647860030e-01 7.099086757876620e-02 1.766510488574905e-03
1.187562677489928e-01 7.037637197238866e-02 1.736761959023695e-03
1.189046705528428e-01 7.045713370552822e-02 1.749441991359985e-03
1.190530731973543e-01 7.060198150498377e-02 1.738100633908745e-03
1.192014756823288e-01 7.096136832582545e-02 1.749069496529464e-03
1.193498780075676e-01 7.457281593819681e-02 1.818308408347422e-03
1.194982801728722e-01 7.412454397598625e-02 1.783159392420580e-03
1.196466821780439e-01 7.427518595214594e-02 1.797740436913917e-03
1.197950840228843e-01 7.326968222999450e-02 1.781773535897739e-03
1.199434857071946e-01 7.441077978729387e-02 1.797865399110193e-03
1.200918872307763e-01 7.368610002902945e-02 1.802052481042298e-03
1.202402885934308e-01 7.412507886415243e-02 1.783172259830027e-03
1.203886897949596e-01 7.296642788868477e-02 1.796309280050834e-03
1.205370908351639e-01 7.377839252723462e-02 1.790969819857655e-03
1.206854917138454e-01 7.118087418198464e-02 1.773436109879186e-03
1.208338924308053e-01 7.013868128996764e-02 1.744764908895083e-03
1.209822929858451e-01 7.341243115178366e-02 1.785773007768728e-03
1.211306933787662e-01 7.192225661699074e-02 1.788026893289083e-03
1.212790936093700e-01 7.237942564828258e-02 1.775413928986430e-03
1.214274936774580e-01 7.213573506398450e-02 1.780722192096328e-03
1.215758935828316e-01 7.394382902672719e-02 1.801366090764945e-03
1.217242933252921e-01 7.280585316657111e-02 1.791270913699693e-03
1.218726929046411e-01 7.293767895963077e-02 1.802166822922437e-03
1.220210923206799e-01 7.396891597803702e-02 1.800908769304041e-03
1.221694915732101e-01 7.554749826859364e-02 1.820025398699506e-03
1.223178906620329e-01 6.974974613130741e-02 1.752528311667347e-03
1.224662895869498e-01 6.966929059501806e-02 1.758294275496566e-03
1.226146883477624e-01 7.347913143295180e-02 1.807288924993320e-03
1.227630869442719e-01 7.466656069118920e-02 1.810930096655086e-03
1.229114853762799e-01 7.038836783224230e-02 1.771933404123393e-03
1.230598836435877e-01 7.460919804120938e-02 1.814884616990729e-03
1.232082817459969e-01 7.153839491167165e-02 1.787901240926596e-03
1.233566796833089e-01 7.326834724848033e-02 1.792372079443690e-03
1.235050774553250e-01 7.478034418393488e-02 1.827174619544917e-03
1.236534750618467e-01 6.973828018282331e-02 1.766800470985167e-03
1.238018725026756e-01 7.299841539273068e-02 1.799825835858094e-03
1.239502697776129e-01 6.921266543423585e-02 1.754047170106664e-03
1.240986668864602e-01 7.132605819906691e-02 1.773753288550465e-03
1.242470638290189e-01 6.681589868794113e-02 1.728639829739553e-03
1.243954606050905e-01 7.517185529901152e-02 1.836740758622563e-03
1.245438572144764e-01 7.337140611042990e-02 1.810674000965388e-03
1.246922536569781e-01 7.200461111201494e-02 1.790627702911593e-03
1.248406499323969e-01 7.427168498254796e-02 1.813123131164705e-03
1.249890460405344e-01 6.869477261625545e-02 1.759669906261397e-03
1.251374419811920e-01 6.677677236891608e-02 1.725895608075211e-03
1.252858377541713e-01 7.029288456873214e-02 1.774597616127963e-03
1.254342333592735e-01 7.065521516462435e-02 1.787737328775158e-03
1.255826287963002e-01 6.865081035574762e-02 1.745422263195634e-03
1.257310240650529e-01 7.320039593016690e-02 1.822055766045778e-03
1.258794191653329e-01 6.856226445561209e-02 1.744298916531919e-03
1.260278140969418e-01 7.080851524833179e-02 1.784206876693437e-03
1.261762088596811e-01 7.131357622769550e-02 1.788999698419788e-03
1.263246034533521e-01 7.087057206560050e-02 1.785770561509144e-03
1.264729978777564e-01 7.128924526986070e-02 1.795750145691980e-03
1.266213921326954e-01 7.034556181790119e-02 1.763052199300945e-03
1.267697862179706e-01 6.691578966199098e-02 1.732964976483036e-03
1.269181801333835e-01 7.048293496075360e-02 1.767050211285153e-03
1.270665738787355e-01 6.968531375020526e-02 1.770008739264838e-03
1.272149674538281e-01 6.766768094339516e-02 1.739649789694643e-03
1.273633608584628e-01 6.713250202637906e-02 1.715715355892118e-03
1.275117540924411e-01 6.633285987359934e-02 1.725406798145581e-03
1.276601471555643e-01 6.746363637826852e-02 1.723615392652321e-03
1.278085400476341e-01 6.658505713123225e-02 1.717502138258677e-03
1.279569327684519e-01 6.715058469327066e-02 1.739045627520933e-03
1.281053253178191e-01 6.670235311645532e-02 1.713134868023278e-03
1.282537176955372e-01 6.609040083516134e-02 1.718518844814123e-03
1.284021099014078e-01 6.454660567971958e-02 1.685226780329746e-03
1.285505019352323e-01 6.714405566898826e-02 1.726188051597505e-03
1.286988937968122e-01 6.392091993413129e-02 1.694496072501454e-03
1.288472854859490e-01 6.394745849182161e-02 1.687508887331028e-03
1.289956770024441e-01 6.641169854809922e-02 1.730974551161499e-03
1.291440683460992e-01 6.687440256586588e-02 1.717553661319743e-03
1.292924595167155e-01 6.411399860238882e-02 1.691903712759707e-03
1.294408505140947e-01 6.175663789641963e-02 1.661229455149169e-03
1.295892413380383e-01 6.379525287928359e-02 1.681152525041258e-03
1.297376319883476e-01 6.538136800052999e-02 1.723548886903422e-03
1.298860224648243e-01 6.433832751640917e-02 1.686122328887507e-03
1.300344127672698e-01 6.660389615428858e-02 1.728950997524357e-03
1.301828028954856e-01 6.379785544746548e-02 1.693615744949341e-03
1.303311928492733e-01 6.400515815800040e-02 1.686098665501559e-03
1.304795826284343e-01 6.477432154280603e-02 1.702819470005477e-03
1.306279722327701e-01 6.406673449497226e-02 1.700154605407467e-03
1.307763616620822e-01 6.378539374975889e-02 1.695676575896377e-03
1.309247509161722e-01 6.438314743601298e-02 1.689619431975339e-03
1.310731399948415e-01 6.392251924887306e-02 1.694538469146425e-03
1.312215288978917e-01 6.235752635499290e-02 1.670757120633523e-03
1.313699176251241e-01 6.576153086754628e-02 1.724012530161377e-03
1.315183061763405e-01 6.463170993578345e-02 1.709139956546920e-03
1.316666945513423e-01 6.464002997973602e-02 1.698116009554580e-03
1.318150827499309e-01 6.326570145704179e-02 1.690243443571919e-03
1.319634707719080e-01 6.292530499960321e-02 1.673995354043607e-03
1.321118586170749e-01 6.229333996684042e-02 1.682375323196182e-03
1.322602462852334e-01 6.320038022817283e-02 1.687896001189468e-03
1.324086337761848e-01 6.274568763620671e-02 1.678148145882300e-03
1.325570210897306e-01 6.310691340774358e-02 1.696324341501261e-03
1.327054082256724e-01 6.527720484573209e-02 1.707213606595330e-03
1.328537951838119e-01 6.269291987595343e-02 1.687025541973391e-03
1.330021819639503e-01 6.391304020107791e-02 1.693692177947596e-03
1.331505685658892e-01 6.501595526502972e-02 1.712726263999915e-03
1.332989549894304e-01 6.445296194416938e-02 1.721962988411583e-03
1.334473412343751e-01 6.336501845236288e-02 1.676229390905827e-03
1.335957273005250e-01 6.627999635314211e-02 1.739998082291087e-03
1.337441131876815e-01 6.397863777390347e-02 1.699013671266704e-03
1.338924988956463e-01 6.155109352201270e-02 1.667200550924616e-03
1.340408844242209e-01 6.544575338418540e-02 1.728251314281672e-03
1.341892697732067e-01 6.386014271990167e-02 1.689327183184120e-03
1.343376549424055e-01 6.187717700850561e-02 1.683460060524939e-03
1.344860399316185e-01 6.082894992136853e-02 1.657396897405117e-03
1.346344247406474e-01 6.085357236923721e-02 1.659917271967278e-03
1.347828093692938e-01 6.244107959501122e-02 1.685136690937956e-03
1.349311938173592e-01 6.278094888815201e-02 1.684522253327604e-03
1.350795780846451e-01 6.364775093275445e-02 1.712719422307565e-03
1.352279621709530e-01 5.970046369455143e-02 1.641957745660922e-03
1.353763460760846e-01 6.393131593942573e-02 1.704380650795187e-03
1.355247297998415e-01 6.710679139653564e-02 1.740832834584197e-03
1.356731133420249e-01 6.260404902109573e-02 1.685855277250834e-03
1.358214967024367e-01 6.232135738051400e-02 1.695544644083793e-03
1.359698798808782e-01 6.417174838524534e-02 1.702342073972973e-03
1.361182628771512e-01 6.203357639410402e-02 1.683359735819722e-03
1.362666456910571e-01 6.030460484947663e-02 1.656070091922477e-03
1.364150283223974e-01 6.534951524819876e-02 1.720916268696957e-03
1.365634107709738e-01 6.117157411559090e-02 1.676090806079625e-03
1.367117930365878e-01 6.242058434877366e-02 1.679697170743464e-03
1.368601751190411e-01 6.563468206738307e-02 1.733845080994656e-03
1.370085570181349e-01 6.186948098914045e-02 1.675210118975146e-03
1.371569387336711e-01 6.070454922866134e-02 1.668942278009644e-03
1.373053202654511e-01 6.028983310097309e-02 1.654417228807563e-03
1.374537016132766e-01 5.922959851734771e-02 1.647811509640926e-03
1.376020827769490e-01 6.090092743855288e-02 1.676878160777463e-03
1.377504637562700e-01 6.369254341342200e-02 1.703472025925888e-03
1.378988445510411e-01 6.305481140833635e-02 1.694923831080725e-03
1.380472251610639e-01 6.298908951379553e-02 1.692545857145180e-03
1.381956055861399e-01 6.203680827865648e-02 1.690935008984174e-03
1.383439858260708e-01 6.218628901766617e-02 1.697533614957627e-03
1.384923658806582e-01 6.055277462457723e-02 1.652942666750414e-03
1.386407457497034e-01 5.932207391383243e-02 1.649108337930060e-03
1.387891254330083e-01 6.569449295241235e-02 1.735425081164253e-03
1.389375049303744e-01 6.030060660452521e-02 1.664137924539799e-03
1.390858842416031e-01 6.141361526833880e-02 1.676441511157930e-03
1.392342633664962e-01 5.637550260838756e-02 1.605494745370238e-03
1.393826423048553e-01 5.987885868979132e-02 1.662019702042797e-03
1.395310210564817e-01 5.810730526178839e-02 1.629247937006852e-03
1.396793996211773e-01 5.993271492941578e-02 1.663514555707218e-03
1.398277779987435e-01 5.836341680896505e-02 1.630670236100712e-03
1.399761561889819e-01 5.897662415419599e-02 1.651675844526518e-03
1.401245341916943e-01 5.776846045937088e-02 1.633938805181124e-03
1.402729120066820e-01 5.704565222542107e-02 1.619334837684296e-03
1.404212896337468e-01 6.046939161204748e-02 1.664996026407833e-03
1.405696670726902e-01 5.731600152833641e-02 1.615978450444892e-03
1.407180443233139e-01 6.162087598678297e-02 1.696701602688566e-03
1.408664213854193e-01 5.703621444822319e-02 1.617763858639435e-03
1.410147982588082e-01 5.906094507732704e-02 1.641849155754796e-03
1.411631749432821e-01 5.823317698183615e-02 1.646424535202931e-03
1.413115514386427e-01 5.998897657411359e-02 1.656168557686896e-03
1.414599277446915e-01 5.983857254543835e-02 1.671233806812356e-03
1.416083038612301e-01 5.776275690651344e-02 1.615149178556629e-03
1.417566797880601e-01 5.886539039034321e-02 1.653104856638145e-03
1.419050555249833e-01 5.960827312017963e-02 1.663504685383946e-03
1.420534310718010e-01 5.992366936170474e-02 1.676227541635903e-03
1.422018064283151e-01 5.991586462514453e-02 1.744957799378078e-03
1.423501815943271e-01 6.050380255960601e-02 1.761333788752098e-03
1.424985565696385e-01 5.535395369902799e-02 1.726442381829291e-03
1.426469313540512e-01 6.043276488191761e-02 1.827941880892423e-03
1.427953059473665e-01 5.546937172652047e-02 1.754095550343512e-03
1.429436803493862e-01 5.632607241129352e-02 1.803877997262417e-03
1.430920545599118e-01 5.760392681643370e-02 1.825250267450566e-03
1.432404285787451e-01 5.795771161527205e-02 1.865724750670167e-03
1.433888024056876e-01 5.649459227221931e-02 1.860550310447239e-03
1.435371760405410e-01 5.735252678278059e-02 1.874625982174687e-03
1.436855494831068e-01 5.944490559298851e-02 1.939911178142805e-03
1.438339227331868e-01 5.984322815172709e-02 1.956037103218216e-03
1.439822957905825e-01 5.713583664061127e-02 1.918433639956343e-03
1.441306686550955e-01 5.895031378409535e-02 1.976019007563162e-03
1.442790413265275e-01 5.139963400042961e-02 1.843951598407382e-03
1.444274138046802e-01 5.698186580906969e-02 1.982652682621585e-03
1.445757860893551e-01 5.676799943021830e-02 1.977606967916042e-03
1.447241581803540e-01 5.731216933934342e-02 1.997776636089590e-03
1.448725300774784e-01 5.786706669158820e-02 2.029486634440128e-03
1.450209017805300e-01 5.575517817268939e-02 1.997636566661355e-03
1.451692732893104e-01 5.700031082234731e-02 2.066259653045366e-03
1.453176446036212e-01 5.930276751678875e-02 2.084974273124840e-03
1.454660157232642e-01 5.635442475263509e-02 2.060521839957472e-03
1.456143866480410e-01 5.728416863286052e-02 2.095918126370189e-03
1.457627573777532e-01 5.768601096382406e-02 2.106395297158452e-03
1.459111279122024e-01 5.568751949389548e-02 2.109315210255837e-03
1.460594982511903e-01 5.925509045956899e-02 2.160810816523001e-03
1.462078683945185e-01 5.926307438263471e-02 2.184465903682209e-03
1.463562383419889e-01 5.407299090612810e-02 2.104788316403818e-03
1.465046080934028e-01 5.882496349997419e-02 2.195328139879216e-03
1.466529776485621e-01 5.769407563053153e-02 2.191616705720441e-03
1.468013470072683e-01 5.793249551784137e-02 2.223245129452184e-03
1.469497161693232e-01 5.900592944177986e-02 2.251216623777831e-03
1.470980851345284e-01 5.489262291625634e-02 2.202765079296321e-03
1.472464539026855e-01 5.805254390168479e-02 2.261406042489753e-03
1.473948224735963e-01 5.487562137542434e-02 2.196782984938419e-03
1.475431908470624e-01 5.616827429134939e-02 2.281680174186198e-03
1.476915590228854e-01 5.768870666471196e-02 2.302030008550326e-03
1.478399270008671e-01 5.518834847454335e-02 2.273996283125065e-03
1.479882947808090e-01 5.518774750225158e-02 2.303492074942852e-03
1.481366623625130e-01 5.823564116431625e-02 2.344478634532199e-03
1.482850297457805e-01 5.314798820639923e-02 2.315162729428214e-03
1.484333969304134e-01 5.820592197023109e-02 2.372296276170959e-03
1.485817639162133e-01 5.419505577514262e-02 2.310884942838533e-03
1.487301307029819e-01 5.582921873030446e-02 2.389269994432059e-03
1.488784972905207e-01 5.971331164537114e-02 2.425687472780855e-03
1.490268636786317e-01 5.628703703669533e-02 2.438062212401285e-03
1.491752298671163e-01 5.549916687490650e-02 2.345267850910759e-03
1.493235958557763e-01 5.921918335142508e-02 2.463193301418952e-03
1.494719616444135e-01 5.455435554870887e-02 2.383218087571777e-03
1.496203272328294e-01 5.698203046019723e-02 2.443084400617792e-03
1.497686926208257e-01 5.271387381389058e-02 2.376524967183792e-03
1.499170578082042e-01 5.080955378766473e-02 2.295341669512226e-03
1.500654227947665e-01 5.706878261631290e-02 2.488317169712779e-03
1.502137875803144e-01 5.473655912557625e-02 2.416678122540989e-03
1.503621521646495e-01 5.057339943777537e-02 2.325367383596642e-03
1.505105165475735e-01 5.757941858782014e-02 2.515368580018122e-03
1.506588807288882e-01 5.480297093658245e-02 2.403269257088985e-03
1.508072447083951e-01 5.675620201973014e-02 2.510746556981443e-03
1.509556084858961e-01 5.820669583744542e-02 2.502501314420127e-03
1.511039720611928e-01 5.497189500362383e-02 2.429437483233582e-03
1.512523354340869e-01 5.209039853265289e-02 2.402750914251717e-03
1.514006986043802e-01 5.207882702126563e-02 2.377062360663064e-03
1.515490615718743e-01 5.670130451754751e-02 2.523174934577173e-03
1.516974243363709e-01 5.185930302725140e-02 2.362126525606016e-03
1.518457868976718e-01 5.020949814279426e-02 2.356448507337696e-03
1.519941492555787e-01 5.221039825140453e-02 2.421199243230496e-03
1.521425114098933e-01 5.532956229087619e-02 2.484370686565518e-03
1.522908733604172e-01 5.737775364655726e-02 2.563448982460675e-03
1.524392351069522e-01 5.329519086456375e-02 2.420009955372843e-03
1.525875966493001e-01 5.305289049238191e-02 2.487157868501680e-03
1.527359579872626e-01 5.176573462322452e-02 2.432166378266910e-03
1.528843191206413e-01 5.384837206792321e-02 2.494477666588840e-03
1.530326800492380e-01 5.378843592575361e-02 2.524416380119937e-03
1.531810407728545e-01 5.870493615905024e-02 2.584340712351183e-03
1.533294012912923e-01 5.288415539439838e-02 2.544390112735159e-03
1.534777616043534e-01 5.153766327732080e-02 2.448628277757403e-03
1.536261217118393e-01 5.406648034017242e-02 2.551554963418537e-03
1.537744816135519e-01 5.442782701575739e-02 2.560069634724775e-03
1.539228413092928e-01 5.166036728132113e-02 2.514787332194015e-03
1.540712007988639e-01 4.839548117815348e-02 2.466462106071839e-03
1.542195600820668e-01 5.307836081635990e-02 2.507716834268636e-03
1.543679191587032e-01 5.550271596235105e-02 2.664215622456891e-03
1.545162780285749e-01 5.399839565208147e-02 2.577202812129663e-03
1.546646366914837e-01 5.531270679572947e-02 2.683060383030734e-03
1.548129951472313e-01 5.369654099546660e-02 2.610815165256694e-03
1.549613533956194e-01 5.191299261892234e-02 2.545243868970030e-03
1.551097114364498e-01 4.862393025296442e-02 2.538148498760050e-03
1.552580692695243e-01 5.985152424175245e-02 2.766637686773262e-03
1.554064268946445e-01 5.074803051485395e-02 2.586359122288623e-03
1.555547843116122e-01 5.101972068669294e-02 2.573604465809187e-03
1.557031415202292e-01 5.699931686414027e-02 2.755165973162013e-03
1.558514985202972e-01 5.031207480264541e-02 2.619141996783360e-03
1.559998553116179e-01 5.206520649460894e-02 2.616375069318075e-03
1.561482118939933e-01 4.961011009054470e-02 2.614682380963723e-03
1.562965682672249e-01 5.762683030265019e-02 2.792029051133231e-03
1.564449244311146e-01 5.251203111007965e-02 2.700927437866294e-03
1.565932803854641e-01 5.625106698031354e-02 2.833887814153449e-03
1.567416361300751e-01 5.492165575222575e-02 2.725716008687398e-03
1.568899916647495e-01 5.525189104217189e-02 2.808611464034686e-03
1.570383469892890e-01 5.097360172265496e-02 2.686544699764537e-03
1.571867021034954e-01 5.110452264301796e-02 2.723880209125736e-03
1.573350570071704e-01 5.096590638689990e-02 2.704989450313053e-03
1.574834117001158e-01 5.791200418352821e-02 2.863564310227600e-03
1.576317661821335e-01 5.078904825329620e-02 2.762560033070502e-03
1.577801204530250e-01 5.302577932809928e-02 2.806421844059283e-03
1.579284745125923e-01 5.825689508756244e-02 2.916492651555045e-03
1.580768283606372e-01 5.306553092609249e-02 2.844611043684322e-03
1.582251819969613e-01 4.740568237174889e-02 2.645927171224507e-03
1.583735354213664e-01 4.696995410920256e-02 2.720896386186806e-03
1.585218886336544e-01 5.019249879814063e-02 2.742309156396805e-03
1.586702416336271e-01 5.308419766910825e-02 2.862108123969722e-03
1.588185944210862e-01 5.186128225039544e-02 2.881182347244192e-03
1.589669469958334e-01 5.353540494618371e-02 2.865684525829961e-03
1.591152993576707e-01 5.235946477291519e-02 2.926983062443599e-03
1.592636515063998e-01 4.623111600973745e-02 2.687129036311780e-03
1.594120034418224e-01 5.138098019868988e-02 2.872284111871031e-03
1.595603551637404e-01 5.452476241345993e-02 3.006047459034932e-03
1.597087066719556e-01 4.524040204323340e-02 2.703631140993136e-03
1.598570579662698e-01 5.237856112068765e-02 2.960611318162516e-03
1.600054090464846e-01 5.253952809610998e-02 2.955579369064812e-03
1.601537599124021e-01 5.386226195439332e-02 2.987740727523668e-03
1.603021105638239e-01 4.756405615483642e-02 2.868220504963397e-03
1.604504610005519e-01 5.154224035556539e-02 2.951300097440179e-03
1.605988112223878e-01 5.309898780275821e-02 3.030519303644795e-03
1.607471612291335e-01 5.119535250469075e-02 2.980708662228364e-03
1.608955110205908e-01 5.312037226033985e-02 3.051685650666763e-03
1.610438605965615e-01 4.834344099269988e-02 2.931251669392887e-03
1.611922099568474e-01 4.905446908750143e-02 2.952732054384177e-03
1.613405591012503e-01 4.993212558706656e-02 2.989358165634648e-03
1.614889080295720e-01 4.915839066404484e-02 3.002826636438271e-03
1.616372567416144e-01 5.063559182414680e-02 3.031473587626793e-03
1.617856052371793e-01 5.379229524158225e-02 3.175258790713823e-03
1.619339535160685e-01 4.783509366946154e-02 2.978082850851450e-03
1.620823015780837e-01 5.154334098340078e-02 3.113847105212318e-03
1.622306494230269e-01 5.173648819114278e-02 3.160309007629230e-03
1.623789970506999e-01 5.326166037210513e-02 3.188692199193149e-03
1.625273444609043e-01 5.134913877636698e-02 3.160321026243840e-03
1.626756916534423e-01 4.747450103089431e-02 3.033034614370387e-03
1.628240386281155e-01 5.272423835095989e-02 3.220645451723084e-03
1.629723853847257e-01 4.914655318743268e-02 3.133469783963586e-03
1.631207319230749e-01 4.224590534297985e-02 2.922210376485625e-03
1.632690782429647e-01 5.134041663188921e-02 3.234142252724362e-03
1.634174243441972e-01 4.848826660199486e-02 3.143027496000312e-03
1.635657702265741e-01 4.632731163238848e-02 3.109285572386464e-03
1.637141158898972e-01 4.651572566346989e-02 3.121931094171221e-03
1.638624613339684e-01 5.342269604376384e-02 3.338918502735240e-03
1.640108065585895e-01 5.241829434090122e-02 3.383586350315148e-03
1.641591515635625e-01 5.644363986007624e-02 3.467305234237900e-03
1.643074963486891e-01 5.414376030481731e-02 3.424352072988705e-03
1.644558409137711e-01 4.689927854998272e-02 3.221055675206141e-03
1.646041852586105e-01 4.671956854450005e-02 3.201172089470492e-03
1.647525293830090e-01 4.444338762837206e-02 3.190849274440036e-03
1.649008732867686e-01 4.949258065573680e-02 3.359775296938752e-03
1.650492169696911e-01 5.717259456859412e-02 3.587327635687473e-03
1.651975604315783e-01 4.492495366016194e-02 3.259198691774034e-03
1.653459036722321e-01 4.832397721150647e-02 3.334671236410540e-03
1.654942466914544e-01 5.297090445871955e-02 3.547194128411968e-03
1.656425894890469e-01 5.105486885889202e-02 3.540018221785094e-03
1.657909320648118e-01 4.940803616271354e-02 3.425830919320052e-03
1.659392744185506e-01 5.204162128370437e-02 3.591213050022243e-03
1.660876165500653e-01 4.812597009897985e-02 3.428833397358663e-03
1.662359584591579e-01 5.154619289976455e-02 3.591393435431013e-03
1.663843001456301e-01 5.362897472015458e-02 3.736507721014227e-03
1.665326416092838e-01 5.634728951056003e-02 3.773293594779961e-03
1.666809828499210e-01 4.712079291582193e-02 3.502460954085539e-03
1.668293238673434e-01 5.467064295494560e-02 3.772632781031067e-03
1.669776646613530e-01 5.181241446334965e-02 3.710364065710053e-03
1.671260052317516e-01 5.045007271391588e-02 3.719228704548279e-03
1.672743455783411e-01 5.986959650304970e-02 4.009164717047859e-03
1.674226857009234e-01 4.902569932461386e-02 3.705994521827302e-03
1.675710255993005e-01 4.989320648493490e-02 3.708532831775327e-03
1.677193652732740e-01 4.929379817804345e-02 3.726260890197480e-03
1.678677047226461e-01 5.184188925294549e-02 3.907729433526777e-03
1.680160439472184e-01 4.871516049530112e-02 3.714496164528401e-03
1.681643829467930e-01 4.675242141916777e-02 3.743189463884374e-03
1.683127217211718e-01 5.832247942147920e-02 4.144798130764904e-03
1.684610602701565e-01 5.304623155136653e-02 3.987198924610301e-03
1.686093985935492e-01 5.558473521842371e-02 4.154598172357433e-03
1.687577366911517e-01 4.599189216255760e-02 3.767802614463666e-03
1.689060745627659e-01 4.868428307220353e-02 3.935891008120883e-03
1.690544122081938e-01 4.494748906628904e-02 3.758697860156529e-03
1.692027496272371e-01 4.961521393714999e-02 3.998107875558756e-03
1.693510868196979e-01 4.987473057709224e-02 4.085897131604099e-03
1.694994237853780e-01 4.795966584731017e-02 3.955646569598434e-03
1.696477605240793e-01 5.120028831712552e-02 4.222928606068408e-03
1.697960970356038e-01 4.346262511889176e-02 3.826670767721907e-03
1.699444333197534e-01 5.464172832953078e-02 4.333370929811443e-03
1.700927693763299e-01 5.663119229333308e-02 4.534124134856152e-03
1.702411052051354e-01 4.593823464205396e-02 4.013642196260917e-03
1.703894408059716e-01 4.635711966830409e-02 4.146306832776818e-03
1.705377761786405e-01 5.599951546172160e-02 4.557175937952613e-03
1.706861113229442e-01 4.271230092742041e-02 3.965737582518670e-03
1.708344462386844e-01 3.983365405617727e-02 3.944119469150677e-03
1.709827809256630e-01 4.577906973369548e-02 4.196560442022833e-03
1.711311153836821e-01 4.749061953740543e-02 4.390509329376082e-03
1.712794496125435e-01 5.075053210223868e-02 4.503381501725295e-03
1.714277836120492e-01 4.915219152505595e-02 4.431903857550087e-03
1.715761173820012e-01 3.909205741395182e-02 4.097961102330835e-03
1.717244509222012e-01 4.905571399053178e-02 4.515944516256323e-03
1.718727842324513e-01 4.932818845853477e-02 4.682024449140443e-03
1.720211173125535e-01 5.199468463640195e-02 4.806910295080177e-03
1.721694501623096e-01 5.460846653322098e-02 4.884329732612176e-03
1.723177827815215e-01 5.576826740775034e-02 5.112268691455210e-03
1.724661151699914e-01 6.029579838609349e-02 5.268068364954594e-03
1.726144473275209e-01 4.766009344236711e-02 4.814396466440328e-03
1.727627792539122e-01 4.565929812954186e-02 4.734648657563017e-03
1.729111109489672e-01 5.347806519929119e-02 5.075913318128069e-03
1.730594424124878e-01 5.049897311274807e-02 5.154029860864996e-03
1.732077736442759e-01 3.403376396918267e-02 4.127200108302374e-03
1.733561046441336e-01 5.484175532450959e-02 5.484175532450960e-03
1.735044354118627e-01 4.113140235599722e-02 4.749445244476360e-03
1.736527659472653e-01 5.155146532616523e-02 5.261449397578517e-03
1.738010962501432e-01 3.924949317470477e-02 4.795088772420277e-03
1.739494263202985e-01 4.410532709144713e-02 5.026268500282203e-03
1.740977561575331e-01 5.458424717556081e-02 5.753684848012829e-03
1.742460857616490e-01 5.277932319529722e-02 5.691340787949462e-03
1.743944151324481e-01 5.462057698257847e-02 5.789769580625735e-03
1.745427442697323e-01 5.088260553411027e-02 5.836635144927108e-03
1.746910731733038e-01 5.477423571936196e-02 5.941100015634090e-03
1.748394018429644e-01 4.528245228838209e-02 5.616596951137968e-03
1.749877302785161e-01 3.460369181990849e-02 4.943384545701213e-03
1.751360584797609e-01 5.225874674241583e-02 6.074955912517097e-03
1.752843864465008e-01 4.616655777551461e-02 5.960076980543020e-03
1.754327141785377e-01 4.183992521363898e-02 5.591095187060057e-03
1.755810416756736e-01 6.137246892889162e-02 7.086682291385504e-03
1.757293689377105e-01 4.909807894984312e-02 6.338534736783979e-03
1.758776959644504e-01 3.380530622070538e-02 5.345088232844390e-03
1.760260227556953e-01 5.523557267998985e-02 7.130881770261003e-03
1.761743493112470e-01 4.368924613693206e-02 6.178592441670567e-03
1.763226756309078e-01 3.501741722762980e-02 5.836236204604967e-03
1.764710017144794e-01 5.254494328961519e-02 7.217603042913425e-03
1.766193275617640e-01 5.567792992062865e-02 7.576806568887805e-03
1.767676531725635e-01 4.826308366251482e-02 7.275933624276969e-03
1.769159785466800e-01 5.045696759231818e-02 7.439474003455643e-03
1.770643036839153e-01 3.805173829958440e-02 6.834293949940656e-03
1.772126285840715e-01 4.555941771230498e-02 7.390713487180148e-03
1.773609532469506e-01 3.304755637730825e-02 6.609511275461648e-03
1.775092776723547e-01 6.409453271301102e-02 9.450223282040390e-03
1.776576018600856e-01 5.441854203862150e-02 8.827853225369324e-03
1.778059258099455e-01 4.027696760518529e-02 8.055393521037058e-03
1.779542495217363e-01 3.658715600372239e-02 7.800407869408088e-03
1.781025729952601e-01 6.577673645827062e-02 1.081362886199106e-02
1.782508962303188e-01 3.436989996684360e-02 8.101063111752802e-03
1.783992192267145e-01 5.567935745501586e-02 1.071549733831960e-02
1.785475419842491e-01 7.264578236372922e-02 1.304756768240895e-02
1.786958645027247e-01 4.124414575639274e-02 1.031103643909818e-02
1.788441867819434e-01 5.426872960868975e-02 1.213485684575859e-02
1.789925088217071e-01 4.549006248811580e-02 1.174548362896048e-02
1.791408306218179e-01 5.948713300421425e-02 1.535951169592982e-02
1.792891521820777e-01 3.437041765307919e-02 1.215177769735306e-02
1.794374735022887e-01 4.218196727544333e-02 1.406065575848111e-02
1.795857945822528e-01 4.419072786407578e-02 1.804078910486274e-02
1.797341154217720e-01 6.014862077069070e-02 2.273404175182597e-02
1.798824360206485e-01 2.577803611930422e-02 1.822782414563176e-02
1.800307563786842e-01 0.000000000000000e+00 1.718539463626816e-02
