<X> <Y> <dY>
1.039265947336785e-03 7.784838175996453e+03 1.440244543010584e+01
1.187732507260276e-03 7.547486031534737e+03 6.342019944255543e+00
1.336199065591062e-03 7.394906976756914e+03 3.893194771144934e+00
1.484665622130054e-03 7.267123888025213e+03 3.374957241341357e+00
1.633132176678164e-03 7.148153401230270e+03 2.680929865452570e+00
1.781598729036305e-03 7.042088879689640e+03 2.543684328239359e+00
1.930065279005388e-03 6.926918897501978e+03 2.383086673048430e+00
2.078531826386324e-03 6.829584225429775e+03 2.217725258784089e+00
2.226998370980027e-03 6.724893014062641e+03 2.200661804091121e+00
2.375464912587407e-03 6.621898896539537e+03 1.991236072809265e+00
2.523931451009377e-03 6.519240067946355e+03 2.009906013429449e+00
2.672397986046849e-03 6.415175168829429e+03 1.848973789131898e+00
2.820864517500735e-03 6.314615474488646e+03 1.781751053610834e+00
2.969331045171946e-03 6.207016231418153e+03 1.758231519911435e+00
3.117797568861397e-03 6.105650139945935e+03 1.660548144201432e+00
3.266264088369997e-03 5.997754908024436e+03 1.618605337119898e+00
3.414730603498659e-03 5.875943650476946e+03 1.558010896587801e+00
3.563197114048295e-03 5.775301020946280e+03 1.504334454403226e+00
3.711663619819818e-03 5.677212160256909e+03 1.464821005903840e+00
3.860130120614143e-03 5.566462429770592e+03 1.387892548175230e+00
4.008596616232176e-03 5.442470546336189e+03 1.385913558849251e+00
4.157063106474833e-03 5.338146520177468e+03 1.333404258943285e+00
4.305529591143026e-03 5.229717746607032e+03 1.287985813573987e+00
4.453996070037668e-03 5.117214504110589e+03 1.270281770135341e+00
4.602462542959671e-03 5.005247647003888e+03 1.204011103891008e+00
4.750929009709947e-03 4.893099135296658e+03 1.184028527199930e+00
4.899395470089409e-03 4.782037019015816e+03 1.146125685242910e+00
5.047861923898970e-03 4.669215365154536e+03 1.123868493521025e+00
5.196328370939542e-03 4.556093710381716e+03 1.096345173963791e+00
5.344794811012039e-03 4.439111257423114e+03 1.051399610797641e+00
5.493261243917372e-03 4.325317597330679e+03 1.033020222316513e+00
5.641727669456453e-03 4.210481594256151e+03 9.986224839011066e-01
5.790194087430198e-03 4.095898678899158e+03 9.805921250015752e-01
5.938660497639517e-03 3.983634737994355e+03 9.424700274507670e-01
6.087126899885325e-03 3.870360967378866e+03 9.309235466970528e-01
6.235593293968535e-03 3.757997962881475e+03 8.986264642224743e-01
6.384059679690060e-03 3.644164022119337e+03 8.675927138238293e-01
6.532526056850811e-03 3.527992020557595e+03 8.454982844673399e-01
6.680992425251704e-03 3.419877812406129e+03 8.292952597999904e-01
6.829458784693651e-03 3.308504067717119e+03 8.126191425527973e-01
6.977925134977566e-03 3.198882192133163e+03 7.747593283580749e-01
7.126391475904362e-03 3.091701329468617e+03 7.643655260267567e-01
7.274857807274953e-03 2.983192587525434e+03 7.328611306073497e-01
7.423324128890250e-03 2.876692917614040e+03 7.136584652185460e-01
7.571790440551172e-03 2.772273519761000e+03 7.017531131767542e-01
7.720256742058629e-03 2.667624410332422e+03 6.750127892949426e-01
7.868723033213537e-03 2.568801947656795e+03 6.623918667392142e-01
8.017189313816805e-03 2.466484734929144e+03 6.379181413406708e-01
8.165655583669350e-03 2.367969113862629e+03 6.146696963332967e-01
8.314121842572089e-03 2.269343142166954e+03 6.008343064802905e-01
8.462588090325933e-03 2.173267829306645e+03 5.768914021884727e-01
8.611054326731796e-03 2.079887727219269e+03 5.709624834077971e-01
8.759520551590594e-03 1.987819445012168e+03 5.439688887634538e-01
8.907986764703241e-03 1.898431415791786e+03 5.301189591335942e-01
9.056452965870650e-03 1.810544097391842e+03 5.127417434088535e-01
9.204919154893739e-03 1.724039374606442e+03 4.930090238316677e-01
9.353385331573419e-03 1.640534717723616e+03 4.854370953862946e-01
9.501851495710607e-03 1.558745306198476e+03 4.626994079078138e-01
9.650317647106216e-03 1.479774007502959e+03 4.485201059041487e-01
9.798783785561163e-03 1.401918373751931e+03 4.332585136612680e-01
9.947249910876360e-03 1.327096792699802e+03 4.163403679907854e-01
1.009571602285273e-02 1.255108748086820e+03 4.068902894760828e-01
1.024418212129118e-02 1.185207494205734e+03 3.864153473460643e-01
1.039264820599262e-02 1.115785906757665e+03 3.794397218317524e-01
1.054111427675798e-02 1.049358100193759e+03 3.602057450026622e-01
1.068958033338818e-02 9.866240070067970e+02 3.452899858242470e-01
1.083804637568411e-02 9.242563752432656e+02 3.364953487570116e-01
1.098651240344671e-02 8.651820864722451e+02 3.186789136876884e-01
1.113497841647688e-02 8.086987222595893e+02 3.105039582881162e-01
1.128344441457554e-02 7.541462738047877e+02 2.949404648043454e-01
1.143191039754362e-02 7.017672248803016e+02 2.814836178637881e-01
1.158037636518202e-02 6.516100503454530e+02 2.744549307261475e-01
1.172884231729166e-02 6.052121171205546e+02 2.581420591729395e-01
1.187730825367346e-02 5.590887729637216e+02 2.478547183093323e-01
1.202577417412833e-02 5.154346470455597e+02 2.358039280170515e-01
1.217424007845719e-02 4.741872062315231e+02 2.250361974468091e-01
1.232270596646097e-02 4.356625033143135e+02 2.167900703108155e-01
1.247117183794057e-02 3.990510824355521e+02 2.026176007830266e-01
1.261963769269691e-02 3.636406959554919e+02 1.943593295106439e-01
1.276810353053091e-02 3.307254673999307e+02 1.823575515511597e-01
1.291656935124349e-02 2.998394848179767e+02 1.746251006342695e-01
1.306503515463557e-02 2.711782126398214e+02 1.648160555411737e-01
1.321350094050805e-02 2.443229922237546e+02 1.541415989616801e-01
1.336196670866187e-02 2.186846557918706e+02 1.462308178822446e-01
1.351043245889793e-02 1.953869822111002e+02 1.368480005425015e-01
1.365889819101716e-02 1.737601618196219e+02 1.292850473856363e-01
1.380736390482048e-02 1.539053349274117e+02 1.198496842198411e-01
1.395582960010879e-02 1.351522274181914e+02 1.122126288186891e-01
1.410429527668303e-02 1.182480150116562e+02 1.048691632071607e-01
1.425276093434411e-02 1.028960402940005e+02 9.689940910231572e-02
1.440122657289295e-02 8.880146983736687e+01 8.925758110539907e-02
1.454969219213047e-02 7.587206155898960e+01 8.175071343834515e-02
1.469815779185758e-02 6.435475162074486e+01 7.585697394898082e-02
1.484662337187521e-02 5.414954571573392e+01 6.894955006620111e-02
1.499508893198428e-02 4.512286597342224e+01 6.237815321731311e-02
1.514355447198570e-02 3.717756437268742e+01 5.634775583079146e-02
1.529201999168039e-02 3.020910808658066e+01 5.055069935716119e-02
1.544048549086928e-02 2.417666932271156e+01 4.525863424059361e-02
1.558895096935328e-02 1.909666401440312e+01 3.972166721189171e-02
1.573741642693332e-02 1.482724061199995e+01 3.500087676927088e-02
1.588588186341031e-02 1.126821123142135e+01 3.025549235383725e-02
1.603434727858518e-02 8.538933333428556e+00 2.611966429301656e-02
1.618281267225884e-02 6.468975363102841e+00 2.301208623050268e-02
1.633127804423223e-02 4.977594892463345e+00 1.979448562172092e-02
1.647974339430625e-02 4.093396587587705e+00 1.792403768396687e-02
1.662820872228182e-02 3.649649106300612e+00 1.685035818886734e-02
1.677667402795988e-02 3.723636771873014e+00 1.692177626901897e-02
1.692513931114134e-02 4.194703007641005e+00 1.797324591073274e-02
1.707360457162713e-02 5.019896181253865e+00 1.932946598277585e-02
1.722206980921815e-02 6.200579583384639e+00 2.183627574496485e-02
1.737053502371535e-02 7.560026193600729e+00 2.360595586935610e-02
1.751900021491964e-02 9.274333997287791e+00 2.602010657490400e-02
1.766746538263194e-02 1.116191540689938e+01 2.874301332561688e-02
1.781593052665317e-02 1.320386564112691e+01 3.081560308771493e-02
1.796439564678426e-02 1.532344461804544e+01 3.344614326362037e-02
1.811286074282614e-02 1.753050934486378e+01 3.534075227191460e-02
1.826132581457971e-02 1.973840405680746e+01 3.730134473908225e-02
1.840979086184591e-02 2.222401083489821e+01 3.958035993078806e-02
1.855825588442566e-02 2.455720749461990e+01 4.119948298834769e-02
1.870672088211989e-02 2.688130410592752e+01 4.330200458816990e-02
1.885518585472951e-02 2.916682911905646e+01 4.546374963281739e-02
1.900365080205546e-02 3.145153734534485e+01 4.765652494404398e-02
1.915211572389865e-02 3.358823314636830e+01 4.931560153310370e-02
1.930058062006001e-02 3.577697102310696e+01 5.121112210645763e-02
1.944904549034047e-02 3.773542690282341e+01 5.379129438743225e-02
1.959751033454094e-02 3.961842357421098e+01 5.519653209553745e-02
1.974597515246237e-02 4.134053114484909e+01 5.751495408281940e-02
1.989443994390566e-02 4.306669526731321e+01 5.910415417617729e-02
2.004290470867175e-02 4.434726164500829e+01 6.002213708040496e-02
2.019136944656156e-02 4.567743141302957e+01 6.119616139365606e-02
2.033983415737602e-02 4.684587752128196e+01 6.240749492836769e-02
2.048829884091604e-02 4.778707093364586e+01 6.342835960704460e-02
2.063676349698258e-02 4.859618833226757e+01 6.371195719996531e-02
2.078522812537653e-02 4.934410383999121e+01 6.502085522607937e-02
2.093369272589884e-02 4.974950506445167e+01 6.533996140205098e-02
2.108215729835043e-02 5.011710495632945e+01 6.563379095816960e-02
2.123062184253223e-02 5.042605968701253e+01 6.637323736689461e-02
2.137908635824515e-02 5.024770799090055e+01 6.609343878335967e-02
2.152755084529015e-02 5.020436208830631e+01 6.628154052114552e-02
2.167601530346813e-02 4.975391244187691e+01 6.636604590942358e-02
2.182447973258003e-02 4.958744458450407e+01 6.675582142955881e-02
2.197294413242678e-02 4.883952602009290e+01 6.569884707223463e-02
2.212140850280929e-02 4.810681044999622e+01 6.446016925705907e-02
2.226987284352852e-02 4.742062216295646e+01 6.389532730393446e-02
2.241833715438537e-02 4.643999653720775e+01 6.213666396437423e-02
2.256680143518079e-02 4.541697914047032e+01 6.164109188542172e-02
2.271526568571569e-02 4.439133828856051e+01 5.996076271566821e-02
2.286372990579102e-02 4.304695474801603e+01 5.838411758133028e-02
2.301219409520770e-02 4.178731383986368e+01 5.804336651172151e-02
2.316065825376665e-02 4.046420533541422e+01 5.623082777691867e-02
2.330912238126882e-02 3.901578261398615e+01 5.587457899508549e-02
2.345758647751513e-02 3.746393948545803e+01 5.355911349218247e-02
2.360605054230651e-02 3.592727300059822e+01 5.314086505210205e-02
2.375451457544390e-02 3.438343808143279e+01 5.172026795058503e-02
2.390297857672821e-02 3.277127090154364e+01 4.959626040507908e-02
2.405144254596040e-02 3.113212403703178e+01 4.889406746631187e-02
2.419990648294138e-02 2.942964206514326e+01 4.713263598663461e-02
2.434837038747209e-02 2.789320656714729e+01 4.601636600389849e-02
2.449683425935346e-02 2.615890878134014e+01 4.443643179841197e-02
2.464529809838643e-02 2.460957693651776e+01 4.229917216415181e-02
2.479376190437193e-02 2.294587481436866e+01 4.158861417929971e-02
2.494222567711088e-02 2.135263594278138e+01 3.950880505034281e-02
2.509068941640423e-02 1.985236459993593e+01 3.846671296667559e-02
2.523915312205290e-02 1.831156773244061e+01 3.651230625896264e-02
2.538761679385784e-02 1.688589128958042e+01 3.499052295688698e-02
2.553608043161997e-02 1.543702318088067e+01 3.357009135349810e-02
2.568454403514022e-02 1.401120077901611e+01 3.174393902212420e-02
2.583300760421955e-02 1.274230963523201e+01 3.041643820828975e-02
2.598147113865888e-02 1.148612827372451e+01 2.853055945406734e-02
2.612993463825913e-02 1.037907852095673e+01 2.722967326895736e-02
2.627839810282126e-02 9.190746035686779e+00 2.567517956647007e-02
2.642686153214619e-02 8.147091002200481e+00 2.387021774387172e-02
2.657532492603487e-02 7.179965486707397e+00 2.237933364039029e-02
2.672378828428821e-02 6.298788862500089e+00 2.092009079655539e-02
2.687225160670718e-02 5.452958322970650e+00 1.960595417154846e-02
2.702071489309268e-02 4.720607916630036e+00 1.815806466506068e-02
2.716917814324569e-02 3.992693897268181e+00 1.652712120838159e-02
2.731764135696711e-02 3.389778025254995e+00 1.535692451116138e-02
2.746610453405790e-02 2.860509480944456e+00 1.398000962220788e-02
2.761456767431899e-02 2.359331355182349e+00 1.265589285063538e-02
2.776303077755132e-02 1.963546285481215e+00 1.159004342166883e-02
2.791149384355582e-02 1.630604313950806e+00 1.047478206191538e-02
2.805995687213344e-02 1.346737990888273e+00 9.549652224436876e-03
2.820841986308512e-02 1.119752425504312e+00 8.696729140623666e-03
2.835688281621178e-02 9.927081782329896e-01 8.132036517738110e-03
2.850534573131439e-02 8.917189789004935e-01 7.707305960414379e-03
2.865380860819386e-02 8.461038995346737e-01 7.498222563840300e-03
2.880227144665114e-02 8.782312595465104e-01 7.644021952443830e-03
2.895073424648718e-02 9.217439470318948e-01 7.831098790338088e-03
2.909919700750293e-02 1.016451407294741e+00 8.117855031629139e-03
2.924765972949930e-02 1.158985516680597e+00 8.721575717654251e-03
2.939612241227725e-02 1.338477744989688e+00 9.315447249780234e-03
2.954458505563771e-02 1.558829592066286e+00 1.007143813632441e-02
2.969304765938165e-02 1.801579580424195e+00 1.077477394858684e-02
2.984151022330999e-02 2.055671539051614e+00 1.150955099700094e-02
2.998997274722367e-02 2.346565673384462e+00 1.231933042363127e-02
3.013843523092363e-02 2.660794133315124e+00 1.306289863688000e-02
3.028689767421083e-02 3.007562737436754e+00 1.374004051249019e-02
3.043536007688621e-02 3.312731404152282e+00 1.455811687737762e-02
3.058382243875071e-02 3.664711528596074e+00 1.524807164863946e-02
3.073228475960527e-02 3.999168437339065e+00 1.585337278372055e-02
3.088074703925083e-02 4.368565149242044e+00 1.662831309319597e-02
3.102920927748836e-02 4.750261579277695e+00 1.715712235852092e-02
3.117767147411878e-02 5.099092133259626e+00 1.786967452225473e-02
3.132613362894304e-02 5.424780464765904e+00 1.834550099544657e-02
3.147459574176209e-02 5.710010299738031e+00 1.877795113707106e-02
3.162305781237687e-02 6.073116157697077e+00 1.938828777992012e-02
3.177151984058834e-02 6.338028054818992e+00 1.967004161893738e-02
3.191998182619744e-02 6.664619760496286e+00 2.035788621243813e-02
3.206844376900511e-02 6.933715890457042e+00 2.045682163061251e-02
3.221690566881231e-02 7.195292998518051e+00 2.080381359833083e-02
3.236536752541998e-02 7.450649978940059e+00 2.133902124008648e-02
3.251382933862906e-02 7.638505828353120e+00 2.144708703193486e-02
3.266229110824052e-02 7.830793761514698e+00 2.188918758778999e-02
3.281075283405527e-02 8.030930469588936e+00 2.180708374425026e-02
3.295921451587431e-02 8.121195919423780e+00 2.200276364749832e-02
3.310767615349856e-02 8.246587200019526e+00 2.229703321603681e-02
3.325613774672897e-02 8.313985729679661e+00 2.215118348571854e-02
3.340459929536650e-02 8.388375415111287e+00 2.226239684125238e-02
3.355306079921208e-02 8.422752035444976e+00 2.224639843125947e-02
3.370152225806669e-02 8.418827182028723e+00 2.261842892501140e-02
3.384998367173125e-02 8.370252819789119e+00 2.268277905339408e-02
3.399844504000674e-02 8.384969934829654e+00 2.287485930212722e-02
3.414690636269409e-02 8.326350431599710e+00 2.294300270501145e-02
3.429536763959428e-02 8.228155451386398e+00 2.304082423367741e-02
3.444382887050824e-02 8.161473412022980e+00 2.279598888365303e-02
3.459229005523692e-02 8.023626927251675e+00 2.224669307136702e-02
3.474075119358127e-02 7.880229081972740e+00 2.184565882141885e-02
3.488921228534227e-02 7.724013709338778e+00 2.154253764105385e-02
3.503767333032085e-02 7.520435649855374e+00 2.122089713781083e-02
3.518613432831797e-02 7.318406249428911e+00 2.086371241146458e-02
3.533459527913459e-02 7.126884587520349e+00 2.046367582315209e-02
3.548305618257167e-02 6.886006570356457e+00 2.019295986614869e-02
3.563151703843015e-02 6.637298189632647e+00 1.966177541381305e-02
3.577997784651099e-02 6.384858387418691e+00 1.929479832638221e-02
3.592843860661515e-02 6.142095081759051e+00 1.882175355144814e-02
3.607689931854360e-02 5.873079221545914e+00 1.834549143183046e-02
3.622535998209726e-02 5.580637858143947e+00 1.796033567137599e-02
3.637382059707712e-02 5.309807942413425e+00 1.737831620527115e-02
3.652228116328413e-02 5.073692125586189e+00 1.706052445873877e-02
3.667074168051924e-02 4.756399947658121e+00 1.634347307140178e-02
3.681920214858341e-02 4.467993602440825e+00 1.582356677490777e-02
3.696766256727761e-02 4.177442565237687e+00 1.538968691584434e-02
3.711612293640280e-02 3.909714862139167e+00 1.473246746526202e-02
3.726458325575990e-02 3.626513479328880e+00 1.427838674838467e-02
3.741304352514992e-02 3.386182335551935e+00 1.378263092880165e-02
3.756150374437381e-02 3.112102102112889e+00 1.306269069508576e-02
3.770996391323252e-02 2.854150331747137e+00 1.254841331389807e-02
3.785842403152700e-02 2.625326440097024e+00 1.194861789727833e-02
3.800688409905824e-02 2.389050917443576e+00 1.152840174153046e-02
3.815534411562716e-02 2.148747721546370e+00 1.079881806120344e-02
3.830380408103477e-02 1.963196420173949e+00 1.032203877884565e-02
3.845226399508201e-02 1.760812370304814e+00 9.755679781924098e-03
3.860072385756984e-02 1.558664686155000e+00 9.141610440488914e-03
3.874918366829922e-02 1.373672176050792e+00 8.608009433430952e-03
3.889764342707114e-02 1.212296011781436e+00 8.017907923979587e-03
3.904610313368653e-02 1.070617151723281e+00 7.546109393666049e-03
3.919456278794636e-02 9.540973927917861e-01 7.077881624059116e-03
3.934302238965163e-02 8.290038689199012e-01 6.571742315725521e-03
3.949148193860327e-02 7.235698911319691e-01 6.145645987597363e-03
3.963994143460225e-02 6.495625326459591e-01 5.780572815997663e-03
3.978840087744954e-02 5.715478479224309e-01 5.427582107201524e-03
3.993686026694612e-02 5.098662799531595e-01 5.136295622435956e-03
4.008531960289294e-02 4.560429455028206e-01 4.848229670548990e-03
4.023377888509096e-02 4.314184804724880e-01 4.697385483914651e-03
4.038223811334118e-02 4.113803406869134e-01 4.554335989891642e-03
4.053069728744454e-02 4.032440846629465e-01 4.545778106264233e-03
4.067915640720204e-02 4.109094413749210e-01 4.584375747813801e-03
4.082761547241460e-02 4.153593740484306e-01 4.609133221314946e-03
4.097607448288322e-02 4.486382248055110e-01 4.771937056766981e-03
4.112453343840888e-02 4.850207699475181e-01 4.956939577710381e-03
4.127299233879253e-02 5.315842292572828e-01 5.177140899832103e-03
4.142145118383515e-02 5.828375887190869e-01 5.400581383913112e-03
4.156990997333770e-02 6.496698878132754e-01 5.723352914008855e-03
4.171836870710118e-02 7.213179725306452e-01 6.030698863136504e-03
4.186682738492653e-02 7.902794687575736e-01 6.282753331830562e-03
4.201528600661474e-02 8.729009397949707e-01 6.612316689898770e-03
4.216374457196678e-02 9.574757197172109e-01 6.880129193347117e-03
4.231220308078361e-02 1.043894774885571e+00 7.183914930014542e-03
4.246066153286622e-02 1.131879474557989e+00 7.432434376259375e-03
4.260911992801558e-02 1.236835990208237e+00 7.830585690564320e-03
4.275757826603267e-02 1.328400884363927e+00 8.119045410514260e-03
4.290603654671846e-02 1.422804988010534e+00 8.502127051268819e-03
4.305449476987392e-02 1.515230447171365e+00 8.854488727963178e-03
4.320295293530004e-02 1.622516537814779e+00 9.207407202322554e-03
4.335141104279778e-02 1.693217885405208e+00 9.547327268279688e-03
4.349986909216812e-02 1.789309494773524e+00 9.745833193123088e-03
4.364832708321206e-02 1.889663399121740e+00 1.013213418931683e-02
4.379678501573054e-02 1.993626602281459e+00 1.042840654393142e-02
4.394524288952457e-02 2.035097300504093e+00 1.045635195778252e-02
4.409370070439510e-02 2.118824565374282e+00 1.081751231230938e-02
4.424215846014314e-02 2.192774761246863e+00 1.088684964565462e-02
4.439061615656966e-02 2.276956623319573e+00 1.116772587155248e-02
4.453907379347562e-02 2.311047202611054e+00 1.125680591640103e-02
4.468753137066204e-02 2.379608523067797e+00 1.139913425089983e-02
4.483598888792985e-02 2.389740212471626e+00 1.144097567262940e-02
4.498444634508008e-02 2.430361112885809e+00 1.148481261948012e-02
4.513290374191368e-02 2.486107468452766e+00 1.178501483416602e-02
4.528136107823164e-02 2.490053810967974e+00 1.171481997797395e-02
4.542981835383494e-02 2.515550989332672e+00 1.179295534373260e-02
4.557827556852459e-02 2.538079876478426e+00 1.192007248323124e-02
4.572673272210154e-02 2.538207029745690e+00 1.183367956119010e-02
4.587518981436679e-02 2.535355706811274e+00 1.198311161276815e-02
4.602364684512131e-02 2.509063141824970e+00 1.182074675846805e-02
4.617210381416612e-02 2.503479329526723e+00 1.187603979466944e-02
4.632056072130217e-02 2.475054959092370e+00 1.181467685251202e-02
4.646901756633046e-02 2.436052844294612e+00 1.173364530451805e-02
4.661747434905197e-02 2.416639085293058e+00 1.176819875688915e-02
4.676593106926771e-02 2.365807594821678e+00 1.153270639337363e-02
4.691438772677863e-02 2.318189618692124e+00 1.147674877551020e-02
4.706284432138574e-02 2.272374678751563e+00 1.136883894146214e-02
4.721130085289003e-02 2.206778348031499e+00 1.112662923396588e-02
4.735975732109249e-02 2.135672155525151e+00 1.098645628765214e-02
4.750821372579410e-02 2.070180881586304e+00 1.073728517052223e-02
4.765667006679587e-02 2.007083532502492e+00 1.058900054632203e-02
4.780512634389875e-02 1.930499139899990e+00 1.041233803684785e-02
4.795358255690377e-02 1.845144598496207e+00 1.001215083321422e-02
4.810203870561192e-02 1.768159253597680e+00 9.943998465600085e-03
4.825049478982417e-02 1.696080162749609e+00 9.678464612430951e-03
4.839895080934152e-02 1.602641560847555e+00 9.417857590591043e-03
4.854740676396496e-02 1.533763925090660e+00 9.161086205279395e-03
4.869586265349549e-02 1.460594119906419e+00 8.926162896576379e-03
4.884431847773410e-02 1.356248174646496e+00 8.672720154697670e-03
4.899277423648181e-02 1.292498180119775e+00 8.422730922661312e-03
4.914122992953956e-02 1.199134778080025e+00 8.104482318826862e-03
4.928968555670842e-02 1.118888336642099e+00 7.848804708646982e-03
4.943814111778932e-02 1.055242160425496e+00 7.583236443677886e-03
4.958659661258329e-02 9.721467297596631e-01 7.312268136513982e-03
4.973505204089131e-02 8.924247583941123e-01 6.984441984110135e-03
4.988350740251437e-02 8.228461744785093e-01 6.699777693218779e-03
5.003196269725350e-02 7.572559738661631e-01 6.437101445269548e-03
5.018041792490967e-02 6.964897494525760e-01 6.195733605313353e-03
5.032887308528391e-02 6.385323258272557e-01 5.865999730113157e-03
5.047732817817720e-02 5.802235923214694e-01 5.617376408395917e-03
5.062578320339053e-02 5.270062313218561e-01 5.342682058461590e-03
5.077423816072490e-02 4.793417357133765e-01 5.105740301370717e-03
5.092269304998134e-02 4.321351178968071e-01 4.870229594565689e-03
5.107114787096082e-02 3.869975211572839e-01 4.534746645946105e-03
5.121960262346438e-02 3.607346212898455e-01 4.438319278685021e-03
5.136805730729297e-02 3.188633611682770e-01 4.145279656840712e-03
5.151651192224765e-02 3.024109344816621e-01 4.045110925559951e-03
5.166496646812937e-02 2.819808372593231e-01 3.902124861384070e-03
5.181342094473917e-02 2.706825292716588e-01 3.817355367186022e-03
5.196187535187805e-02 2.518891289560906e-01 3.689915886030212e-03
5.211032968934701e-02 2.458562157556115e-01 3.643614045004560e-03
5.225878395694704e-02 2.396487826710054e-01 3.575652897174424e-03
5.240723815447917e-02 2.407212558643133e-01 3.594456372871343e-03
5.255569228174441e-02 2.381586373430626e-01 3.560958297644631e-03
5.270414633854377e-02 2.445546733655851e-01 3.652511542444268e-03
5.285260032467823e-02 2.567170105134916e-01 3.691573337614460e-03
5.300105423994882e-02 2.664314454318635e-01 3.768286483215724e-03
5.314950808415651e-02 2.971147522700509e-01 3.971426801654010e-03
5.329796185710238e-02 3.118273215892739e-01 4.066544240020549e-03
5.344641555858739e-02 3.381216542436356e-01 4.264334410782985e-03
5.359486918841256e-02 3.703856909437907e-01 4.423166081273828e-03
5.374332274637892e-02 3.917579829439632e-01 4.585494460420132e-03
5.389177623228746e-02 4.148233057831628e-01 4.699661149202570e-03
5.404022964593919e-02 4.432997642898397e-01 4.834207904350407e-03
5.418868298713515e-02 4.875767903749213e-01 5.084997859557716e-03
5.433713625567634e-02 5.153122667702011e-01 5.212092297340307e-03
5.448558945136375e-02 5.424093490402935e-01 5.347374280397429e-03
5.463404257399841e-02 5.774677506316984e-01 5.550522196820231e-03
5.478249562338136e-02 6.159794410132213e-01 5.676084861258561e-03
5.493094859931359e-02 6.446047596414849e-01 5.815042679686333e-03
5.507940150159613e-02 6.884817411170889e-01 5.994962804879742e-03
5.522785433002999e-02 7.211978089724648e-01 6.156891729518811e-03
5.537630708441618e-02 7.657512458804958e-01 6.341095211741229e-03
5.552475976455573e-02 7.863871657357511e-01 6.413346443123768e-03
5.567321237024965e-02 8.228075619486076e-01 6.569858453726100e-03
5.582166490129895e-02 8.484979829631847e-01 6.642282613435069e-03
5.597011735750466e-02 8.749045949987027e-01 6.751442192279284e-03
5.611856973866784e-02 8.932816484603694e-01 6.812000853907763e-03
5.626702204458946e-02 9.149703951222051e-01 6.924642545078910e-03
5.641547427507055e-02 9.487523106927588e-01 7.040942535446274e-03
5.656392642991215e-02 9.563531879291375e-01 7.041532818470855e-03
5.671237850891524e-02 9.732245131953808e-01 7.069075190726618e-03
5.686083051188091e-02 9.970562941816633e-01 7.165468176538952e-03
5.700928243861012e-02 1.005626684169421e+00 7.238284235464935e-03
5.715773428890394e-02 1.011631909984645e+00 7.214173570837475e-03
5.730618606256337e-02 1.008198404062046e+00 7.233410888043708e-03
5.745463775938945e-02 1.026373319323573e+00 7.273574846771807e-03
5.760308937918321e-02 1.022637129891863e+00 7.232402273560265e-03
5.775154092174565e-02 1.019113059806404e+00 7.251315953906891e-03
5.789999238687781e-02 1.000368725981242e+00 7.173913443311334e-03
5.804844377438072e-02 1.004634513466695e+00 7.168467095934586e-03
5.819689508405541e-02 9.868102375322850e-01 7.108004908635276e-03
5.834534631570294e-02 9.909788882877358e-01 7.119586234951522e-03
5.849379746912427e-02 9.881663368962293e-01 7.109478313279947e-03
5.864224854412050e-02 9.501907068333930e-01 6.941618632577143e-03
5.879069954049263e-02 9.411406770556591e-01 6.961678607268727e-03
5.893915045804167e-02 9.145701242524953e-01 6.781294398410882e-03
5.908760129656868e-02 8.924043174572559e-01 6.746520849178723e-03
5.923605205587471e-02 8.676928806774346e-01 6.623995778656806e-03
5.938450273576075e-02 8.457537220054607e-01 6.536619715509255e-03
5.953295333602786e-02 8.184331822682832e-01 6.457782565375892e-03
5.968140385647707e-02 7.914183596316712e-01 6.314195559287188e-03
5.982985429690942e-02 7.705180956560665e-01 6.256934883792795e-03
5.997830465712594e-02 7.366403267614765e-01 6.066017377811778e-03
6.012675493692765e-02 6.825541687585368e-01 5.850058395307381e-03
6.027520513611563e-02 6.612647227535325e-01 5.835471220391219e-03
6.042365525449088e-02 6.480343778904364e-01 5.868230215775616e-03
6.057210529185447e-02 6.215109128591333e-01 5.816902421772671e-03
6.072055524800739e-02 5.721512879447289e-01 5.609865581081386e-03
6.086900512275072e-02 5.514688037903557e-01 5.574089907353130e-03
6.101745491588551e-02 5.163014010798657e-01 5.413499210123030e-03
6.116590462721274e-02 4.887555116404537e-01 5.295382779721240e-03
6.131435425653353e-02 4.562886093486230e-01 5.166782347685050e-03
6.146280380364888e-02 4.303079473563317e-01 5.014780944138962e-03
6.161125326835982e-02 3.995035665620923e-01 4.891310024975982e-03
6.175970265046742e-02 3.666601790334230e-01 4.652089084912669e-03
6.190815194977271e-02 3.520533888861721e-01 4.620298275363913e-03
6.205660116607675e-02 3.204015665433692e-01 4.407712166322978e-03
6.220505029918055e-02 2.989121158078806e-01 4.316673616443046e-03
6.235349934888521e-02 2.859735185328817e-01 4.205038247139783e-03
6.250194831499173e-02 2.619421581376914e-01 4.015176045595264e-03
6.265039719730119e-02 2.481653398552578e-01 3.947096263213505e-03
6.279884599561461e-02 2.323550405269372e-01 3.832864148451246e-03
6.294729470973306e-02 2.091027308276636e-01 3.657789262482888e-03
6.309574333945757e-02 2.017766101867959e-01 3.578139445661942e-03
6.324419188458920e-02 1.926661350138181e-01 3.391084581812223e-03
6.339264034492902e-02 1.809803042711849e-01 3.282962817562427e-03
6.354108872027803e-02 1.764719278245524e-01 3.192265138021080e-03
6.368953701043734e-02 1.674967235804304e-01 3.104987253665042e-03
6.383798521520795e-02 1.647238420066086e-01 3.057790725861187e-03
6.398643333439098e-02 1.637385669848580e-01 3.040548856887907e-03
6.413488136778742e-02 1.551930471572107e-01 2.966435171600309e-03
6.428332931519834e-02 1.612788215220717e-01 2.983066491027300e-03
6.443177717642481e-02 1.649968337784502e-01 3.023522909575158e-03
6.458022495126788e-02 1.724311690443046e-01 3.071790345134876e-03
6.472867263952860e-02 1.752395091489842e-01 3.120829500866436e-03
6.487712024100803e-02 1.828052467638362e-01 3.161225831428811e-03
6.502556775550723e-02 1.881334920921313e-01 3.177767402189691e-03
6.517401518282728e-02 1.975365423401011e-01 3.277740201099499e-03
6.532246252276919e-02 2.013321735316587e-01 3.280749144521455e-03
6.547090977513406e-02 2.221825297125613e-01 3.456864126394013e-03
6.561935693972293e-02 2.362725598093055e-01 3.552268031032451e-03
6.576780401633688e-02 2.500929189144390e-01 3.638316608564666e-03
6.591625100477695e-02 2.639632348555490e-01 3.775529286103091e-03
6.606469790484421e-02 2.763021034729311e-01 3.805366498124290e-03
6.621314471633973e-02 2.942876795755851e-01 3.942806840984432e-03
6.636159143906457e-02 3.011945450359071e-01 3.978961995526931e-03
6.651003807281980e-02 3.148188305625091e-01 4.063954977331976e-03
6.665848461740648e-02 3.355543733507732e-01 4.218557628067825e-03
6.680693107262567e-02 3.467609099125821e-01 4.215646023180574e-03
6.695537743827844e-02 3.576886093632463e-01 4.323329974668036e-03
6.710382371416586e-02 3.782473119248293e-01 4.432822431199528e-03
6.725226990008899e-02 3.960513065039656e-01 4.529333541602771e-03
6.740071599584893e-02 3.974827128085492e-01 4.530912921818209e-03
6.754916200124669e-02 4.226387212897723e-01 4.638503826315357e-03
6.769760791608341e-02 4.280670489157518e-01 4.713434459027113e-03
6.784605374016010e-02 4.367294960194956e-01 4.724230512040731e-03
6.799449947327789e-02 4.485520224555579e-01 4.778594936415335e-03
6.814294511523777e-02 4.601953665295422e-01 4.861158390633234e-03
6.829139066584090e-02 4.645305370089227e-01 4.856014679977382e-03
6.843983612488833e-02 4.799660103168728e-01 4.966878636136597e-03
6.858828149218107e-02 4.869136155326358e-01 4.952802265748874e-03
6.873672676752028e-02 4.912969999732800e-01 4.975047892872656e-03
6.888517195070698e-02 4.835065811200412e-01 4.947151757270343e-03
6.903361704154228e-02 4.946811500707656e-01 4.985094470192894e-03
6.918206203982724e-02 5.017300251269162e-01 5.039523151551324e-03
6.933050694536295e-02 5.050270312188364e-01 4.997084545172993e-03
6.947895175795046e-02 4.935510894890192e-01 4.974716915084501e-03
6.962739647739091e-02 4.890833265281909e-01 4.924434050584952e-03
6.977584110348531e-02 4.963382767378620e-01 4.963134616851385e-03
6.992428563603478e-02 4.936262555250735e-01 4.917611004303735e-03
7.007273007484040e-02 4.833825407444454e-01 4.895656349465965e-03
7.022117441970321e-02 4.831813921116359e-01 4.892364713253296e-03
7.036961867042435e-02 4.716472274163283e-01 4.831375976118378e-03
7.051806282680488e-02 4.635477796475618e-01 4.765440301348225e-03
7.066650688864587e-02 4.534292852113082e-01 4.698055429516816e-03
7.081495085574846e-02 4.416005309777934e-01 4.666298796405179e-03
7.096339472791366e-02 4.364756634178793e-01 4.628453315284308e-03
7.111183850494258e-02 4.215511580441484e-01 4.527837534859386e-03
7.126028218663637e-02 4.106864114348661e-01 4.465037923342323e-03
7.140872577279601e-02 3.966798663569920e-01 4.372339309280077e-03
7.155716926322268e-02 3.852032210010276e-01 4.342127220812838e-03
7.170561265771742e-02 3.805264740213335e-01 4.307785533529335e-03
7.185405595608137e-02 3.640620619890680e-01 4.186834609469101e-03
7.200249915811553e-02 3.517742607791323e-01 4.139953472825674e-03
7.215094226362108e-02 3.421871072532416e-01 4.066458506624087e-03
7.229938527239907e-02 3.206428511882952e-01 3.956142538787809e-03
7.244782818425061e-02 3.061411945819840e-01 3.825569628502934e-03
7.259627099897678e-02 2.941280997795038e-01 3.768396309905120e-03
7.274471371637868e-02 2.837450221944049e-01 3.711384875457277e-03
7.289315633625741e-02 2.673244931840222e-01 3.574828163384623e-03
7.304159885841408e-02 2.582674283603448e-01 3.518486140386783e-03
7.319004128264975e-02 2.430515232629221e-01 3.414803788105075e-03
7.333848360876553e-02 2.273699795705402e-01 3.292452070953767e-03
7.348692583656254e-02 2.189830401476531e-01 3.245707313501699e-03
7.363536796584186e-02 2.062314028068425e-01 3.107996014169297e-03
7.378380999640459e-02 1.973690521304007e-01 3.082762704756994e-03
7.393225192805185e-02 1.870328033667615e-01 2.975529556489282e-03
7.408069376058472e-02 1.794415209824277e-01 2.913226678741442e-03
7.422913549380430e-02 1.638409228635331e-01 2.786184623382629e-03
7.437757712751171e-02 1.578655389503939e-01 2.707371657275217e-03
7.452601866150806e-02 1.551444081518453e-01 2.705229970727640e-03
7.467446009559441e-02 1.414149923633089e-01 2.560202696078273e-03
7.482290142957190e-02 1.365683362674760e-01 2.532519613982986e-03
7.497134266324165e-02 1.337855466150928e-01 2.478360186044490e-03
7.511978379640473e-02 1.258044865104520e-01 2.409534803645186e-03
7.526822482886228e-02 1.245443503272764e-01 2.405784012715413e-03
7.541666576041539e-02 1.260226183595318e-01 2.402283641175006e-03
7.556510659086517e-02 1.234414498313771e-01 2.379601122034898e-03
7.571354732001272e-02 1.162319993071410e-01 2.297236592535491e-03
7.586198794765918e-02 1.178116718719672e-01 2.311811098295903e-03
7.601042847360565e-02 1.213299119631091e-01 2.348076552626571e-03
7.615886889765322e-02 1.246001139479291e-01 2.370434705574091e-03
7.630730921960302e-02 1.217201333114139e-01 2.346855117335793e-03
7.645574943925618e-02 1.240477561245223e-01 2.352276762820757e-03
7.660418955641379e-02 1.269240158380496e-01 2.396499660467947e-03
7.675262957087696e-02 1.293620406882727e-01 2.407178321021255e-03
7.690106948244683e-02 1.367082110210966e-01 2.474584768681035e-03
7.704950929092451e-02 1.438752230700507e-01 2.538623182547802e-03
7.719794899611111e-02 1.481057469573095e-01 2.573515253774064e-03
7.734638859780776e-02 1.517142859658569e-01 2.606867028258310e-03
7.749482809581558e-02 1.608839509133496e-01 2.666625520249189e-03
7.764326748993566e-02 1.615982763866147e-01 2.678097504404823e-03
7.779170677996915e-02 1.693791598970655e-01 2.756776109611734e-03
7.794014596571718e-02 1.725739398897763e-01 2.764103474310572e-03
7.808858504698084e-02 1.847933047157660e-01 2.860289618285693e-03
7.823702402356127e-02 1.929185113754906e-01 2.917654249575769e-03
7.838546289525961e-02 1.980628337870986e-01 2.962437706526589e-03
7.853390166187696e-02 2.034569103461912e-01 2.997528624175214e-03
7.868234032321446e-02 2.119331311765895e-01 3.063142075623847e-03
7.883077887907322e-02 2.232421599022306e-01 3.139898691020780e-03
7.897921732925441e-02 2.221816705462904e-01 3.116977234855876e-03
7.912765567355910e-02 2.297983081294289e-01 3.179096270101580e-03
7.927609391178843e-02 2.393216801527898e-01 3.240295858190662e-03
7.942453204374357e-02 2.451130164253083e-01 3.279268964848478e-03
7.957297006922565e-02 2.401552385979005e-01 3.243268780286463e-03
7.972140798803574e-02 2.516676919000801e-01 3.316012999507340e-03
7.986984579997504e-02 2.633206653760654e-01 3.398888738121759e-03
8.001828350484462e-02 2.639914004607511e-01 3.366021738474620e-03
8.016672110244569e-02 2.654752277827450e-01 3.405768461896199e-03
8.031515859257930e-02 2.693250138357332e-01 3.433190838000366e-03
8.046359597504665e-02 2.698640485875229e-01 3.421212326552866e-03
8.061203324964886e-02 2.684795684996982e-01 3.415206777105272e-03
8.076047041618704e-02 2.751515298129067e-01 3.436442198007996e-03
8.090890747446239e-02 2.789034115552149e-01 3.486565042975153e-03
8.105734442427596e-02 2.795171628280068e-01 3.473402075173741e-03
8.120578126542898e-02 2.739123505248560e-01 3.439796404059426e-03
8.135421799772254e-02 2.770483889929056e-01 3.463646099401796e-03
8.150265462095777e-02 2.761295847003889e-01 3.417874668698127e-03
8.165109113493584e-02 2.748786250561130e-01 3.466999519553934e-03
8.179952753945788e-02 2.752331019027331e-01 3.427318587030879e-03
8.194796383432505e-02 2.755038184548806e-01 3.431754103520790e-03
8.209640001933849e-02 2.686353561233563e-01 3.399630556093530e-03
8.224483609429935e-02 2.659762048814286e-01 3.358456751891440e-03
8.239327205900873e-02 2.573896644433659e-01 3.346676461960859e-03
8.254170791326784e-02 2.577556840296760e-01 3.289188040050063e-03
8.269014365687780e-02 2.549623695126456e-01 3.298704990534970e-03
8.283857928963975e-02 2.444355851397241e-01 3.235075417813610e-03
8.298701481135486e-02 2.386189280906824e-01 3.188679553266364e-03
8.313545022182427e-02 2.365498954251490e-01 3.176096413964829e-03
8.328388552084913e-02 2.316091704600663e-01 3.121598831161147e-03
8.343232070823060e-02 2.240118011179063e-01 3.078491194402062e-03
8.358075578376983e-02 2.149557224788488e-01 3.013233490988241e-03
8.372919074726795e-02 2.071523476315749e-01 2.945227889220229e-03
8.387762559852617e-02 2.026314657840176e-01 2.941944976667250e-03
8.402606033734558e-02 1.962767948989791e-01 2.862382349171574e-03
8.417449496352740e-02 1.907778353494604e-01 2.839849010438512e-03
8.432292947687275e-02 1.798191801919543e-01 2.750544999167293e-03
8.447136387718281e-02 1.812580965238023e-01 2.748544109919622e-03
8.461979816425871e-02 1.659212791815216e-01 2.638995685001632e-03
8.476823233790162e-02 1.615981726061973e-01 2.604390368612218e-03
8.491666639791272e-02 1.554246802043017e-01 2.555166002784621e-03
8.506510034409315e-02 1.481246045552659e-01 2.484668717686513e-03
8.521353417624407e-02 1.449855841189058e-01 2.452456046240411e-03
8.536196789416668e-02 1.392243711432454e-01 2.412643468184684e-03
8.551040149766212e-02 1.359174324593763e-01 2.381951771190847e-03
8.565883498653153e-02 1.272336801774284e-01 2.292964044410945e-03
8.580726836057613e-02 1.207451131993066e-01 2.246833903641238e-03
8.595570161959706e-02 1.183907914856547e-01 2.211849692134005e-03
8.610413476339546e-02 1.162190296123346e-01 2.198296856121223e-03
8.625256779177254e-02 1.094608068002921e-01 2.125152106515602e-03
8.640100070452945e-02 1.058349264241633e-01 2.083219393612891e-03
8.654943350146739e-02 1.032203668687937e-01 2.066889094237583e-03
8.669786618238751e-02 9.905793514262846e-02 2.022433018053761e-03
8.684629874709095e-02 9.892224795883633e-02 2.022615771067305e-03
8.699473119537893e-02 9.857348968487711e-02 2.005864370060572e-03
8.714316352705261e-02 9.605990618933077e-02 1.986218612514932e-03
8.729159574191316e-02 9.283540630096894e-02 1.954104851352141e-03
8.744002783976176e-02 9.514514633069429e-02 1.970677243721782e-03
8.758845982039959e-02 9.400455522899935e-02 1.961837162947202e-03
8.773689168362783e-02 9.723192847653778e-02 1.995997672045914e-03
8.788532342924767e-02 9.703038878713993e-02 1.989347032964205e-03
8.803375505706024e-02 9.599474039421280e-02 1.984023133175135e-03
8.818218656686679e-02 9.862327756857596e-02 2.000262310890432e-03
8.833061795846844e-02 1.013170693945708e-01 2.024318080958602e-03
8.847904923166640e-02 1.062893094381738e-01 2.082103814292992e-03
8.862748038626185e-02 1.028485175833779e-01 2.041111294540025e-03
8.877591142205599e-02 1.063733356377200e-01 2.073432184524080e-03
8.892434233885001e-02 1.085097249046147e-01 2.090982921971370e-03
8.907277313644503e-02 1.092390857587634e-01 2.099587260212663e-03
8.922120381464232e-02 1.116698425133314e-01 2.133342681155102e-03
8.936963437324301e-02 1.198533411390165e-01 2.189307545379760e-03
8.951806481204833e-02 1.207833479151086e-01 2.211096280260956e-03
8.966649513085943e-02 1.236911902929188e-01 2.226592838733805e-03
8.981492532947756e-02 1.247890040234405e-01 2.242361952203331e-03
8.996335540770387e-02 1.328054454364683e-01 2.318530255844357e-03
9.011178536533952e-02 1.326141768490110e-01 2.297749274096470e-03
9.026021520218577e-02 1.393819985564480e-01 2.367171735481781e-03
9.040864491804375e-02 1.394561155881096e-01 2.358924136752598e-03
9.055707451271472e-02 1.452889428846496e-01 2.410459644189727e-03
9.070550398599986e-02 1.478176491510790e-01 2.430435642073234e-03
9.085393333770032e-02 1.532278928947692e-01 2.464375625221516e-03
9.100236256761735e-02 1.529193592982081e-01 2.467404293790752e-03
9.115079167555214e-02 1.588929346573669e-01 2.513260537609461e-03
9.129922066130586e-02 1.606427792431155e-01 2.528005717578785e-03
9.144764952467974e-02 1.600462139524653e-01 2.523308720797355e-03
9.159607826547496e-02 1.691845305943816e-01 2.576148664423423e-03
9.174450688349275e-02 1.696710216488860e-01 2.613728113808573e-03
9.189293537853430e-02 1.642296728198782e-01 2.534420602628428e-03
9.204136375040081e-02 1.736526997009265e-01 2.628387635209274e-03
9.218979199889352e-02 1.723901627540674e-01 2.603320755160065e-03
9.233822012381357e-02 1.751873227222737e-01 2.628236964047344e-03
9.248664812496223e-02 1.798697578815269e-01 2.665102762247452e-03
9.263507600214066e-02 1.759521508138268e-01 2.612798597423301e-03
9.278350375515013e-02 1.745935254590645e-01 2.630602194827081e-03
9.293193138379179e-02 1.746103570128580e-01 2.618108321229306e-03
9.308035888786687e-02 1.761226472424197e-01 2.634277017994536e-03
9.322878626717657e-02 1.758869548393412e-01 2.613271480886745e-03
9.337721352152216e-02 1.767781655073516e-01 2.622752165884261e-03
9.352564065070480e-02 1.748576705403510e-01 2.620932832387068e-03
9.367406765452573e-02 1.755419887140056e-01 2.624124852326241e-03
9.382249453278614e-02 1.741482776801202e-01 2.597492699618662e-03
9.397092128528726e-02 1.688470637394877e-01 2.553019448944030e-03
9.411934791183033e-02 1.666570216472381e-01 2.545643202621987e-03
9.426777441221654e-02 1.680955784046545e-01 2.568815768209764e-03
9.441620078624713e-02 1.630753599556538e-01 2.500873460991074e-03
9.456462703372331e-02 1.595806690897186e-01 2.491016507869064e-03
9.471305315444631e-02 1.560460057457665e-01 2.449910126434953e-03
9.486147914821734e-02 1.552294244312313e-01 2.455928140459674e-03
9.500990501483762e-02 1.468157379115976e-01 2.379787726093020e-03
9.515833075410839e-02 1.477856450902832e-01 2.383329450666950e-03
9.530675636583089e-02 1.402482514545359e-01 2.324272885924443e-03
9.545518184980632e-02 1.459776911503176e-01 2.372131921514985e-03
9.560360720583591e-02 1.396414637104871e-01 2.320919658834499e-03
9.575203243372092e-02 1.347417416618368e-01 2.264327251218661e-03
9.590045753326254e-02 1.318152751422486e-01 2.251690462511031e-03
9.604888250426204e-02 1.300583579021895e-01 2.239059978009895e-03
9.619730734652061e-02 1.201869714753068e-01 2.137016108442202e-03
9.634573205983951e-02 1.205340901876054e-01 2.149312523455563e-03
9.649415664401995e-02 1.126550726232077e-01 2.067500641981572e-03
9.664258109886319e-02 1.127881432799503e-01 2.078360107148817e-03
9.679100542417043e-02 1.095861281789832e-01 2.053817497161696e-03
9.693942961974295e-02 1.090609683963343e-01 2.022771536243873e-03
9.708785368538199e-02 1.007838392262847e-01 1.961131419416286e-03
9.723627762088875e-02 1.018964533573247e-01 1.962816423971441e-03
9.738470142606449e-02 9.707559206552308e-02 1.925405796262189e-03
9.753312510071047e-02 9.735954832457072e-02 1.918624269461017e-03
9.768154864462790e-02 9.223378711614641e-02 1.861505367850520e-03
9.782997205761802e-02 9.396450581507397e-02 1.895663533763352e-03
9.797839533948209e-02 8.820515698366893e-02 1.815289868201948e-03
9.812681849002138e-02 8.901654794815672e-02 1.833931479795087e-03
9.827524150903710e-02 8.240796120939096e-02 1.758943572813238e-03
9.842366439633053e-02 8.397458066962439e-02 1.777463734971673e-03
9.857208715170288e-02 8.549731098613188e-02 1.805654487792740e-03
9.872050977495538e-02 8.447550510459785e-02 1.770309834291220e-03
9.886893226588934e-02 8.174259033523562e-02 1.747530390462918e-03
9.901735462430598e-02 8.356322807979424e-02 1.764414311657363e-03
9.916577685000656e-02 8.071907983588521e-02 1.740832445826649e-03
9.931419894279231e-02 8.170756349827214e-02 1.757660029599082e-03
9.946262090246452e-02 8.096523189038533e-02 1.728937317439572e-03
9.961104272882444e-02 8.030449383848638e-02 1.731488629297642e-03
9.975946442167330e-02 7.729361511426208e-02 1.700507147380510e-03
9.990788598081238e-02 8.260624749436736e-02 1.757977691526343e-03
1.000563074060429e-01 8.597244233055067e-02 1.782219014460592e-03
1.002047286971662e-01 8.447025183287399e-02 1.769034755729151e-03
1.003531498539835e-01 8.520337365166168e-02 1.781655401369217e-03
1.005015708762960e-01 8.777637092681938e-02 1.806465316313566e-03
1.006499917639050e-01 8.910059400702838e-02 1.813101143535453e-03
1.007984125166118e-01 9.095192995625422e-02 1.829311589392885e-03
1.009468331342177e-01 9.088016771270706e-02 1.834933568267543e-03
1.010952536165238e-01 9.530019739675426e-02 1.884271720189110e-03
1.012436739633315e-01 8.959878241674449e-02 1.872747438019037e-03
1.013920941744421e-01 9.330780865123138e-02 1.920304044128247e-03
1.015405142496567e-01 9.684151586598908e-02 1.974713242186306e-03
1.016889341887768e-01 9.859464805177212e-02 2.010043839388753e-03
1.018373539916035e-01 1.012452062114288e-01 2.055131335124980e-03
1.019857736579381e-01 1.007122750345220e-01 2.048114622797745e-03
1.021341931875819e-01 1.031517371369871e-01 2.090818139079979e-03
1.022826125803362e-01 1.070957722306190e-01 2.136368089789465e-03
1.024310318360022e-01 1.068463368605491e-01 2.164371829586642e-03
1.025794509543812e-01 1.101757927718718e-01 2.170345998044184e-03
1.027278699352746e-01 1.098544973211969e-01 2.203711026063879e-03
1.028762887784834e-01 1.145621715378902e-01 2.259824305993701e-03
1.030247074838092e-01 1.144016598824182e-01 2.247928242566215e-03
1.031731260510531e-01 1.130763082613416e-01 2.266062832103679e-03
1.033215444800164e-01 1.180080508845962e-01 2.285930543919763e-03
1.034699627705003e-01 1.184244062275733e-01 2.336009766779168e-03
1.036183809223063e-01 1.213765772786397e-01 2.357827070641135e-03
1.037667989352355e-01 1.216243549721742e-01 2.365319567730265e-03
1.039152168090893e-01 1.220845089577604e-01 2.369791303936184e-03
1.040636345436689e-01 1.250501819601499e-01 2.328152472886492e-03
1.042120521387756e-01 1.255762156542420e-01 2.338756835864229e-03
1.043604695942107e-01 1.225259296634505e-01 2.276034369232703e-03
1.045088869097756e-01 1.243727083559337e-01 2.276041570874238e-03
1.046573040852714e-01 1.242044174600059e-01 2.285239892545015e-03
1.048057211204995e-01 1.208030369980282e-01 2.218156985879887e-03
1.049541380152612e-01 1.277305139340382e-01 2.305665044361743e-03
1.051025547693577e-01 1.230648947561311e-01 2.221084067953708e-03
1.052509713825904e-01 1.229157929707580e-01 2.231515455165274e-03
1.053993878547606e-01 1.233568274832708e-01 2.240630396779244e-03
1.055478041856695e-01 1.249344607168806e-01 2.234538077666862e-03
1.056962203751185e-01 1.207535123379031e-01 2.204280070779700e-03
1.058446364229088e-01 1.198114183769491e-01 2.171223650931274e-03
1.059930523288418e-01 1.148937843667770e-01 2.136472908551919e-03
1.061414680927188e-01 1.195698946512212e-01 2.185223934273226e-03
1.062898837143410e-01 1.160021263058586e-01 2.137221717371838e-03
1.064382991935097e-01 1.134962218963874e-01 2.110120166096249e-03
1.065867145300264e-01 1.137112289793099e-01 2.097507683206652e-03
1.067351297236922e-01 1.107926071139660e-01 2.085606047092183e-03
1.068835447743085e-01 1.080301018830041e-01 2.048907667642051e-03
1.070319596816766e-01 1.106500553901274e-01 2.057915744458360e-03
1.071803744455978e-01 1.053149884026651e-01 2.019322722642775e-03
1.073287890658734e-01 1.020320711476488e-01 1.977573696356848e-03
1.074772035423047e-01 1.032318500070966e-01 1.997080096824266e-03
1.076256178746930e-01 9.897194201138178e-02 1.937277517124004e-03
1.077740320628398e-01 9.985744072372599e-02 1.954984829445584e-03
1.079224461065461e-01 9.894486155168751e-02 1.940468383929966e-03
1.080708600056134e-01 9.754341428502483e-02 1.925991066150823e-03
1.082192737598431e-01 9.426089111165259e-02 1.900096833773880e-03
1.083676873690363e-01 9.145272616964679e-02 1.849134194856847e-03
1.085161008329945e-01 8.852024291975880e-02 1.829539920477474e-03
1.086645141515189e-01 8.757503231540137e-02 1.819747069701506e-03
1.088129273244109e-01 8.508828210987066e-02 1.788658697119378e-03
1.089613403514718e-01 8.156072099205047e-02 1.754907300593784e-03
1.091097532325029e-01 8.602939547404811e-02 1.790337484683992e-03
1.092581659673056e-01 8.374584235147481e-02 1.772622102395872e-03
1.094065785556811e-01 7.797341670104728e-02 1.708038704183275e-03
1.095549909974309e-01 7.887611496974811e-02 1.714293120649265e-03
1.097034032923561e-01 7.883577521735090e-02 1.716256183182778e-03
1.098518154402582e-01 7.759256899075369e-02 1.699696083619717e-03
1.100002274409385e-01 7.986385833538816e-02 1.724394541657548e-03
1.101486392941984e-01 7.495197303830453e-02 1.657840038164201e-03
1.102970509998390e-01 7.508377960218815e-02 1.658727890115062e-03
1.104454625576619e-01 7.167840047402604e-02 1.624029183154857e-03
1.105938739674683e-01 7.177472750153671e-02 1.622882686666830e-03
1.107422852290595e-01 7.405395747479797e-02 1.642806530332151e-03
1.108906963422369e-01 7.100379563672621e-02 1.619168041159796e-03
1.110391073068019e-01 7.150186312078498e-02 1.661486692399055e-03
1.111875181225557e-01 7.269523465385838e-02 1.680169205297264e-03
1.113359287892998e-01 7.043839781076700e-02 1.676629541982053e-03
1.114843393068354e-01 7.098398798314150e-02 1.682481872949545e-03
1.116327496749638e-01 7.119854884611090e-02 1.699060667357764e-03
1.117811598934866e-01 7.278055755857105e-02 1.725064655771929e-03
1.119295699622049e-01 7.288985879044770e-02 1.733018474367594e-03
1.120779798809202e-01 7.260503956711373e-02 1.731638890853833e-03
1.122263896494337e-01 7.265735840260873e-02 1.738333708270088e-03
1.123747992675469e-01 7.590847322090218e-02 1.793669665572537e-03
1.125232087350610e-01 8.042489268865211e-02 1.851418248387352e-03
1.126716180517775e-01 7.709373210885291e-02 1.788529943775105e-03
1.128200272174977e-01 7.733073197729153e-02 1.809679782047300e-03
1.129684362320229e-01 7.725737305461274e-02 1.798142428304830e-03
1.131168450951544e-01 8.169026311356715e-02 1.858517838127916e-03
1.132652538066937e-01 7.850750353145723e-02 1.829221740900824e-03
1.134136623664422e-01 8.469982600737354e-02 1.881289553118706e-03
1.135620707742011e-01 8.524209333700358e-02 1.902270408592738e-03
1.137104790297718e-01 8.463037003652457e-02 1.896188781169976e-03
1.138588871329557e-01 8.414056275939337e-02 1.895230776536330e-03
1.140072950835541e-01 8.479644807755209e-02 1.905658454375236e-03
1.141557028813685e-01 8.893617865614879e-02 1.947715118838666e-03
1.143041105262001e-01 8.800243978938452e-02 1.948406766033122e-03
1.144525180178503e-01 9.207750159656150e-02 1.977077759861939e-03
1.146009253561206e-01 8.810395509032014e-02 1.948744754120183e-03
1.147493325408122e-01 8.995226729858251e-02 1.964322988494051e-03
1.148977395717266e-01 9.296162645760178e-02 2.009071439581651e-03
1.150461464486651e-01 8.873449348905761e-02 1.970904587073313e-03
1.151945531714290e-01 9.225267004677278e-02 1.984502092862356e-03
1.153429597398198e-01 9.712257396542241e-02 2.054383034550349e-03
1.154913661536388e-01 9.276939133260532e-02 2.002113458105041e-03
1.156397724126874e-01 9.755546682893090e-02 2.069101902941255e-03
1.157881785167671e-01 9.462215057110634e-02 2.026119151595200e-03
1.159365844656790e-01 9.687400060795973e-02 2.055110640617789e-03
1.160849902592246e-01 9.443000602515209e-02 2.036529884661910e-03
1.162333958972054e-01 9.412761114344194e-02 2.025772707469981e-03
1.163818013794227e-01 9.826773647250071e-02 2.080935029512766e-03
1.165302067056779e-01 9.448276471416336e-02 2.025457558603947e-03
1.166786118757722e-01 9.877079272735279e-02 2.089714494340249e-03
1.168270168895073e-01 9.866054795710047e-02 2.097262619222482e-03
1.169754217466844e-01 9.452462464045679e-02 2.033375460362378e-03
1.171238264471048e-01 9.583583644498478e-02 2.055881481046382e-03
1.172722309905701e-01 9.397485811301440e-02 2.022485224485291e-03
1.174206353768815e-01 9.412962371563503e-02 2.054566030231390e-03
1.175690396058405e-01 9.232722670246815e-02 2.032239760717985e-03
1.177174436772486e-01 9.292067900488937e-02 2.008655637593073e-03
1.178658475909069e-01 9.484277413334530e-02 2.066688700979490e-03
1.180142513466170e-01 9.054841346226786e-02 2.000856162026653e-03
1.181626549441803e-01 9.022521240944691e-02 2.020023692053151e-03
1.183110583833981e-01 8.787464402536889e-02 1.962974781119215e-03
1.184594616640718e-01 9.042001933824333e-02 2.001932876919289e-03
1.186078647860030e-01 8.839869713570803e-02 2.005439034397415e-03
1.187562677489928e-01 8.823311487907151e-02 1.978400530290089e-03
1.189046705528428e-01 8.555709230698370e-02 1.961266554327419e-03
1.190530731973543e-01 8.414525935685997e-02 1.930424642708278e-03
1.192014756823288e-01 8.161104942645972e-02 1.908280048588929e-03
1.193498780075676e-01 8.255223223619162e-02 1.946315492179063e-03
1.194982801728722e-01 7.756294811265714e-02 1.855700374763345e-03
1.196466821780439e-01 7.993770776565993e-02 1.897372107486911e-03
1.197950840228843e-01 8.188881379731019e-02 1.916347187148644e-03
1.199434857071946e-01 7.944345965791594e-02 1.889904565225106e-03
1.200918872307763e-01 7.945853533954800e-02 1.903778772746558e-03
1.202402885934308e-01 7.467763030383191e-02 1.820864096233847e-03
1.203886897949596e-01 7.547496210516062e-02 1.858628429525136e-03
1.205370908351639e-01 7.249131756094448e-02 1.806085155495819e-03
1.206854917138454e-01 7.134039043365020e-02 1.806230546381915e-03
1.208338924308053e-01 7.515455148807303e-02 1.837415251205799e-03
1.209822929858451e-01 7.297003059301216e-02 1.811278651705793e-03
1.211306933787662e-01 7.167956282470783e-02 1.815982341788480e-03
1.212790936093700e-01 6.783654483224739e-02 1.748620113740474e-03
1.214274936774580e-01 7.006573915952603e-02 1.785440358932685e-03
1.215758935828316e-01 6.758464990009697e-02 1.752050431291700e-03
1.217242933252921e-01 6.988084121892850e-02 1.785372091434382e-03
1.218726929046411e-01 6.645786856660828e-02 1.750103681179986e-03
1.220210923206799e-01 6.367001455156671e-02 1.699832441743829e-03
1.221694915732101e-01 6.730062037138729e-02 1.747625979042850e-03
1.223178906620329e-01 6.558301140503410e-02 1.728864503202268e-03
1.224662895869498e-01 6.622929055133245e-02 1.744084300260928e-03
1.226146883477624e-01 6.519347297035406e-02 1.731885563819198e-03
1.227630869442719e-01 6.832494849522282e-02 1.762381083576724e-03
1.229114853762799e-01 6.551177975269964e-02 1.739114597044553e-03
1.230598836435877e-01 6.470115406365312e-02 1.719413770065156e-03
1.232082817459969e-01 6.724428388340764e-02 1.763490683652445e-03
1.233566796833089e-01 6.693836064102211e-02 1.742926454939263e-03
1.235050774553250e-01 6.690896574423356e-02 1.758328582483942e-03
1.236534750618467e-01 6.615689192235594e-02 1.750697009818225e-03
1.238018725026756e-01 6.526565711965861e-02 1.731361181454645e-03
1.239502697776129e-01 6.560842226770364e-02 1.737400056648564e-03
1.240986668864602e-01 6.779657648582366e-02 1.759318773732655e-03
1.242470638290189e-01 6.522037872011426e-02 1.737512028315664e-03
1.243954606050905e-01 6.753796502011104e-02 1.771192512248595e-03
1.245438572144764e-01 7.150004011447257e-02 1.818450738816619e-03
1.246922536569781e-01 6.913288085624832e-02 1.785003308210609e-03
1.248406499323969e-01 6.587692407124425e-02 1.737216196909362e-03
1.249890460405344e-01 7.254579148005251e-02 1.839700077168539e-03
1.251374419811920e-01 7.109964803015305e-02 1.811786796538561e-03
1.252858377541713e-01 7.089882112194769e-02 1.813156416663959e-03
1.254342333592735e-01 7.247316978808208e-02 1.842009130025772e-03
1.255826287963002e-01 6.884938951491171e-02 1.778276450895049e-03
1.257310240650529e-01 7.393218888595984e-02 1.862916054046697e-03
1.258794191653329e-01 7.541763832178755e-02 1.861171322217031e-03
1.260278140969418e-01 7.454363183138267e-02 1.862427142348731e-03
1.261762088596811e-01 7.571449494394186e-02 1.875362499864895e-03
1.263246034533521e-01 7.339808008533023e-02 1.848870927273892e-03
1.264729978777564e-01 7.509573533967029e-02 1.875051032756183e-03
1.266213921326954e-01 7.861630398793995e-02 1.896158704254089e-03
1.267697862179706e-01 7.868781327176769e-02 1.911836608944144e-03
1.269181801333835e-01 7.625163428409046e-02 1.869833910290260e-03
1.270665738787355e-01 7.459095894344317e-02 1.863028202593068e-03
1.272149674538281e-01 7.406370849478028e-02 1.851592712369507e-03
1.273633608584628e-01 7.688013822432362e-02 1.867916474566507e-03
1.275117540924411e-01 7.455425436973426e-02 1.860950891601234e-03
1.276601471555643e-01 7.907761582027603e-02 1.898470387443408e-03
1.278085400476341e-01 8.065415437236258e-02 1.923064374263540e-03
1.279569327684519e-01 7.938343906685841e-02 1.923634624652316e-03
1.281053253178191e-01 8.219819230397878e-02 1.934744690729438e-03
1.282537176955372e-01 7.723778123613410e-02 1.890042430579209e-03
1.284021099014078e-01 8.110550282096024e-02 1.921845014092570e-03
1.285505019352323e-01 7.812968301870329e-02 1.894366065905364e-03
1.286988937968122e-01 8.029223751987807e-02 1.932090174189018e-03
1.288472854859490e-01 7.420579656209010e-02 1.849374620403539e-03
1.289956770024441e-01 7.826253279296375e-02 1.911687461219872e-03
1.291440683460992e-01 7.944253038418216e-02 1.904488894817646e-03
1.292924595167155e-01 7.823453185886006e-02 1.901384762137509e-03
1.294408505140947e-01 7.400118779377925e-02 1.850029694844481e-03
1.295892413380383e-01 7.474060038048848e-02 1.851240231804136e-03
1.297376319883476e-01 7.810987599517924e-02 1.916554317080645e-03
1.298860224648243e-01 7.633220982522659e-02 1.868442198018227e-03
1.300344127672698e-01 7.474202923883250e-02 1.863317499415665e-03
1.301828028954856e-01 7.491911997728670e-02 1.867152237265321e-03
1.303311928492733e-01 7.309559828467377e-02 1.833127459325959e-03
1.304795826284343e-01 7.236998419710039e-02 1.831124877768426e-03
1.306279722327701e-01 7.289374340006782e-02 1.844967847769952e-03
1.307763616620822e-01 7.180365099139534e-02 1.830320809641850e-03
1.309247509161722e-01 7.246542172565346e-02 1.823642727243677e-03
1.310731399948415e-01 7.276230207975902e-02 1.839285978272470e-03
1.312215288978917e-01 7.005395519197034e-02 1.801593327369217e-03
1.313699176251241e-01 7.101070091918366e-02 1.822585511843017e-03
1.315183061763405e-01 7.194639713092256e-02 1.834555618500973e-03
1.316666945513423e-01 6.921144286010629e-02 1.787627745688853e-03
1.318150827499309e-01 6.720973529767463e-02 1.772363272803092e-03
1.319634707719080e-01 6.614212976955997e-02 1.746032103039779e-03
1.321118586170749e-01 6.767185208247625e-02 1.783929411365321e-03
1.322602462852334e-01 6.429304598076296e-02 1.731966122183755e-03
1.324086337761848e-01 6.475638434627178e-02 1.734407748862078e-03
1.325570210897306e-01 6.239006106686359e-02 1.715930458180745e-03
1.327054082256724e-01 6.608354330175745e-02 1.747532665303963e-03
1.328537951838119e-01 6.582730276879180e-02 1.758680680850804e-03
1.330021819639503e-01 6.364190352390223e-02 1.719423575993704e-03
1.331505685658892e-01 5.991364337706991e-02 1.672678219539594e-03
1.332989549894304e-01 6.104300105353092e-02 1.704872337194818e-03
1.334473412343751e-01 6.246238583152579e-02 1.693126885623246e-03
1.335957273005250e-01 6.481799974493474e-02 1.750559583542357e-03
1.337441131876815e-01 6.308951860981166e-02 1.716443605737918e-03
1.338924988956463e-01 6.309817413176773e-02 1.717314781379021e-03
1.340408844242209e-01 6.183225327993887e-02 1.709012542341693e-03
1.341892697732067e-01 6.008276541804723e-02 1.667037379929338e-03
1.343376549424055e-01 6.134123644735708e-02 1.705239513898523e-03
1.344860399316185e-01 6.052789891330618e-02 1.681979562462067e-03
1.346344247406474e-01 5.970343849470505e-02 1.672686801720262e-03
1.347828093692938e-01 5.850784488073391e-02 1.659504891946457e-03
1.349311938173592e-01 6.165724941248173e-02 1.698347050794261e-03
1.350795780846451e-01 6.196431328433827e-02 1.719242211105289e-03
1.352279621709530e-01 6.108927110354794e-02 1.689768265048794e-03
1.353763460760846e-01 6.019669153093996e-02 1.682548678547095e-03
1.355247297998415e-01 5.879919934998706e-02 1.657796017156159e-03
1.356731133420249e-01 6.080167442898821e-02 1.690240101966046e-03
1.358214967024367e-01 6.278420714135478e-02 1.731360630319237e-03
1.359698798808782e-01 6.141695289955920e-02 1.694301062656316e-03
1.361182628771512e-01 6.278678299945886e-02 1.722936193267219e-03
1.362666456910571e-01 6.246273284875251e-02 1.714689624572593e-03
1.364150283223974e-01 6.261833018288442e-02 1.713802805488259e-03
1.365634107709738e-01 6.283765841898634e-02 1.728240847309638e-03
1.367117930365878e-01 6.217305944841926e-02 1.705452972928846e-03
1.368601751190411e-01 6.319176000962534e-02 1.730793983057634e-03
1.370085570181349e-01 6.328417185874922e-02 1.723654252477239e-03
1.371569387336711e-01 6.719871072729140e-02 1.786416497760278e-03
1.373053202654511e-01 6.521966733381518e-02 1.750587593228610e-03
1.374537016132766e-01 6.628508046846383e-02 1.773444430672530e-03
1.376020827769490e-01 6.637804591005952e-02 1.781038634301341e-03
1.377504637562700e-01 6.347015907874766e-02 1.730003799195670e-03
1.378988445510411e-01 6.384750221932232e-02 1.735140231956538e-03
1.380472251610639e-01 6.655919694569665e-02 1.770041173347030e-03
1.381956055861399e-01 6.592581926142205e-02 1.773378806592451e-03
1.383439858260708e-01 6.666532979826757e-02 1.788103411682833e-03
1.384923658806582e-01 6.556797128467251e-02 1.749879698426596e-03
1.386407457497034e-01 6.993951871552846e-02 1.821687581133571e-03
1.387891254330083e-01 6.633352133419554e-02 1.774105600407664e-03
1.389375049303744e-01 6.878101693336452e-02 1.808149464344599e-03
1.390858842416031e-01 7.038401936723221e-02 1.825848165209898e-03
1.392342633664962e-01 6.691444284717644e-02 1.779488400794727e-03
1.393826423048553e-01 6.990093819317976e-02 1.826890285416713e-03
1.395310210564817e-01 6.567332068893011e-02 1.762129628647594e-03
1.396793996211773e-01 6.709643929052266e-02 1.790671491747750e-03
1.398277779987435e-01 6.747988281700688e-02 1.783834269070062e-03
1.399761561889819e-01 7.066415808681487e-02 1.839314566518174e-03
1.401245341916943e-01 6.658296372948963e-02 1.784610750525902e-03
1.402729120066820e-01 6.508485961053906e-02 1.759693070019635e-03
1.404212896337468e-01 6.846998634593797e-02 1.802465976605705e-03
1.405696670726902e-01 6.752760844080695e-02 1.784472501931621e-03
1.407180443233139e-01 6.600226359495942e-02 1.786456742285553e-03
1.408664213854193e-01 6.482691018652532e-02 1.754643923956309e-03
1.410147982588082e-01 6.821445530299311e-02 1.795117244815608e-03
1.411631749432821e-01 6.658314795560047e-02 1.791060691903555e-03
1.413115514386427e-01 6.544898329425661e-02 1.759915492583478e-03
1.414599277446915e-01 6.777881587453014e-02 1.809527308858970e-03
1.416083038612301e-01 6.726377993197712e-02 1.773172030137639e-03
1.417566797880601e-01 6.601925425825947e-02 1.781054659672174e-03
1.419050555249833e-01 6.328057228327534e-02 1.743723058619793e-03
1.420534310718010e-01 6.342876264924517e-02 1.754480095765654e-03
1.422018064283151e-01 6.564259141835486e-02 1.858139968118509e-03
1.423501815943271e-01 6.447926040680621e-02 1.849830383195050e-03
1.424985565696385e-01 6.409091596286040e-02 1.889938004264652e-03
1.426469313540512e-01 6.626801597626845e-02 1.947375440584016e-03
1.427953059473665e-01 6.366898105832848e-02 1.911886587567442e-03
1.429436803493862e-01 6.170603729397385e-02 1.920825040387677e-03
1.430920545599118e-01 6.153595893777840e-02 1.919253827727090e-03
1.432404285787451e-01 6.172715648838772e-02 1.958852102394485e-03
1.433888024056876e-01 6.360920931375595e-02 2.008489338099021e-03
1.435371760405410e-01 6.392641448280946e-02 2.013492796780376e-03
1.436855494831068e-01 6.054302649579012e-02 1.991719345044966e-03
1.438339227331868e-01 6.140874853698593e-02 2.015840929192832e-03
1.439822957905825e-01 5.913596629897682e-02 1.985591421245494e-03
1.441306686550955e-01 5.998563686007560e-02 2.027884648595705e-03
1.442790413265275e-01 6.264742261952913e-02 2.071059906802003e-03
1.444274138046802e-01 5.712019900896896e-02 2.019504003098354e-03
1.445757860893551e-01 6.003874089220777e-02 2.069071649700276e-03
1.447241581803540e-01 5.650751141155514e-02 2.018125407555540e-03
1.448725300774784e-01 5.967178758515042e-02 2.096652898031489e-03
1.450209017805300e-01 5.911446292644303e-02 2.092629303617379e-03
1.451692732893104e-01 5.380159415710775e-02 2.042280585799305e-03
1.453176446036212e-01 5.098457686382219e-02 1.966772751621882e-03
1.454660157232642e-01 5.965281803979645e-02 2.156752187924340e-03
1.456143866480410e-01 5.698775696890764e-02 2.126764201094586e-03
1.457627573777532e-01 5.588425471644733e-02 2.109215272857337e-03
1.459111279122024e-01 5.623116930424113e-02 2.156366906915095e-03
1.460594982511903e-01 5.969830665025726e-02 2.206512905791950e-03
1.462078683945185e-01 6.142101056504195e-02 2.262472002969574e-03
1.463562383419889e-01 5.774663404982372e-02 2.212855824887605e-03
1.465046080934028e-01 5.740754796942748e-02 2.206351300639754e-03
1.466529776485621e-01 5.230338329569168e-02 2.122928840130320e-03
1.468013470072683e-01 5.475039521640390e-02 2.198828785143326e-03
1.469497161693232e-01 5.716010238715093e-02 2.254174390975409e-03
1.470980851345284e-01 5.955887392456279e-02 2.334296310996079e-03
1.472464539026855e-01 5.962888600349028e-02 2.331673955397093e-03
1.473948224735963e-01 5.643254769726572e-02 2.266385654482801e-03
1.475431908470624e-01 5.947757492515526e-02 2.388676890806565e-03
1.476915590228854e-01 5.742634873463912e-02 2.336644991480855e-03
1.478399270008671e-01 5.721728169587325e-02 2.355598209194613e-03
1.479882947808090e-01 5.731870452163966e-02 2.388279355068319e-03
1.481366623625130e-01 5.744128277063532e-02 2.368838576444551e-03
1.482850297457805e-01 5.887059501138395e-02 2.478899234158302e-03
1.484333969304134e-01 5.764163240497004e-02 2.401734683540418e-03
1.485817639162133e-01 6.006968844175247e-02 2.475128392509050e-03
1.487301307029819e-01 5.450285386703539e-02 2.401682694760785e-03
1.488784972905207e-01 6.119175233922845e-02 2.498142828297811e-03
1.490268636786317e-01 5.978766766121321e-02 2.556336073627706e-03
1.491752298671163e-01 6.133985249743840e-02 2.508373103447631e-03
1.493235958557763e-01 5.524785300429475e-02 2.420452386129598e-03
1.494719616444135e-01 5.754167588227165e-02 2.490071845653777e-03
1.496203272328294e-01 5.832629674589419e-02 2.514625210269490e-03
1.497686926208257e-01 5.577902536164386e-02 2.487063815437287e-03
1.499170578082042e-01 5.956421061364578e-02 2.528359930624384e-03
1.500654227947665e-01 6.782548522005247e-02 2.759779854131628e-03
1.502137875803144e-01 6.338917900342088e-02 2.645813211810402e-03
1.503621521646495e-01 5.776630857238631e-02 2.528362639371353e-03
1.505105165475735e-01 6.266581520471398e-02 2.669653482979725e-03
1.506588807288882e-01 6.588412830973361e-02 2.680787161732971e-03
1.508072447083951e-01 6.276653799770235e-02 2.686159851470163e-03
1.509556084858961e-01 5.901938203263456e-02 2.563638134000588e-03
1.511039720611928e-01 5.834090440648122e-02 2.546205814808409e-03
1.512523354340869e-01 6.274660824676449e-02 2.682851237280307e-03
1.514006986043802e-01 5.715850294283124e-02 2.533506100336709e-03
1.515490615718743e-01 5.996453645849126e-02 2.639791523613727e-03
1.516974243363709e-01 5.879720293166783e-02 2.558819815774055e-03
1.518457868976718e-01 5.997971822688065e-02 2.620226156610582e-03
1.519941492555787e-01 5.694337968005015e-02 2.572439677952980e-03
1.521425114098933e-01 5.957559195095120e-02 2.622669196405026e-03
1.522908733604172e-01 5.986049452035239e-02 2.663757044573905e-03
1.524392351069522e-01 5.811795039927996e-02 2.570986758646825e-03
1.525875966493001e-01 6.142689212622762e-02 2.722699124611013e-03
1.527359579872626e-01 6.173874387300599e-02 2.702231409068157e-03
1.528843191206413e-01 5.704901459232797e-02 2.612094939039719e-03
1.530326800492380e-01 6.069897656540401e-02 2.728216110136996e-03
1.531810407728545e-01 5.946472340645356e-02 2.646145461155923e-03
1.533294012912923e-01 6.284440357624523e-02 2.821797021251014e-03
1.534777616043534e-01 5.972357283058740e-02 2.681667584088934e-03
1.536261217118393e-01 6.493256924491592e-02 2.844747508182165e-03
1.537744816135519e-01 5.471295708333360e-02 2.611306968518455e-03
1.539228413092928e-01 6.145113146058528e-02 2.790352140429641e-03
1.540712007988639e-01 6.036777509375910e-02 2.802503602757952e-03
1.542195600820668e-01 5.738897234960274e-02 2.652806185290741e-03
1.543679191587032e-01 5.704858574359119e-02 2.747933682816928e-03
1.545162780285749e-01 5.919873082550453e-02 2.745275406342290e-03
1.546646366914837e-01 6.290656464267275e-02 2.910968651612335e-03
1.548129951472313e-01 6.043755424779366e-02 2.817915496717620e-03
1.549613533956194e-01 6.264228337782068e-02 2.844439562790066e-03
1.551097114364498e-01 5.498844957348215e-02 2.745992131139086e-03
1.552580692695243e-01 5.916706025884324e-02 2.798505921160192e-03
1.554064268946445e-01 5.538952017302196e-02 2.748935730019412e-03
1.555547843116122e-01 5.697108485573003e-02 2.766760464176331e-03
1.557031415202292e-01 6.092439954571775e-02 2.897878167438603e-03
1.558514985202972e-01 5.630693186496491e-02 2.818872388735333e-03
1.559998553116179e-01 5.484039344978228e-02 2.731794579054430e-03
1.561482118939933e-01 5.362886942655724e-02 2.765697766969489e-03
1.562965682672249e-01 5.166359295556358e-02 2.689499221517351e-03
1.564449244311146e-01 5.852002899253757e-02 2.900730143316092e-03
1.565932803854641e-01 4.950196701114329e-02 2.704581374604518e-03
1.567416361300751e-01 5.516414819171689e-02 2.779129636658675e-03
1.568899916647495e-01 5.836821121389441e-02 2.936823428278511e-03
1.570383469892890e-01 5.099941225125296e-02 2.733855457196424e-03
1.571867021034954e-01 4.898660920390146e-02 2.713117352944008e-03
1.573350570071704e-01 4.992680594765366e-02 2.723730565029696e-03
1.574834117001158e-01 5.334451576797822e-02 2.796012350092242e-03
1.576317661821335e-01 5.801032687994016e-02 3.003660869430103e-03
1.577801204530250e-01 5.534322350714432e-02 2.916843988972467e-03
1.579284745125923e-01 5.394929345608214e-02 2.855299394845134e-03
1.580768283606372e-01 5.713272608553925e-02 3.002829416178425e-03
1.582251819969613e-01 5.365072473317454e-02 2.863663833942722e-03
1.583735354213664e-01 5.008242551917855e-02 2.858355000532408e-03
1.585218886336544e-01 5.784235260783567e-02 2.994963491302317e-03
1.586702416336271e-01 5.813682435307498e-02 3.047197571224702e-03
1.588185944210862e-01 5.748715569321866e-02 3.086072212281033e-03
1.589669469958334e-01 5.763222633299962e-02 3.024907398850434e-03
1.591152993576707e-01 5.317628272252259e-02 3.000911243869916e-03
1.592636515063998e-01 5.253746743599967e-02 2.914254349592561e-03
1.594120034418224e-01 5.534007543829531e-02 3.032617453152608e-03
1.595603551637404e-01 5.591889624963278e-02 3.097061222197662e-03
1.597087066719556e-01 5.117206672052144e-02 2.925312347129163e-03
1.598570579662698e-01 5.473176019944631e-02 3.078902059839077e-03
1.600054090464846e-01 5.317416404519599e-02 3.024972503501988e-03
1.601537599124021e-01 5.574779499172813e-02 3.092331282103544e-03
1.603021105638239e-01 5.406251419792295e-02 3.110948111160515e-03
1.604504610005519e-01 5.614506532356373e-02 3.133711961043788e-03
1.605988112223878e-01 5.442075431260290e-02 3.121244322103833e-03
1.607471612291335e-01 6.035189423673938e-02 3.292465758021754e-03
1.608955110205908e-01 5.425412657092846e-02 3.137597151675429e-03
1.610438605965615e-01 6.383240928789476e-02 3.426703272598325e-03
1.611922099568474e-01 5.629036059086947e-02 3.217905732831918e-03
1.613405591012503e-01 5.871894170546889e-02 3.297984335661070e-03
1.614889080295720e-01 5.201834515237031e-02 3.142543156502162e-03
1.616372567416144e-01 5.109326988026645e-02 3.097984536390117e-03
1.617856052371793e-01 5.567537898429532e-02 3.286413709477689e-03
1.619339535160685e-01 5.219620562624736e-02 3.164859839021716e-03
1.620823015780837e-01 5.743638862318495e-02 3.344075833456871e-03
1.622306494230269e-01 5.554565015010018e-02 3.331406712726906e-03
1.623789970506999e-01 5.235998074611679e-02 3.216448048985924e-03
1.625273444609043e-01 6.180316541440167e-02 3.527292959150675e-03
1.626756916534423e-01 5.394978410682830e-02 3.289376391545092e-03
1.628240386281155e-01 5.009031171279956e-02 3.193641629816478e-03
1.629723853847257e-01 5.252121699515650e-02 3.295474249653187e-03
1.631207319230749e-01 5.523131315466227e-02 3.399252342476906e-03
1.632690782429647e-01 5.524630615417181e-02 3.413128192706681e-03
1.634174243441972e-01 5.102913120966723e-02 3.280276792401253e-03
1.635657702265741e-01 5.939637285490513e-02 3.581736048504925e-03
1.637141158898972e-01 5.313198201736570e-02 3.394477816289318e-03
1.638624613339684e-01 5.918061929630483e-02 3.575231961385993e-03
1.640108065585895e-01 5.922649626902481e-02 3.659025159201180e-03
1.641591515635625e-01 5.004239677338664e-02 3.321430530683193e-03
1.643074963486891e-01 5.424589490954654e-02 3.487058194733926e-03
1.644558409137711e-01 5.769975225652345e-02 3.634742742399976e-03
1.646041852586105e-01 5.630072758535132e-02 3.575099776771373e-03
1.647525293830090e-01 5.145271137005120e-02 3.492837640131822e-03
1.649008732867686e-01 5.075302497673551e-02 3.461327574513719e-03
1.650492169696911e-01 5.125308039017946e-02 3.455481974987648e-03
1.651975604315783e-01 5.848911422859986e-02 3.783346287999732e-03
1.653459036722321e-01 5.025380358216330e-02 3.459614513272913e-03
1.654942466914544e-01 5.703791173811894e-02 3.744722364050049e-03
1.656425894890469e-01 5.411236807568959e-02 3.707718366749426e-03
1.657909320648118e-01 5.457959870892034e-02 3.663142816464343e-03
1.659392744185506e-01 5.463289736382253e-02 3.743384445885751e-03
1.660876165500653e-01 5.410908010255012e-02 3.698820568235349e-03
1.662359584591579e-01 4.946589235942016e-02 3.579226353940485e-03
1.663843001456301e-01 5.658413420407910e-02 3.904676221944067e-03
1.665326416092838e-01 5.282781433820268e-02 3.716952046182712e-03
1.666809828499210e-01 5.038702627638059e-02 3.684664284968627e-03
1.668293238673434e-01 5.335107608751256e-02 3.791495880066786e-03
1.669776646613530e-01 5.610124426529012e-02 3.927872751693818e-03
1.671260052317516e-01 5.420264093280733e-02 3.921965451876292e-03
1.672743455783411e-01 5.779734775405870e-02 4.007525017559271e-03
1.674226857009234e-01 4.871224405847074e-02 3.758231221196521e-03
1.675710255993005e-01 4.992798004588004e-02 3.774200533291253e-03
1.677193652732740e-01 5.480941790946720e-02 3.997387638684491e-03
1.678677047226461e-01 5.182749042760711e-02 3.974987061779689e-03
1.680160439472184e-01 5.950792887579343e-02 4.176637815728797e-03
1.681643829467930e-01 5.304185787759254e-02 4.056212250281977e-03
1.683127217211718e-01 5.060832725234850e-02 3.927967980202842e-03
1.684610602701565e-01 4.931982207895816e-02 3.911316310705450e-03
1.686093985935492e-01 4.403177408208964e-02 3.761888336988768e-03
1.687577366911517e-01 5.494985647353036e-02 4.189887276097601e-03
1.689060745627659e-01 5.137656366973228e-02 4.113417144641872e-03
1.690544122081938e-01 5.400333647734605e-02 4.191471799678813e-03
1.692027496272371e-01 4.835097725151024e-02 4.015330107248933e-03
1.693510868196979e-01 4.538461926332776e-02 3.965272596038616e-03
1.694994237853780e-01 4.389805443126948e-02 3.850114067092137e-03
1.696477605240793e-01 5.010868187464355e-02 4.250162924692808e-03
1.697960970356038e-01 5.021481214052491e-02 4.184567678377076e-03
1.699444333197534e-01 5.299765801156675e-02 4.341737315582715e-03
1.700927693763299e-01 5.335345617910571e-02 4.477322582620481e-03
1.702411052051354e-01 3.956148731543069e-02 3.789303243316267e-03
1.703894408059716e-01 5.604055055186787e-02 4.637948963724454e-03
1.705377761786405e-01 5.450530483902106e-02 4.573983574918478e-03
1.706861113229442e-01 4.573190904293396e-02 4.174733030098237e-03
1.708344462386844e-01 5.133301856510868e-02 4.555068817172742e-03
1.709827809256630e-01 5.016879311045602e-02 4.469391317315986e-03
1.711311153836821e-01 5.587489512376885e-02 4.844967860793460e-03
1.712794496125435e-01 4.797753985449056e-02 4.454602744091304e-03
1.714277836120492e-01 4.839123914528667e-02 4.473771641578752e-03
1.715761173820012e-01 5.513303841178277e-02 4.951093007801013e-03
1.717244509222012e-01 4.560963173465918e-02 4.429999049119569e-03
1.718727842324513e-01 5.703441344829542e-02 5.121841526650526e-03
1.720211173125535e-01 5.243497250045619e-02 4.910985127460358e-03
1.721694501623096e-01 6.465901914848823e-02 5.407058813781875e-03
1.723177827815215e-01 4.704950207012251e-02 4.777153149834516e-03
1.724661151699914e-01 5.335521615425705e-02 5.041594039009293e-03
1.726144473275209e-01 5.738214409289111e-02 5.374330199553813e-03
1.727627792539122e-01 5.538802597753788e-02 5.305210716779775e-03
1.729111109489672e-01 4.388119906931554e-02 4.677751538060608e-03
1.730594424124878e-01 4.518897731633990e-02 4.960134654818953e-03
1.732077736442759e-01 5.698189152450882e-02 5.433010183306964e-03
1.733561046441336e-01 5.449111398236010e-02 5.561476032192503e-03
1.735044354118627e-01 4.597697340045663e-02 5.108552600050738e-03
1.736527659472653e-01 5.168872700922116e-02 5.359871307067018e-03
1.738010962501432e-01 4.850565170211661e-02 5.423096724943057e-03
1.739494263202985e-01 4.979923997086604e-02 5.433542540899144e-03
1.740977561575331e-01 4.707921203249767e-02 5.436239148039599e-03
1.742460857616490e-01 4.509899051803287e-02 5.352265474985993e-03
1.743944151324481e-01 5.526225926327030e-02 5.924736085960813e-03
1.745427442697323e-01 4.919910529568347e-02 5.838859576446521e-03
1.746910731733038e-01 4.201854954461380e-02 5.293839645080687e-03
1.748394018429644e-01 4.903075726298884e-02 5.945852679391860e-03
1.749877302785161e-01 4.531699998586090e-02 5.755264753471966e-03
1.751360584797609e-01 5.335722531765655e-02 6.244990862380945e-03
1.752843864465008e-01 4.380079972279736e-02 5.906098629778001e-03
1.754327141785377e-01 5.567733961670989e-02 6.561637400233661e-03
1.755810416756736e-01 4.996978139387731e-02 6.505511421618722e-03
1.757293689377105e-01 4.742904532975330e-02 6.337972778775269e-03
1.758776959644504e-01 5.335778890405303e-02 6.831764811393046e-03
1.760260227556953e-01 5.240508223061439e-02 7.066299846451023e-03
1.761743493112470e-01 5.064489559931153e-02 6.767708847198537e-03
1.763226756309078e-01 4.933109965725262e-02 7.047299951036088e-03
1.764710017144794e-01 6.669780186298468e-02 8.272844151758919e-03
1.766193275617640e-01 5.015685358294700e-02 7.316129021437709e-03
1.767676531725635e-01 5.449375491673061e-02 7.865496017581979e-03
1.769159785466800e-01 5.562915988640463e-02 7.947022840914947e-03
1.770643036839153e-01 5.462914073656044e-02 8.330865860824122e-03
1.772126285840715e-01 5.335880936984930e-02 8.137142143552009e-03
1.773609532469506e-01 5.472710075071731e-02 8.653114405488875e-03
1.775092776723547e-01 6.201185403098537e-02 9.456719083399439e-03
1.776576018600856e-01 3.853716478614815e-02 7.557759817042697e-03
1.778059258099455e-01 6.336412765141929e-02 1.027901883632428e-02
1.779542495217363e-01 6.024446087752858e-02 1.018317248689379e-02
1.781025729952601e-01 5.335949397349991e-02 9.908609278365427e-03
1.782508962303188e-01 4.545448123646272e-02 9.477914521289326e-03
1.783992192267145e-01 5.122533402042940e-02 1.045632752114033e-02
1.785475419842491e-01 5.093439040131048e-02 1.111479521383035e-02
1.786958645027247e-01 5.335995228401268e-02 1.193164805831975e-02
1.788441867819434e-01 5.055164251593405e-02 1.191513640771172e-02
1.789925088217071e-01 4.080484506776880e-02 1.131722778301571e-02
1.791408306218179e-01 4.515102055424064e-02 1.361354491636734e-02
1.792891521820777e-01 4.891371111092026e-02 1.474803880534187e-02
1.794374735022887e-01 3.880765623182948e-02 1.372057844174150e-02
1.795857945822528e-01 3.049179577824747e-02 1.524589788912374e-02
1.797341154217720e-01 2.668037900025337e-02 1.540392399787753e-02
1.798824360206485e-01 4.002065511336510e-02 2.310593600284651e-02
1.800307563786842e-01 5.336098906387337e-02 3.773191721788606e-02
