<X> <Y> <dY>
1.039265947336785e-03 7.818801544726985e+03 1.396836060249667e+01
1.187732507260276e-03 7.300694150081828e+03 6.036322314031310e+00
1.336199065591062e-03 6.856366002909287e+03 3.627861255883731e+00
1.484665622130054e-03 6.540835459802479e+03 3.098614182881348e+00
1.633132176678164e-03 6.280635458790323e+03 2.431947601614353e+00
1.781598729036305e-03 6.065491568274418e+03 2.284595748302701e+00
1.930065279005388e-03 5.872138418775733e+03 2.123400073242782e+00
2.078531826386324e-03 5.716184673582689e+03 1.963485213873770e+00
2.226998370980027e-03 5.566152322088043e+03 1.937546163411573e+00
2.375464912587407e-03 5.425851997128797e+03 1.744332808480676e+00
2.523931451009377e-03 5.300586563955425e+03 1.753893132355642e+00
2.672397986046849e-03 5.173404652868782e+03 1.606862142519908e+00
2.820864517500735e-03 5.062104084710579e+03 1.543842542088234e+00
2.969331045171946e-03 4.949336362780959e+03 1.519399591055434e+00
3.117797568861397e-03 4.843094846949696e+03 1.431234843131827e+00
3.266264088369997e-03 4.732526346138087e+03 1.391416119022743e+00
3.414730603498659e-03 4.616604533094837e+03 1.336462925989163e+00
3.563197114048295e-03 4.517497062963238e+03 1.287567270220698e+00
3.711663619819818e-03 4.418716166049306e+03 1.250630308072297e+00
3.860130120614143e-03 4.316980098881181e+03 1.182823993236556e+00
4.008596616232176e-03 4.203783786891426e+03 1.178751299928823e+00
4.157063106474833e-03 4.110111171109424e+03 1.132288969935423e+00
4.305529591143026e-03 4.008643615347663e+03 1.091275933280193e+00
4.453996070037668e-03 3.909494040921821e+03 1.074502503082804e+00
4.602462542959671e-03 3.804581516795293e+03 1.015862790992548e+00
4.750929009709947e-03 3.706063556914949e+03 9.972188737411425e-01
4.899395470089409e-03 3.606648821644727e+03 9.632557417856501e-01
5.047861923898970e-03 3.506105093124927e+03 9.424751487556227e-01
5.196328370939542e-03 3.403261355056474e+03 9.169856419044597e-01
5.344794811012039e-03 3.305320540161830e+03 8.779918559637572e-01
5.493261243917372e-03 3.206706008072616e+03 8.607822329104931e-01
5.641727669456453e-03 3.107828989094693e+03 8.302863713942419e-01
5.790194087430198e-03 3.008256870997282e+03 8.132707573234260e-01
5.938660497639517e-03 2.911982279198056e+03 7.798050716220807e-01
6.087126899885325e-03 2.814046956646298e+03 7.681885845835049e-01
6.235593293968535e-03 2.720716119397829e+03 7.399569408384655e-01
6.384059679690060e-03 2.625738512878821e+03 7.126996974526060e-01
6.532526056850811e-03 2.528399449951734e+03 6.926848299715274e-01
6.680992425251704e-03 2.437764973647450e+03 6.775848761372184e-01
6.829458784693651e-03 2.347744530683344e+03 6.624613269875221e-01
6.977925134977566e-03 2.255396914206596e+03 6.295686316863746e-01
7.126391475904362e-03 2.167795793986229e+03 6.194060017431647e-01
7.274857807274953e-03 2.078508594672364e+03 5.919988380011607e-01
7.423324128890250e-03 1.994699173511662e+03 5.751038470711960e-01
7.571790440551172e-03 1.907830758842650e+03 5.633783222522167e-01
7.720256742058629e-03 1.825287101740770e+03 5.403549717639557e-01
7.868723033213537e-03 1.744719055051620e+03 5.282947949477587e-01
8.017189313816805e-03 1.664432792598046e+03 5.071340467053187e-01
8.165655583669350e-03 1.586814605401153e+03 4.869459743167671e-01
8.314121842572089e-03 1.509137653235570e+03 4.741687888943134e-01
8.462588090325933e-03 1.434020576493441e+03 4.535018171729526e-01
8.611054326731796e-03 1.360885464840919e+03 4.469534703289336e-01
8.759520551590594e-03 1.290028737156188e+03 4.240813622322106e-01
8.907986764703241e-03 1.222454383782061e+03 4.116765326042096e-01
9.056452965870650e-03 1.154009672888907e+03 3.961528148439978e-01
9.204919154893739e-03 1.090557929763927e+03 3.794630976668305e-01
9.353385331573419e-03 1.027542589814798e+03 3.717954433805651e-01
9.501851495710607e-03 9.673266691235533e+02 3.527457942549115e-01
9.650317647106216e-03 9.089166664630787e+02 3.401810768174655e-01
9.798783785561163e-03 8.520537883389776e+02 3.268760842758940e-01
9.947249910876360e-03 7.971307773671584e+02 3.122668699590500e-01
1.009571602285273e-02 7.455449514442422e+02 3.034851626221487e-01
1.024418212129118e-02 6.958732195350411e+02 2.865405785819711e-01
1.039264820599262e-02 6.478329146764839e+02 2.798000331135895e-01
1.054111427675798e-02 6.014937576702134e+02 2.639175294913656e-01
1.068958033338818e-02 5.579586523364324e+02 2.512887530637025e-01
1.083804637568411e-02 5.158429020117510e+02 2.432794733096035e-01
1.098651240344671e-02 4.765091599703921e+02 2.288753886284525e-01
1.113497841647688e-02 4.390521551538081e+02 2.214092283848448e-01
1.128344441457554e-02 4.031215489942888e+02 2.086836729406698e-01
1.143191039754362e-02 3.694271533569325e+02 1.976445711506339e-01
1.158037636518202e-02 3.375159283305078e+02 1.911561109883177e-01
1.172884231729166e-02 3.082962490838203e+02 1.783006730363129e-01
1.187730825367346e-02 2.799543794190823e+02 1.697322378758572e-01
1.202577417412833e-02 2.535608651377192e+02 1.600549989980847e-01
1.217424007845719e-02 2.289689115850617e+02 1.513315999645748e-01
1.232270596646097e-02 2.063090569723303e+02 1.443734521762519e-01
1.247117183794057e-02 1.850673945654696e+02 1.335339748584635e-01
1.261963769269691e-02 1.655042775443772e+02 1.268929993284044e-01
1.276810353053091e-02 1.472849247634173e+02 1.177695405980120e-01
1.291656935124349e-02 1.301119903620605e+02 1.113229784645014e-01
1.306503515463557e-02 1.152732396951590e+02 1.039920807567667e-01
1.321350094050805e-02 1.014543859732902e+02 9.612514394824920e-02
1.336196670866187e-02 8.871128020492789e+01 9.013284425130923e-02
1.351043245889793e-02 7.739251695937783e+01 8.334969762431747e-02
1.365889819101716e-02 6.706965195219114e+01 7.773204947162368e-02
1.380736390482048e-02 5.770309293617211e+01 7.101882822847964e-02
1.395582960010879e-02 4.965324661237272e+01 6.582151247309474e-02
1.410429527668303e-02 4.249920786095807e+01 6.084223932018679e-02
1.425276093434411e-02 3.609781449534410e+01 5.554259304938682e-02
1.440122657289295e-02 3.074088469721886e+01 5.082262777205303e-02
1.454969219213047e-02 2.588701385136617e+01 4.621207680372934e-02
1.469815779185758e-02 2.203586128559450e+01 4.295701733307839e-02
1.484662337187521e-02 1.872113528392235e+01 3.923412919848326e-02
1.499508893198428e-02 1.609190855411898e+01 3.604971636221121e-02
1.514355447198570e-02 1.391943915905642e+01 3.336652084257342e-02
1.529201999168039e-02 1.231065818698663e+01 3.122933616464613e-02
1.544048549086928e-02 1.126784621542185e+01 2.990112743056322e-02
1.558895096935328e-02 1.055416012011175e+01 2.857751448960249e-02
1.573741642693332e-02 1.027281064322959e+01 2.819403903515352e-02
1.588588186341031e-02 1.024792568369760e+01 2.792277763933981e-02
1.603434727858518e-02 1.066182505428809e+01 2.824525205968907e-02
1.618281267225884e-02 1.122041405667157e+01 2.932963006627870e-02
1.633127804423223e-02 1.204527857615381e+01 2.979934856632019e-02
1.647974339430625e-02 1.302872495477990e+01 3.094630446318873e-02
1.662820872228182e-02 1.421167833672315e+01 3.217882377080352e-02
1.677667402795988e-02 1.546389229849553e+01 3.337225865642982e-02
1.692513931114134e-02 1.680163904056889e+01 3.481093049500595e-02
1.707360457162713e-02 1.829995658095215e+01 3.571588510163562e-02
1.722206980921815e-02 1.973929250166433e+01 3.770440723614361e-02
1.737053502371535e-02 2.123776615392054e+01 3.828937323396800e-02
1.751900021491964e-02 2.276387231566993e+01 3.945069647376846e-02
1.766746538263194e-02 2.428383966521334e+01 4.102848781874579e-02
1.781593052665317e-02 2.559742105083403e+01 4.152236950298389e-02
1.796439564678426e-02 2.706440755176633e+01 4.301609730064902e-02
1.811286074282614e-02 2.843000996627979e+01 4.355428892330827e-02
1.826132581457971e-02 2.972826621168587e+01 4.430137045012051e-02
1.840979086184591e-02 3.090861532080687e+01 4.517229890587022e-02
1.855825588442566e-02 3.191379047486430e+01 4.545224827203360e-02
1.870672088211989e-02 3.294982007185570e+01 4.639522205779206e-02
1.885518585472951e-02 3.375457399858387e+01 4.733156426713859e-02
1.900365080205546e-02 3.459394360256574e+01 4.836880607792819e-02
1.915211572389865e-02 3.519268477245866e+01 4.885183193794279e-02
1.930058062006001e-02 3.571218989168324e+01 4.951475650920229e-02
1.944904549034047e-02 3.606078055511873e+01 5.088840300733795e-02
1.959751033454094e-02 3.630623618494813e+01 5.113493529761406e-02
1.974597515246237e-02 3.655292660766341e+01 5.233807291075946e-02
1.989443994390566e-02 3.661320655798671e+01 5.273877223513732e-02
2.004290470867175e-02 3.652469997936463e+01 5.271512955678367e-02
2.019136944656156e-02 3.621041889865099e+01 5.272954429528794e-02
2.033983415737602e-02 3.597844527799034e+01 5.292808199431077e-02
2.048829884091604e-02 3.563877611269956e+01 5.300948242963931e-02
2.063676349698258e-02 3.507825105044216e+01 5.238448861852835e-02
2.078522812537653e-02 3.459619152600348e+01 5.268816703636957e-02
2.093369272589884e-02 3.379869723769644e+01 5.211927562354343e-02
2.108215729835043e-02 3.302857608035598e+01 5.156361135480410e-02
2.123062184253223e-02 3.213246164434783e+01 5.127449390033285e-02
2.137908635824515e-02 3.132035798526431e+01 5.049838372557448e-02
2.152755084529015e-02 3.043609110974918e+01 4.994364146695655e-02
2.167601530346813e-02 2.940421267190672e+01 4.937430565934778e-02
2.182447973258003e-02 2.830276988540243e+01 4.880694783352219e-02
2.197294413242678e-02 2.727123880865702e+01 4.751036430810518e-02
2.212140850280929e-02 2.616232655663000e+01 4.600343280178171e-02
2.226987284352852e-02 2.513539461097638e+01 4.501862523661249e-02
2.241833715438537e-02 2.403336883555556e+01 4.325866061581061e-02
2.256680143518079e-02 2.279275947564623e+01 4.225942212485143e-02
2.271526568571569e-02 2.167826707518453e+01 4.055031292881218e-02
2.286372990579102e-02 2.053922328686728e+01 3.902827992198703e-02
2.301219409520770e-02 1.939388067665629e+01 3.826719461361722e-02
2.316065825376665e-02 1.818161684266001e+01 3.647700047635827e-02
2.330912238126882e-02 1.707914184810234e+01 3.577593760866566e-02
2.345758647751513e-02 1.597782805195181e+01 3.384927952228249e-02
2.360605054230651e-02 1.494085730360763e+01 3.316409503825152e-02
2.375451457544390e-02 1.377977360318571e+01 3.168626546270831e-02
2.390297857672821e-02 1.277895086756908e+01 2.997186646937935e-02
2.405144254596040e-02 1.180028027075272e+01 2.913143323227844e-02
2.419990648294138e-02 1.083889695750034e+01 2.768124902261097e-02
2.434837038747209e-02 9.984285274305487e+00 2.664314492347145e-02
2.449683425935346e-02 9.140959276593184e+00 2.542079643589184e-02
2.464529809838643e-02 8.291464757850783e+00 2.376070502716987e-02
2.479376190437193e-02 7.522994449485363e+00 2.304524921766938e-02
2.494222567711088e-02 6.801926953959529e+00 2.157983044192834e-02
2.509068941640423e-02 6.153997155051260e+00 2.072628665569992e-02
2.523915312205290e-02 5.575111461659569e+00 1.949697246127050e-02
2.538761679385784e-02 5.016515636049903e+00 1.845667323288494e-02
2.553608043161997e-02 4.498852787031674e+00 1.753822088024439e-02
2.568454403514022e-02 4.035883592127270e+00 1.648755863065626e-02
2.583300760421955e-02 3.628307104956561e+00 1.570725152534010e-02
2.598147113865888e-02 3.271664585257102e+00 1.473573295591615e-02
2.612993463825913e-02 2.978912794178778e+00 1.411743593661447e-02
2.627839810282126e-02 2.705651830813074e+00 1.348149208614961e-02
2.642686153214619e-02 2.517407828320878e+00 1.284090950904951e-02
2.657532492603487e-02 2.328357292560757e+00 1.233316904836675e-02
2.672378828428821e-02 2.186568087741089e+00 1.192835186891567e-02
2.687225160670718e-02 2.107009216525525e+00 1.179421419999828e-02
2.702071489309268e-02 2.069298273072176e+00 1.163445489271198e-02
2.716917814324569e-02 2.044032189921857e+00 1.144384505371398e-02
2.731764135696711e-02 2.056503973790267e+00 1.157570086257819e-02
2.746610453405790e-02 2.089276092431289e+00 1.156238939145839e-02
2.761456767431899e-02 2.139486282362697e+00 1.166317983297393e-02
2.776303077755132e-02 2.240922937116611e+00 1.198234588146017e-02
2.791149384355582e-02 2.360616196858080e+00 1.219683905178252e-02
2.805995687213344e-02 2.487739456732212e+00 1.256065672024331e-02
2.820841986308512e-02 2.630470849782345e+00 1.289958041723034e-02
2.835688281621178e-02 2.847662629954278e+00 1.332897298257702e-02
2.850534573131439e-02 2.979490640208591e+00 1.363400681472759e-02
2.865380860819386e-02 3.152412753831777e+00 1.400657386904918e-02
2.880227144665114e-02 3.322282885439990e+00 1.438797530687523e-02
2.895073424648718e-02 3.564672819756318e+00 1.490360364544657e-02
2.909919700750293e-02 3.742711831243959e+00 1.507492204581620e-02
2.924765972949930e-02 3.947389686779610e+00 1.557667833030799e-02
2.939612241227725e-02 4.134412245674510e+00 1.584414915415671e-02
2.954458505563771e-02 4.337988768029176e+00 1.625924141773197e-02
2.969304765938165e-02 4.510456854993559e+00 1.649892346479598e-02
2.984151022330999e-02 4.693928202059646e+00 1.683114418882250e-02
2.998997274722367e-02 4.862266815000789e+00 1.716145239442013e-02
3.013843523092363e-02 5.037231663642099e+00 1.739377233616670e-02
3.028689767421083e-02 5.200920891127355e+00 1.748576707064273e-02
3.043536007688621e-02 5.321551842917795e+00 1.785645063006329e-02
3.058382243875071e-02 5.469068160188969e+00 1.802667355150180e-02
3.073228475960527e-02 5.565383950902718e+00 1.809873781891056e-02
3.088074703925083e-02 5.627865948712810e+00 1.826478465978319e-02
3.102920927748836e-02 5.723474666151740e+00 1.822550067077502e-02
3.117767147411878e-02 5.783420616728598e+00 1.841732286299619e-02
3.132613362894304e-02 5.836471934376993e+00 1.841524888130743e-02
3.147459574176209e-02 5.880500772224942e+00 1.844169409465532e-02
3.162305781237687e-02 5.877003914397336e+00 1.845761371554133e-02
3.177151984058834e-02 5.851851028219025e+00 1.829105393523106e-02
3.191998182619744e-02 5.865476783715533e+00 1.848249314355570e-02
3.206844376900511e-02 5.799770790980352e+00 1.810608070103589e-02
3.221690566881231e-02 5.753996325273525e+00 1.800393355732189e-02
3.236536752541998e-02 5.717365362833642e+00 1.809003001682500e-02
3.251382933862906e-02 5.638966968692540e+00 1.783313846319889e-02
3.266229110824052e-02 5.560045917988991e+00 1.784965549481584e-02
3.281075283405527e-02 5.428528648692479e+00 1.735080483579642e-02
3.295921451587431e-02 5.347275700818545e+00 1.727815745227478e-02
3.310767615349856e-02 5.222067535410054e+00 1.717098047542549e-02
3.325613774672897e-02 5.074717149792141e+00 1.674796778791358e-02
3.340459929536650e-02 4.923362083538345e+00 1.650546554539332e-02
3.355306079921208e-02 4.778900885861551e+00 1.621663024474226e-02
3.370152225806669e-02 4.636761773143626e+00 1.624455912870966e-02
3.384998367173125e-02 4.454905896436951e+00 1.601438042867797e-02
3.399844504000674e-02 4.304490956943143e+00 1.586106978174745e-02
3.414690636269409e-02 4.102754450577384e+00 1.558563767125471e-02
3.429536763959428e-02 3.926337900381942e+00 1.540297116264846e-02
3.444382887050824e-02 3.755595048715586e+00 1.496502441358591e-02
3.459229005523692e-02 3.575440303567744e+00 1.437172056507696e-02
3.474075119358127e-02 3.382365008803195e+00 1.385064062444979e-02
3.488921228534227e-02 3.221075242861765e+00 1.346293275996456e-02
3.503767333032085e-02 3.054202941886951e+00 1.308745150394966e-02
3.518613432831797e-02 2.864687188161334e+00 1.263239895370121e-02
3.533459527913459e-02 2.689895753658837e+00 1.216649293626882e-02
3.548305618257167e-02 2.529028618330376e+00 1.184287204330927e-02
3.563151703843015e-02 2.380273516176504e+00 1.139473941948923e-02
3.577997784651099e-02 2.191040545431729e+00 1.093839784929915e-02
3.592843860661515e-02 2.057242029869775e+00 1.054164552567284e-02
3.607689931854360e-02 1.900353089862614e+00 1.009897903011284e-02
3.622535998209726e-02 1.769814017510672e+00 9.788141596858103e-03
3.637382059707712e-02 1.641179465405003e+00 9.349970168445961e-03
3.652228116328413e-02 1.518417972795872e+00 9.032123965361098e-03
3.667074168051924e-02 1.385963261640505e+00 8.537779364718664e-03
3.681920214858341e-02 1.281178361258267e+00 8.200055835684615e-03
3.696766256727761e-02 1.174311899773041e+00 7.896418751483343e-03
3.711612293640280e-02 1.094372478834711e+00 7.543092420382190e-03
3.726458325575990e-02 1.026618590226960e+00 7.351956938402447e-03
3.741304352514992e-02 9.524267945172390e-01 7.073863228929196e-03
3.756150374437381e-02 8.908173402822542e-01 6.763382594333717e-03
3.770996391323252e-02 8.391533843833138e-01 6.584684444960145e-03
3.785842403152700e-02 7.991030274686727e-01 6.379568488944760e-03
3.800688409905824e-02 7.592583247279658e-01 6.289484915983704e-03
3.815534411562716e-02 7.211340424348202e-01 6.054181097806689e-03
3.830380408103477e-02 7.210327203033423e-01 6.053757158408227e-03
3.845226399508201e-02 7.041872249321240e-01 5.970476134680565e-03
3.860072385756984e-02 7.118768381093613e-01 5.978781652749225e-03
3.874918366829922e-02 7.103906866320140e-01 5.990646763541845e-03
3.889764342707114e-02 7.114360729157616e-01 5.944133663992900e-03
3.904610313368653e-02 7.326447074194746e-01 6.041108085355761e-03
3.919456278794636e-02 7.480946425829019e-01 6.065255662485629e-03
3.934302238965163e-02 7.736168676599762e-01 6.143687425080798e-03
3.949148193860327e-02 8.125791395821299e-01 6.302662183605576e-03
3.963994143460225e-02 8.590133786831290e-01 6.433158567195348e-03
3.978840087744954e-02 8.962511922152936e-01 6.577470026421632e-03
3.993686026694612e-02 9.260452715879389e-01 6.698875015991368e-03
4.008531960289294e-02 9.779269870215842e-01 6.870643725078104e-03
4.023377888509096e-02 1.034414655399968e+00 7.039115004501328e-03
4.038223811334118e-02 1.067192681094930e+00 7.098860118464819e-03
4.053069728744454e-02 1.130230883150154e+00 7.364982416603160e-03
4.067915640720204e-02 1.168394496524451e+00 7.481105804617482e-03
4.082761547241460e-02 1.221564901343156e+00 7.649436171573792e-03
4.097607448288322e-02 1.271630569408314e+00 7.774830844231489e-03
4.112453343840888e-02 1.319505841682937e+00 7.912304905654605e-03
4.127299233879253e-02 1.351561018863424e+00 7.988875790027166e-03
4.142145118383515e-02 1.406225299348431e+00 8.118169065297753e-03
4.156990997333770e-02 1.454882137311201e+00 8.288614907272018e-03
4.171836870710118e-02 1.499081840102559e+00 8.413580167388756e-03
4.186682738492653e-02 1.520771927694381e+00 8.434427362649648e-03
4.201528600661474e-02 1.589187252061496e+00 8.634209866190659e-03
4.216374457196678e-02 1.582624847815242e+00 8.560233237228425e-03
4.231220308078361e-02 1.608461793191903e+00 8.629827066675708e-03
4.246066153286622e-02 1.633366211086414e+00 8.640456219783087e-03
4.260911992801558e-02 1.652278880744238e+00 8.758782955798457e-03
4.275757826603267e-02 1.662648195644894e+00 8.790315732276689e-03
4.290603654671846e-02 1.669109408033578e+00 8.911713229555199e-03
4.305449476987392e-02 1.691128572579728e+00 9.052663098829775e-03
4.320295293530004e-02 1.676831609010566e+00 9.058398236037579e-03
4.335141104279778e-02 1.679396344920152e+00 9.201653753657358e-03
4.349986909216812e-02 1.664381030001830e+00 9.096336515533154e-03
4.364832708321206e-02 1.663463482817711e+00 9.199818138394491e-03
4.379678501573054e-02 1.642125305782215e+00 9.159316992038355e-03
4.394524288952457e-02 1.614075435442075e+00 9.011838854691423e-03
4.409370070439510e-02 1.603530805026386e+00 9.107149198676395e-03
4.424215846014314e-02 1.574492170299897e+00 8.927695415799014e-03
4.439061615656966e-02 1.537100698001628e+00 8.879784487641542e-03
4.453907379347562e-02 1.514342502910227e+00 8.818337686688674e-03
4.468753137066204e-02 1.467940461235372e+00 8.664374799598522e-03
4.483598888792985e-02 1.426196184862774e+00 8.553448618213014e-03
4.498444634508008e-02 1.392083025560816e+00 8.411723299837580e-03
4.513290374191368e-02 1.338189971534303e+00 8.367446980807157e-03
4.528136107823164e-02 1.303321882273298e+00 8.202023244267328e-03
4.542981835383494e-02 1.246799055113706e+00 8.034673312724706e-03
4.557827556852459e-02 1.204318341427764e+00 7.946223991883342e-03
4.572673272210154e-02 1.151212648565561e+00 7.712549410662412e-03
4.587518981436679e-02 1.097618874248395e+00 7.630268798552150e-03
4.602364684512131e-02 1.055485244416737e+00 7.419576217067160e-03
4.617210381416612e-02 1.002438688916132e+00 7.272645997940015e-03
4.632056072130217e-02 9.579704213030090e-01 7.113271305432474e-03
4.646901756633046e-02 9.007733412155146e-01 6.904961555249842e-03
4.661747434905197e-02 8.453647299017844e-01 6.735813571381664e-03
4.676593106926771e-02 8.031461656414857e-01 6.502834771230630e-03
4.691438772677863e-02 7.612099462804697e-01 6.364444787221046e-03
4.706284432138574e-02 7.053438288294586e-01 6.129717761524505e-03
4.721130085289003e-02 6.748860109064534e-01 5.954747789066438e-03
4.735975732109249e-02 6.359635903960194e-01 5.801901680790335e-03
4.750821372579410e-02 5.838920717809565e-01 5.518493424200887e-03
4.765667006679587e-02 5.512493042081849e-01 5.370443764636211e-03
4.780512634389875e-02 5.041875634173758e-01 5.149599056915014e-03
4.795358255690377e-02 4.814321659234383e-01 4.949298317427473e-03
4.810203870561192e-02 4.485965042224264e-01 4.847214083025029e-03
4.825049478982417e-02 4.273976300497107e-01 4.701790057381323e-03
4.839895080934152e-02 3.956833641419453e-01 4.528680828562055e-03
4.854740676396496e-02 3.894212658027987e-01 4.467262182443761e-03
4.869586265349549e-02 3.600756575486142e-01 4.289047092981774e-03
4.884431847773410e-02 3.444639803943735e-01 4.229816791402699e-03
4.899277423648181e-02 3.264719133419133e-01 4.096611389691468e-03
4.914122992953956e-02 3.190808517638580e-01 4.045810622759421e-03
4.928968555670842e-02 3.138195869017978e-01 4.022666903677869e-03
4.943814111778932e-02 3.091819472324204e-01 3.972368172313160e-03
4.958659661258329e-02 3.067481566220853e-01 3.975036113794355e-03
4.973505204089131e-02 3.045534935830265e-01 3.948585999119200e-03
4.988350740251437e-02 3.162938395811190e-01 4.019854475519703e-03
5.003196269725350e-02 3.213679764449895e-01 4.058207019969127e-03
5.018041792490967e-02 3.234880462382385e-01 4.086282517442429e-03
5.032887308528391e-02 3.348146516995045e-01 4.110708879696760e-03
5.047732817817720e-02 3.475669598962435e-01 4.207450120899697e-03
5.062578320339053e-02 3.515312539295124e-01 4.222769012979242e-03
5.077423816072490e-02 3.627963766094144e-01 4.298643891578038e-03
5.092269304998134e-02 3.864129374529754e-01 4.456864015643289e-03
5.107114787096082e-02 4.089703364977548e-01 4.511373045190360e-03
5.121960262346438e-02 4.248359550789537e-01 4.661215264177020e-03
5.136805730729297e-02 4.417109423988013e-01 4.721549026500494e-03
5.151651192224765e-02 4.549067744752702e-01 4.801277324656014e-03
5.166496646812937e-02 4.730003490209153e-01 4.890868588445154e-03
5.181342094473917e-02 5.007598104834683e-01 5.024711265134556e-03
5.196187535187805e-02 5.284070447973326e-01 5.172017108316184e-03
5.211032968934701e-02 5.330303671566187e-01 5.191963687906424e-03
5.225878395694704e-02 5.578059033073935e-01 5.279261713783197e-03
5.240723815447917e-02 5.818362713461225e-01 5.408044936471889e-03
5.255569228174441e-02 6.006729792949324e-01 5.472889336245360e-03
5.270414633854377e-02 6.144071000664342e-01 5.602677520107338e-03
5.285260032467823e-02 6.440210251806995e-01 5.658458037128438e-03
5.300105423994882e-02 6.357659896555928e-01 5.633310857980339e-03
5.314950808415651e-02 6.557548375439948e-01 5.709776453950077e-03
5.329796185710238e-02 6.668240882093776e-01 5.754902343600511e-03
5.344641555858739e-02 6.873762380368132e-01 5.884044101194823e-03
5.359486918841256e-02 6.918350525346484e-01 5.850208262265406e-03
5.374332274637892e-02 6.986096772720742e-01 5.925956287421805e-03
5.389177623228746e-02 7.104796594047249e-01 5.952161352258937e-03
5.404022964593919e-02 7.186592063187703e-01 5.956648454898635e-03
5.418868298713515e-02 7.096394733511239e-01 5.936794881441496e-03
5.433713625567634e-02 7.127354934237566e-01 5.932052008818596e-03
5.448558945136375e-02 7.207342442759318e-01 5.965247639400202e-03
5.463404257399841e-02 7.218474446075052e-01 6.005602546182500e-03
5.478249562338136e-02 7.141461132552968e-01 5.914570446616099e-03
5.493094859931359e-02 7.109001976877073e-01 5.909821578525734e-03
5.507940150159613e-02 7.115748127476595e-01 5.898131653339747e-03
5.522785433002999e-02 6.940403873165703e-01 5.845081730840982e-03
5.537630708441618e-02 6.857345145291661e-01 5.807140343940551e-03
5.552475976455573e-02 6.624206022589172e-01 5.696358413193862e-03
5.567321237024965e-02 6.617240252774963e-01 5.701763853611707e-03
5.582166490129895e-02 6.507035131671254e-01 5.629209576186499e-03
5.597011735750466e-02 6.295799740868551e-01 5.542498148828619e-03
5.611856973866784e-02 6.191770037218314e-01 5.488476337768933e-03
5.626702204458946e-02 5.992327895593388e-01 5.423198774168715e-03
5.641547427507055e-02 5.843067165034551e-01 5.347351282765505e-03
5.656392642991215e-02 5.756327073909639e-01 5.286821936950395e-03
5.671237850891524e-02 5.445044944844227e-01 5.117062426205597e-03
5.686083051188091e-02 5.250076023798025e-01 5.031893344443403e-03
5.700928243861012e-02 5.130640123110565e-01 5.003419474834449e-03
5.715773428890394e-02 4.858601612431768e-01 4.838323150912746e-03
5.730618606256337e-02 4.690729397053368e-01 4.774789409130476e-03
5.745463775938945e-02 4.445120921185017e-01 4.632345295946099e-03
5.760308937918321e-02 4.237105004896807e-01 4.505264657643501e-03
5.775154092174565e-02 4.011638751101968e-01 4.402815160900342e-03
5.789999238687781e-02 3.769717442428872e-01 4.261812885888559e-03
5.804844377438072e-02 3.618193437765342e-01 4.163245672323323e-03
5.819689508405541e-02 3.425555720762535e-01 4.052847974227032e-03
5.834534631570294e-02 3.216761947403670e-01 3.925508428261089e-03
5.849379746912427e-02 3.112812187494594e-01 3.861562467258874e-03
5.864224854412050e-02 2.965048866759444e-01 3.752625175904259e-03
5.879069954049263e-02 2.753831110737469e-01 3.644343020813868e-03
5.893915045804167e-02 2.529717296017401e-01 3.451469087802119e-03
5.908760129656868e-02 2.445180924541490e-01 3.417577991999003e-03
5.923605205587471e-02 2.312536428833195e-01 3.309369200123331e-03
5.938450273576075e-02 2.261139467121427e-01 3.270836497781100e-03
5.953295333602786e-02 2.082076196055293e-01 3.152129217258103e-03
5.968140385647707e-02 2.101396222680552e-01 3.148711286799067e-03
5.982985429690942e-02 1.958114422076721e-01 3.052482243879183e-03
5.997830465712594e-02 1.888125102541386e-01 2.972043676426379e-03
6.012675493692765e-02 1.839351154073181e-01 2.938920670094180e-03
6.027520513611563e-02 1.789279626037998e-01 2.937590546934883e-03
6.042365525449088e-02 1.720953074436861e-01 2.926553946203551e-03
6.057210529185447e-02 1.714195324694060e-01 2.956388142364502e-03
6.072055524800739e-02 1.696342565644214e-01 2.956090286923070e-03
6.086900512275072e-02 1.731254909825870e-01 3.022441493884813e-03
6.101745491588551e-02 1.732467159852581e-01 3.034749375824081e-03
6.116590462721274e-02 1.719952774469276e-01 3.040000712361884e-03
6.131435425653353e-02 1.730924525530162e-01 3.079663873878792e-03
6.146280380364888e-02 1.794160596880141e-01 3.133695831597320e-03
6.161125326835982e-02 1.788034241865685e-01 3.166771116437490e-03
6.175970265046742e-02 1.935317432189353e-01 3.270816298029962e-03
6.190815194977271e-02 1.932507755280421e-01 3.312762267560448e-03
6.205660116607675e-02 2.041542922624982e-01 3.404936898812680e-03
6.220505029918055e-02 2.125706912044598e-01 3.522841025001343e-03
6.235349934888521e-02 2.153035872531910e-01 3.530990695101000e-03
6.250194831499173e-02 2.201310165088766e-01 3.562102480928600e-03
6.265039719730119e-02 2.267144152831766e-01 3.650989822631200e-03
6.279884599561461e-02 2.431908643029977e-01 3.794765161345770e-03
6.294729470973306e-02 2.463502073640915e-01 3.842193153491287e-03
6.309574333945757e-02 2.612931147638534e-01 3.940485494453475e-03
6.324419188458920e-02 2.714987043221206e-01 3.895683891833586e-03
6.339264034492902e-02 2.807083574648030e-01 3.956779762625667e-03
6.354108872027803e-02 2.807920209209945e-01 3.896883484075742e-03
6.368953701043734e-02 2.955154266157708e-01 3.991265714120223e-03
6.383798521520795e-02 2.919028245686969e-01 3.939241218665734e-03
6.398643333439098e-02 3.030478410412418e-01 4.003095860927847e-03
6.413488136778742e-02 3.111880259647883e-01 4.065126546646420e-03
6.428332931519834e-02 3.214670952290309e-01 4.075739564829923e-03
6.443177717642481e-02 3.223370022457748e-01 4.089728134001562e-03
6.458022495126788e-02 3.343047494262696e-01 4.139223312270765e-03
6.472867263952860e-02 3.330274957662983e-01 4.163494293893998e-03
6.487712024100803e-02 3.366246721552826e-01 4.151433302419021e-03
6.502556775550723e-02 3.375607243802850e-01 4.119351976524862e-03
6.517401518282728e-02 3.462665713406302e-01 4.199716616267972e-03
6.532246252276919e-02 3.448186506466495e-01 4.155044759768679e-03
6.547090977513406e-02 3.425243284950327e-01 4.153717605084650e-03
6.561935693972293e-02 3.433232710801903e-01 4.143950931400301e-03
6.576780401633688e-02 3.387679808444998e-01 4.097933140096281e-03
6.591625100477695e-02 3.382488337010458e-01 4.136072812514826e-03
6.606469790484421e-02 3.411802450102367e-01 4.092231862310692e-03
6.621314471633973e-02 3.342878867040713e-01 4.066714462950666e-03
6.636159143906457e-02 3.269784644491832e-01 4.012081202525919e-03
6.651003807281980e-02 3.271211799050299e-01 4.009006575850385e-03
6.665848461740648e-02 3.224566804227993e-01 4.002046433331668e-03
6.680693107262567e-02 3.156368812828617e-01 3.892304795613298e-03
6.695537743827844e-02 3.134085063178995e-01 3.916382650565329e-03
6.710382371416586e-02 3.077809993708005e-01 3.869699235619287e-03
6.725226990008899e-02 3.016931934167929e-01 3.825649988945626e-03
6.740071599584893e-02 2.919646123835807e-01 3.757989829068655e-03
6.754916200124669e-02 2.876866169173524e-01 3.703539715258601e-03
6.769760791608341e-02 2.716595985933392e-01 3.633774725066308e-03
6.784605374016010e-02 2.694068805720956e-01 3.590815233550334e-03
6.799449947327789e-02 2.613692235907258e-01 3.530083125576544e-03
6.814294511523777e-02 2.530075041872620e-01 3.488182923171614e-03
6.829139066584090e-02 2.474063258723566e-01 3.429589618359194e-03
6.843983612488833e-02 2.368369801677595e-01 3.376501628453318e-03
6.858828149218107e-02 2.253891991381233e-01 3.261035148269781e-03
6.873672676752028e-02 2.194444278703996e-01 3.217743250172510e-03
6.888517195070698e-02 2.086350369753266e-01 3.144934167643732e-03
6.903361704154228e-02 2.015103219580130e-01 3.079096213857480e-03
6.918206203982724e-02 1.931335046119221e-01 3.025848007075903e-03
6.933050694536295e-02 1.849964322130514e-01 2.926880296189923e-03
6.947895175795046e-02 1.751155900447356e-01 2.867666349389846e-03
6.962739647739091e-02 1.746933542394824e-01 2.848177085455183e-03
6.977584110348531e-02 1.631897846577494e-01 2.754086361757970e-03
6.992428563603478e-02 1.510878780753741e-01 2.632896314081558e-03
7.007273007484040e-02 1.476678012420117e-01 2.618618599990665e-03
7.022117441970321e-02 1.461388891822194e-01 2.603817400969474e-03
7.036961867042435e-02 1.414609964909974e-01 2.560615962014477e-03
7.051806282680488e-02 1.356262612223388e-01 2.494546333856274e-03
7.066650688864587e-02 1.296534559547744e-01 2.431192243466031e-03
7.081495085574846e-02 1.250062008421411e-01 2.402632948753779e-03
7.096339472791366e-02 1.174438945795852e-01 2.323458887766089e-03
7.111183850494258e-02 1.204261031979644e-01 2.342016271533919e-03
7.126028218663637e-02 1.213434511902234e-01 2.348778462265247e-03
7.140872577279601e-02 1.143725925782925e-01 2.272054059654422e-03
7.155716926322268e-02 1.163414826135695e-01 2.309344823383340e-03
7.170561265771742e-02 1.169205996233790e-01 2.310846251265642e-03
7.185405595608137e-02 1.135029634425001e-01 2.262380208426721e-03
7.200249915811553e-02 1.148974488677944e-01 2.289720766810494e-03
7.215094226362108e-02 1.173543962289061e-01 2.304613518285888e-03
7.229938527239907e-02 1.178052152032224e-01 2.320637509679196e-03
7.244782818425061e-02 1.183301489042541e-01 2.301689992523109e-03
7.259627099897678e-02 1.225840423824987e-01 2.354339992598851e-03
7.274471371637868e-02 1.266638389474404e-01 2.399728395802161e-03
7.289315633625741e-02 1.298814465193379e-01 2.411422186822722e-03
7.304159885841408e-02 1.294687949600923e-01 2.410834944110782e-03
7.319004128264975e-02 1.273388156683712e-01 2.391998392062587e-03
7.333848360876553e-02 1.359630492382908e-01 2.463923657344047e-03
7.348692583656254e-02 1.416506472841592e-01 2.526255631922168e-03
7.363536796584186e-02 1.447597581785197e-01 2.519943938043036e-03
7.378380999640459e-02 1.462432683406250e-01 2.568043701648462e-03
7.393225192805185e-02 1.520218584579210e-01 2.596105246772270e-03
7.408069376058472e-02 1.568038334495840e-01 2.635451600174083e-03
7.422913549380430e-02 1.644931363486526e-01 2.701696052627189e-03
7.437757712751171e-02 1.660679698667154e-01 2.687268413359409e-03
7.452601866150806e-02 1.728661262560376e-01 2.763471411367138e-03
7.467446009559441e-02 1.696862749242813e-01 2.714025229987678e-03
7.482290142957190e-02 1.773388707110931e-01 2.792824700515409e-03
7.497134266324165e-02 1.782693768374915e-01 2.768612003506336e-03
7.511978379640473e-02 1.798439333312929e-01 2.788026738046485e-03
7.526822482886228e-02 1.822735739494153e-01 2.816568854951559e-03
7.541666576041539e-02 1.924778309762896e-01 2.873123483440986e-03
7.556510659086517e-02 1.935396316232909e-01 2.883516975198010e-03
7.571354732001272e-02 1.972594936571511e-01 2.896181184474419e-03
7.586198794765918e-02 1.963695338926906e-01 2.888411987259098e-03
7.601042847360565e-02 2.047054928008618e-01 2.951596304523020e-03
7.615886889765322e-02 1.990080457529791e-01 2.899132029906422e-03
7.630730921960302e-02 2.003196442519901e-01 2.913605438599948e-03
7.645574943925618e-02 1.995170618822504e-01 2.887007297407813e-03
7.660418955641379e-02 2.001505017715240e-01 2.912377789907789e-03
7.675262957087696e-02 1.972933496951352e-01 2.876901264077456e-03
7.690106948244683e-02 1.995169124415977e-01 2.893069004603417e-03
7.704950929092451e-02 2.017824302717376e-01 2.909449411243289e-03
7.719794899611111e-02 1.954551788790728e-01 2.861068670694479e-03
7.734638859780776e-02 1.941897310370557e-01 2.854188617399869e-03
7.749482809581558e-02 2.030383846729749e-01 2.899069612455271e-03
7.764326748993566e-02 1.959862219436383e-01 2.854201910418776e-03
7.779170677996915e-02 1.965342234351813e-01 2.873786511946088e-03
7.794014596571718e-02 1.935080243488621e-01 2.832566264898246e-03
7.808858504698084e-02 1.946277093611282e-01 2.840750741340550e-03
7.823702402356127e-02 1.814617039122938e-01 2.738440227935452e-03
7.838546289525961e-02 1.818840996434906e-01 2.747318428047352e-03
7.853390166187696e-02 1.764837301196741e-01 2.701738757242581e-03
7.868234032321446e-02 1.776285161665039e-01 2.713863229986424e-03
7.883077887907322e-02 1.707349937719408e-01 2.657374105431379e-03
7.897921732925441e-02 1.657781677728062e-01 2.605596027708791e-03
7.912765567355910e-02 1.640172728236262e-01 2.599195572756971e-03
7.927609391178843e-02 1.579423028348596e-01 2.547456497336445e-03
7.942453204374357e-02 1.541623533984848e-01 2.516789634712102e-03
7.957297006922565e-02 1.455819782765813e-01 2.443737858145971e-03
7.972140798803574e-02 1.421142294489550e-01 2.411488376739936e-03
7.986984579997504e-02 1.409324076660232e-01 2.406377794640126e-03
8.001828350484462e-02 1.371854776774727e-01 2.348226558739167e-03
8.016672110244569e-02 1.304115626990708e-01 2.310069612492974e-03
8.031515859257930e-02 1.260352762577417e-01 2.272843629970538e-03
8.046359597504665e-02 1.255978799161828e-01 2.258720876916589e-03
8.061203324964886e-02 1.229546689126411e-01 2.236648791936339e-03
8.076047041618704e-02 1.187365550737899e-01 2.184636568545282e-03
8.090890747446239e-02 1.155604925951571e-01 2.171898121775613e-03
8.105734442427596e-02 1.115677102769937e-01 2.123655071105722e-03
8.120578126542898e-02 1.079362897685586e-01 2.089654915181827e-03
8.135421799772254e-02 1.030895723962977e-01 2.044687608931069e-03
8.150265462095777e-02 9.655675342470267e-02 1.955937126244459e-03
8.165109113493584e-02 9.976349968818557e-02 2.021310508052868e-03
8.179952753945788e-02 9.524893506713614e-02 1.951183467704328e-03
8.194796383432505e-02 9.279956299444767e-02 1.927477047976122e-03
8.209640001933849e-02 8.945014521284625e-02 1.898473601972665e-03
8.224483609429935e-02 9.007568720159283e-02 1.891411646894112e-03
8.239327205900873e-02 9.161370778897437e-02 1.932245510081302e-03
8.254170791326784e-02 8.942899565297616e-02 1.874941202125705e-03
8.269014365687780e-02 8.541677873721941e-02 1.847740287303097e-03
8.283857928963975e-02 8.645317417673461e-02 1.861900913503061e-03
8.298701481135486e-02 8.743534734335649e-02 1.867952596632179e-03
8.313545022182427e-02 8.534870094643307e-02 1.846267624922635e-03
8.328388552084913e-02 8.912895753820647e-02 1.874012686929442e-03
8.343232070823060e-02 8.910912671598202e-02 1.879002940821607e-03
8.358075578376983e-02 9.517874675116271e-02 1.940404041479595e-03
8.372919074726795e-02 9.282693386575994e-02 1.907984651196321e-03
8.387762559852617e-02 9.332644932478455e-02 1.932179071362492e-03
8.402606033734558e-02 9.003431596300894e-02 1.876122104637579e-03
8.417449496352740e-02 9.188942254899674e-02 1.907339277052962e-03
8.432292947687275e-02 9.240003616606600e-02 1.908098181697681e-03
8.447136387718281e-02 9.375810240894067e-02 1.913032320471772e-03
8.461979816425871e-02 9.583778612281889e-02 1.940974913072304e-03
8.476823233790162e-02 9.972957807843109e-02 1.979993424946370e-03
8.491666639791272e-02 1.006344314114713e-01 1.989739983396974e-03
8.506510034409315e-02 1.082399165265632e-01 2.055476490373976e-03
8.521353417624407e-02 1.071130059497663e-01 2.039970204288108e-03
8.536196789416668e-02 1.069743176724969e-01 2.046629254071767e-03
8.551040149766212e-02 1.075105932090463e-01 2.050146571448537e-03
8.565883498653153e-02 1.138578207856069e-01 2.099140621968400e-03
8.580726836057613e-02 1.120649501174471e-01 2.094763449185944e-03
8.595570161959706e-02 1.150577840555872e-01 2.110175376201144e-03
8.610413476339546e-02 1.167105119957165e-01 2.131898886665062e-03
8.625256779177254e-02 1.215648201207272e-01 2.167347517349597e-03
8.640100070452945e-02 1.258092865115296e-01 2.198066122813997e-03
8.654943350146739e-02 1.220976489840259e-01 2.175464620137202e-03
8.669786618238751e-02 1.233995641462744e-01 2.184490818296356e-03
8.684629874709095e-02 1.241333952161601e-01 2.192676778123089e-03
8.699473119537893e-02 1.256140893668413e-01 2.191313805041853e-03
8.714316352705261e-02 1.275807663443638e-01 2.215197592572233e-03
8.729159574191316e-02 1.312832949524887e-01 2.248845787260075e-03
8.744002783976176e-02 1.285579773248110e-01 2.216846370514400e-03
8.758845982039959e-02 1.254637051581602e-01 2.193367789307783e-03
8.773689168362783e-02 1.296279357458899e-01 2.230328235841452e-03
8.788532342924767e-02 1.291093897563312e-01 2.220749015605166e-03
8.803375505706024e-02 1.294975015098663e-01 2.230065434869850e-03
8.818218656686679e-02 1.311194837114637e-01 2.232002881140637e-03
8.833061795846844e-02 1.312141196732604e-01 2.229418647594895e-03
8.847904923166640e-02 1.303322807304293e-01 2.231246149302994e-03
8.862748038626185e-02 1.291755294728622e-01 2.213714920395020e-03
8.877591142205599e-02 1.271785792573769e-01 2.194038935790192e-03
8.892434233885001e-02 1.221148894432139e-01 2.146665438358381e-03
8.907277313644503e-02 1.266839539138363e-01 2.188112285891461e-03
8.922120381464232e-02 1.227521703580596e-01 2.164567629979628e-03
8.936963437324301e-02 1.213490026305141e-01 2.131884667234382e-03
8.951806481204833e-02 1.211554106155759e-01 2.143085157649522e-03
8.966649513085943e-02 1.197460864729671e-01 2.120147066052275e-03
8.981492532947756e-02 1.187948560070281e-01 2.117289645451289e-03
8.996335540770387e-02 1.122851969914444e-01 2.063146075708693e-03
9.011178536533952e-02 1.090608781507101e-01 2.016536350356489e-03
9.026021520218577e-02 1.080970487112092e-01 2.017424267661207e-03
9.040864491804375e-02 1.028784456711854e-01 1.960745777569552e-03
9.055707451271472e-02 1.046082412154396e-01 1.979385718650213e-03
9.070550398599986e-02 1.036691475607249e-01 1.969743350025622e-03
9.085393333770032e-02 1.005571100304365e-01 1.932005155119134e-03
9.100236256761735e-02 9.970280210182948e-02 1.928087160849886e-03
9.115079167555214e-02 9.404410611633300e-02 1.871177168662601e-03
9.129922066130586e-02 9.720682812889206e-02 1.903091776969160e-03
9.144764952467974e-02 9.441256170603836e-02 1.875540627967644e-03
9.159607826547496e-02 8.963937453978486e-02 1.814696093859009e-03
9.174450688349275e-02 8.755947676222618e-02 1.817071639056101e-03
9.189293537853430e-02 8.703220525443285e-02 1.785487317997909e-03
9.204136375040081e-02 8.517287678014450e-02 1.781407199200625e-03
9.218979199889352e-02 8.483072044355469e-02 1.767306675907389e-03
9.233822012381357e-02 8.578342280135177e-02 1.779830996479455e-03
9.248664812496223e-02 8.291501347302836e-02 1.751117835825899e-03
9.263507600214066e-02 7.721541706937073e-02 1.675037577551707e-03
9.278350375515013e-02 7.609635969383742e-02 1.680687425946182e-03
9.293193138379179e-02 7.209590769800088e-02 1.628065289490187e-03
9.308035888786687e-02 7.549898437186260e-02 1.669122819887848e-03
9.322878626717657e-02 7.578110631925118e-02 1.660015273351107e-03
9.337721352152216e-02 7.222995340726374e-02 1.622428287021181e-03
9.352564065070480e-02 7.240690544809790e-02 1.632177699569644e-03
9.367406765452573e-02 7.623139622110763e-02 1.673496558838152e-03
9.382249453278614e-02 7.409229103491244e-02 1.639627354106435e-03
9.397092128528726e-02 7.212493463588138e-02 1.614782308198929e-03
9.411934791183033e-02 7.017476432830669e-02 1.598601092615854e-03
9.426777441221654e-02 6.955983731586839e-02 1.599182363661612e-03
9.441620078624713e-02 7.165818247622877e-02 1.604332341990631e-03
9.456462703372331e-02 7.225075604571289e-02 1.622077357656637e-03
9.471305315444631e-02 7.035220129050834e-02 1.591939538205743e-03
9.486147914821734e-02 7.722011458528949e-02 1.676323185860067e-03
9.500990501483762e-02 7.229008170132145e-02 1.616051405469302e-03
9.515833075410839e-02 7.451334357904768e-02 1.637754792115180e-03
9.530675636583089e-02 7.683943777617143e-02 1.664923858423122e-03
9.545518184980632e-02 7.776150956262054e-02 1.675489973854588e-03
9.560360720583591e-02 7.752884930102472e-02 1.673587715241196e-03
9.575203243372092e-02 7.840192199771451e-02 1.671534593356942e-03
9.590045753326254e-02 8.234849392619156e-02 1.722334685279110e-03
9.604888250426204e-02 8.194960110135521e-02 1.720021657566655e-03
9.619730734652061e-02 7.900216135007873e-02 1.676727494013838e-03
9.634573205983951e-02 8.255528460854780e-02 1.721396679746639e-03
9.649415664401995e-02 8.144847668643798e-02 1.701279463411895e-03
9.664258109886319e-02 8.471997913407388e-02 1.743194686688116e-03
9.679100542417043e-02 8.590529960762709e-02 1.759778209220338e-03
9.693942961974295e-02 8.488853652960669e-02 1.727032782744198e-03
9.708785368538199e-02 9.188664025607200e-02 1.812180003812783e-03
9.723627762088875e-02 9.057923267445091e-02 1.790928993088426e-03
9.738470142606449e-02 8.937757281070755e-02 1.787909073794245e-03
9.753312510071047e-02 9.008370146011246e-02 1.786025557257552e-03
9.768154864462790e-02 9.201063681155068e-02 1.799294240912081e-03
9.782997205761802e-02 9.208492798984100e-02 1.816090616554049e-03
9.797839533948209e-02 9.429410838419018e-02 1.816373568677573e-03
9.812681849002138e-02 9.203724560767995e-02 1.804651874660391e-03
9.827524150903710e-02 9.451303472227686e-02 1.822959734091354e-03
9.842366439633053e-02 9.629884625106627e-02 1.842049379445112e-03
9.857208715170288e-02 9.267914280229947e-02 1.819337734486588e-03
9.872050977495538e-02 9.954516975721274e-02 1.859764178598274e-03
9.886893226588934e-02 9.709388177277559e-02 1.843148684465555e-03
9.901735462430598e-02 9.490358923624766e-02 1.819693256503853e-03
9.916577685000656e-02 9.511145174581918e-02 1.828728258570927e-03
9.931419894279231e-02 9.461756030790877e-02 1.830431659298991e-03
9.946262090246452e-02 9.622788430073265e-02 1.824081900992660e-03
9.961104272882444e-02 9.027832137200198e-02 1.776664220177056e-03
9.975946442167330e-02 9.502344839340167e-02 1.824676775087793e-03
9.990788598081238e-02 9.271104228937804e-02 1.802339262941024e-03
1.000563074060429e-01 8.985921688786648e-02 1.763301815386414e-03
1.002047286971662e-01 9.239913530985860e-02 1.790532976160820e-03
1.003531498539835e-01 9.047340634429922e-02 1.776722832775191e-03
1.005015708762960e-01 9.129397565628528e-02 1.782895038470806e-03
1.006499917639050e-01 8.942429704580443e-02 1.757815942142811e-03
1.007984125166118e-01 8.349196172894227e-02 1.696164456755650e-03
1.009468331342177e-01 8.650110368515565e-02 1.732449202768295e-03
1.010952536165238e-01 8.394922316435548e-02 1.711468342119117e-03
1.012436739633315e-01 8.285000768738537e-02 1.742763009924465e-03
1.013920941744421e-01 8.709068948165541e-02 1.795398116367480e-03
1.015405142496567e-01 8.575604769188003e-02 1.798330569982138e-03
1.016889341887768e-01 7.917439339588919e-02 1.743151486809335e-03
1.018373539916035e-01 7.966172700418946e-02 1.764172729347949e-03
1.019857736579381e-01 7.981040929595765e-02 1.764439303770540e-03
1.021341931875819e-01 7.914234691808000e-02 1.772337178720825e-03
1.022826125803362e-01 7.583352391393136e-02 1.739740354070536e-03
1.024310318360022e-01 7.230881805997905e-02 1.723104373545063e-03
1.025794509543812e-01 7.267351958384573e-02 1.705838370051595e-03
1.027278699352746e-01 7.191493051354352e-02 1.725516656588218e-03
1.028762887784834e-01 6.900948176108430e-02 1.697353652310666e-03
1.030247074838092e-01 7.160732135787279e-02 1.721111055450326e-03
1.031731260510531e-01 6.855910036336742e-02 1.707586023147317e-03
1.033215444800164e-01 6.954650105418828e-02 1.698277883374608e-03
1.034699627705003e-01 6.805618251569534e-02 1.713766849912495e-03
1.036183809223063e-01 6.520192219585869e-02 1.672394017182288e-03
1.037667989352355e-01 6.612950587824283e-02 1.687878136704538e-03
1.039152168090893e-01 6.350163748413805e-02 1.654002579814954e-03
1.040636345436689e-01 6.543820028126991e-02 1.629854469909542e-03
1.042120521387756e-01 6.465763479491232e-02 1.624071632363777e-03
1.043604695942107e-01 6.743293643134764e-02 1.634047767218413e-03
1.045088869097756e-01 6.440360239825517e-02 1.585026850313885e-03
1.046573040852714e-01 6.402873050381717e-02 1.587868818946039e-03
1.048057211204995e-01 6.255735134925261e-02 1.544743685391598e-03
1.049541380152612e-01 6.408072003484477e-02 1.580434408578871e-03
1.051025547693577e-01 6.476087488207888e-02 1.559258633851966e-03
1.052509713825904e-01 6.431164405737375e-02 1.562085354796913e-03
1.053993878547606e-01 6.342469329838014e-02 1.554825715250374e-03
1.055478041856695e-01 6.336917156362055e-02 1.540102232831349e-03
1.056962203751185e-01 6.199083373362067e-02 1.528426384872795e-03
1.058446364229088e-01 6.054471994229287e-02 1.493679748896852e-03
1.059930523288418e-01 6.615425775985555e-02 1.568887933360797e-03
1.061414680927188e-01 6.493032401083659e-02 1.558377645142638e-03
1.062898837143410e-01 6.291294753870298e-02 1.523177512654781e-03
1.064382991935097e-01 6.742125593663392e-02 1.573906047501362e-03
1.065867145300264e-01 6.511478981520138e-02 1.536050890667004e-03
1.067351297236922e-01 6.776522841139355e-02 1.578498737596856e-03
1.068835447743085e-01 6.820204154625362e-02 1.575478865569917e-03
1.070319596816766e-01 6.914544409308195e-02 1.574336108621026e-03
1.071803744455978e-01 7.092803517141391e-02 1.603738311323010e-03
1.073287890658734e-01 6.780916677526358e-02 1.560171818454555e-03
1.074772035423047e-01 7.059311150972331e-02 1.598209433859279e-03
1.076256178746930e-01 7.163170384767349e-02 1.594969315554732e-03
1.077740320628398e-01 7.129661874570220e-02 1.598643191138712e-03
1.079224461065461e-01 7.003421265088217e-02 1.579897722980308e-03
1.080708600056134e-01 7.105281394468227e-02 1.590778937753709e-03
1.082192737598431e-01 7.127637320673577e-02 1.598993357451673e-03
1.083676873690363e-01 7.104770423238095e-02 1.577280832130584e-03
1.085161008329945e-01 7.730769377640050e-02 1.654610781377184e-03
1.086645141515189e-01 7.185410708133042e-02 1.595183222790010e-03
1.088129273244109e-01 7.511105389518269e-02 1.626329081379291e-03
1.089613403514718e-01 7.433405341942868e-02 1.621330152747027e-03
1.091097532325029e-01 7.558040053948248e-02 1.623977332253566e-03
1.092581659673056e-01 7.432026256840703e-02 1.616039789002495e-03
1.094065785556811e-01 7.845682742224457e-02 1.658073184647501e-03
1.095549909974309e-01 7.634837001878798e-02 1.632210287476393e-03
1.097034032923561e-01 7.495285022295951e-02 1.619490553512335e-03
1.098518154402582e-01 7.371488596198314e-02 1.603255382161433e-03
1.100002274409385e-01 7.856190060850939e-02 1.655127237633683e-03
1.101486392941984e-01 7.582790301447841e-02 1.613724941370394e-03
1.102970509998390e-01 7.553565665110092e-02 1.610059729747436e-03
1.104454625576619e-01 7.674451899819835e-02 1.626249814184212e-03
1.105938739674683e-01 7.471194458386066e-02 1.602360646928508e-03
1.107422852290595e-01 7.519117378780885e-02 1.601989318183341e-03
1.108906963422369e-01 7.445161271510223e-02 1.604545713443598e-03
1.110391073068019e-01 7.227980441925418e-02 1.616629768792933e-03
1.111875181225557e-01 7.284652614636795e-02 1.627677543163865e-03
1.113359287892998e-01 7.606011389903344e-02 1.686066752540240e-03
1.114843393068354e-01 7.126012202171139e-02 1.631388424659112e-03
1.116327496749638e-01 7.226253910007475e-02 1.656509089383645e-03
1.117811598934866e-01 7.103413373474440e-02 1.649282806713425e-03
1.119295699622049e-01 6.880474945651519e-02 1.629456406777843e-03
1.120779798809202e-01 6.993170557809229e-02 1.644655369974226e-03
1.122263896494337e-01 6.874786374942900e-02 1.636390135109387e-03
1.123747992675469e-01 6.958319807482398e-02 1.661932677619707e-03
1.125232087350610e-01 7.180878059300021e-02 1.693019538742048e-03
1.126716180517775e-01 6.765500499931679e-02 1.621438739201778e-03
1.128200272174977e-01 6.746576668483451e-02 1.635804141013143e-03
1.129684362320229e-01 6.479013613353807e-02 1.593574844985740e-03
1.131168450951544e-01 6.553736400478502e-02 1.610979338608468e-03
1.132652538066937e-01 6.598150141636049e-02 1.622877604004212e-03
1.134136623664422e-01 6.586287496898480e-02 1.605456807951721e-03
1.135620707742011e-01 6.261793690462443e-02 1.577823701538761e-03
1.137104790297718e-01 6.477674257469487e-02 1.605431960707036e-03
1.138588871329557e-01 6.312897192297391e-02 1.588684475770413e-03
1.140072950835541e-01 6.100556918796697e-02 1.564245363794025e-03
1.141557028813685e-01 6.311859039166405e-02 1.587920472180133e-03
1.143041105262001e-01 6.258118201387916e-02 1.590076623416987e-03
1.144525180178503e-01 6.138596244830164e-02 1.562231611292461e-03
1.146009253561206e-01 6.249039478610981e-02 1.588282644066967e-03
1.147493325408122e-01 5.921598614631346e-02 1.542375877736289e-03
1.148977395717266e-01 5.945141798301965e-02 1.554850118841039e-03
1.150461464486651e-01 5.907864219651433e-02 1.556318625465903e-03
1.151945531714290e-01 5.893176657383895e-02 1.534972920509805e-03
1.153429597398198e-01 5.799430111667141e-02 1.536306567088094e-03
1.154913661536388e-01 5.689653020281023e-02 1.517375689242420e-03
1.156397724126874e-01 5.840284792526997e-02 1.549305227997991e-03
1.157881785167671e-01 5.976922440374199e-02 1.558372529075729e-03
1.159365844656790e-01 5.814347289387690e-02 1.540798950092920e-03
1.160849902592246e-01 5.898594036880293e-02 1.557664534291355e-03
1.162333958972054e-01 5.577542555484891e-02 1.509098345168824e-03
1.163818013794227e-01 6.033665930988435e-02 1.578002091140030e-03
1.165302067056779e-01 5.969631950365553e-02 1.558061256478400e-03
1.166786118757722e-01 5.652047729140255e-02 1.529817043155696e-03
1.168270168895073e-01 5.841274591296380e-02 1.561704152738546e-03
1.169754217466844e-01 5.964573136149491e-02 1.563142894036103e-03
1.171238264471048e-01 5.716524907629305e-02 1.536611414815282e-03
1.172722309905701e-01 5.698938973151985e-02 1.524194607084483e-03
1.174206353768815e-01 5.770698910829711e-02 1.556807979758808e-03
1.175690396058405e-01 5.898621792980008e-02 1.571987989717691e-03
1.177174436772486e-01 5.798904084841278e-02 1.535628496657562e-03
1.178658475909069e-01 6.119854441601969e-02 1.606598608658977e-03
1.180142513466170e-01 6.302216871567502e-02 1.615422091769682e-03
1.181626549441803e-01 6.268657285957205e-02 1.629459870897043e-03
1.183110583833981e-01 5.700108550611125e-02 1.529989298731437e-03
1.184594616640718e-01 6.110405568171826e-02 1.592634545873044e-03
1.186078647860030e-01 6.110123853470095e-02 1.613524030840359e-03
1.187562677489928e-01 5.965942547191686e-02 1.574352023854059e-03
1.189046705528428e-01 6.067489139345232e-02 1.598368887010779e-03
1.190530731973543e-01 6.121956065415736e-02 1.593481514754575e-03
1.192014756823288e-01 6.071956755909828e-02 1.592926960176428e-03
1.193498780075676e-01 5.861919185538591e-02 1.587203606565316e-03
1.194982801728722e-01 6.573869394212356e-02 1.653313212960386e-03
1.196466821780439e-01 6.267580796848107e-02 1.625887666136552e-03
1.197950840228843e-01 6.673835577848511e-02 1.674223965146960e-03
1.199434857071946e-01 6.033864988950541e-02 1.593941922311332e-03
1.200918872307763e-01 6.360846292598998e-02 1.648418774630024e-03
1.202402885934308e-01 6.503229553977231e-02 1.644412274452800e-03
1.203886897949596e-01 6.412710587058576e-02 1.657966852034361e-03
1.205370908351639e-01 6.435129463620794e-02 1.646788289619861e-03
1.206854917138454e-01 6.278742210938808e-02 1.639855826512787e-03
1.208338924308053e-01 6.344369761630683e-02 1.633758333189510e-03
1.209822929858451e-01 6.758165825454868e-02 1.686907719054968e-03
1.211306933787662e-01 6.445955258048516e-02 1.666562057097777e-03
1.212790936093700e-01 6.488269576566728e-02 1.654976959864967e-03
1.214274936774580e-01 6.400040443678887e-02 1.651382781769810e-03
1.215758935828316e-01 6.265787798496009e-02 1.632579388782557e-03
1.217242933252921e-01 6.326772470034965e-02 1.644010878381636e-03
1.218726929046411e-01 6.413982285936169e-02 1.663866015858347e-03
1.220210923206799e-01 6.443239549270412e-02 1.654834922481715e-03
1.221694915732101e-01 6.396497213940591e-02 1.648822727254292e-03
1.223178906620329e-01 6.364085455667610e-02 1.648151693004904e-03
1.224662895869498e-01 6.632801721655815e-02 1.689097923447169e-03
1.226146883477624e-01 6.316784136043790e-02 1.649791458593124e-03
1.227630869442719e-01 6.058331468219379e-02 1.606018638246813e-03
1.229114853762799e-01 5.979804440022914e-02 1.607962407804019e-03
1.230598836435877e-01 6.068101035543991e-02 1.611442033894349e-03
1.232082817459969e-01 6.146121770510887e-02 1.631585972272158e-03
1.233566796833089e-01 6.349820488568242e-02 1.642805503447695e-03
1.235050774553250e-01 5.933090984203728e-02 1.602368064935270e-03
1.236534750618467e-01 5.900836660989237e-02 1.600088997976882e-03
1.238018725026756e-01 5.738181292999827e-02 1.571072947461977e-03
1.239502697776129e-01 6.092804970541285e-02 1.620289329486686e-03
1.240986668864602e-01 5.819252932195963e-02 1.577386688417217e-03
1.242470638290189e-01 5.405882170176681e-02 1.530852502872846e-03
1.243954606050905e-01 5.811895822955202e-02 1.590063952336908e-03
1.245438572144764e-01 5.570132974276395e-02 1.553263292128883e-03
1.246922536569781e-01 5.585415305571507e-02 1.552702787262531e-03
1.248406499323969e-01 5.753485240155426e-02 1.571146254323494e-03
1.249890460405344e-01 5.422273379681111e-02 1.539201646510928e-03
1.251374419811920e-01 5.517282263649478e-02 1.544542510123453e-03
1.252858377541713e-01 5.480481071071392e-02 1.542726730913003e-03
1.254342333592735e-01 5.621110517542888e-02 1.569922130347061e-03
1.255826287963002e-01 5.316731520632341e-02 1.512291443335644e-03
1.257310240650529e-01 5.424952808232002e-02 1.544323871911883e-03
1.258794191653329e-01 5.501715373934941e-02 1.538377242146728e-03
1.260278140969418e-01 5.582451578814445e-02 1.559733499469797e-03
1.261762088596811e-01 5.424824308318255e-02 1.536216589375464e-03
1.263246034533521e-01 5.630961107498249e-02 1.567181897872485e-03
1.264729978777564e-01 5.165162620056606e-02 1.504912862675786e-03
1.266213921326954e-01 5.495297395994536e-02 1.534185495334208e-03
1.267697862179706e-01 5.629322702591068e-02 1.564908708219870e-03
1.269181801333835e-01 5.286189875806276e-02 1.506654704942378e-03
1.270665738787355e-01 5.273097931446405e-02 1.515909071681187e-03
1.272149674538281e-01 5.310670527984340e-02 1.517334436566955e-03
1.273633608584628e-01 5.359738914410028e-02 1.509336558294635e-03
1.275117540924411e-01 5.224782310882516e-02 1.507636685686977e-03
1.276601471555643e-01 5.421077392069234e-02 1.521190998656654e-03
1.278085400476341e-01 5.668427972530724e-02 1.560183450746252e-03
1.279569327684519e-01 5.474451300567936e-02 1.545937131392380e-03
1.281053253178191e-01 5.254405272461656e-02 1.496987634505729e-03
1.282537176955372e-01 5.717616840499033e-02 1.573722241066426e-03
1.284021099014078e-01 5.254421499168718e-02 1.496992257517955e-03
1.285505019352323e-01 5.549185689723340e-02 1.545021056002384e-03
1.286988937968122e-01 5.264235657669297e-02 1.513987090913869e-03
1.288472854859490e-01 5.305076328827343e-02 1.513267466752116e-03
1.289956770024441e-01 5.707135644479887e-02 1.579839393954053e-03
1.291440683460992e-01 5.644241014920105e-02 1.553526209766768e-03
1.292924595167155e-01 5.617512159485531e-02 1.559217408250582e-03
1.294408505140947e-01 5.600735091403283e-02 1.557563527635378e-03
1.295892413380383e-01 5.604118217563929e-02 1.551322288448941e-03
1.297376319883476e-01 5.408321260800258e-02 1.543345990139228e-03
1.298860224648243e-01 5.773899091354245e-02 1.572621625578132e-03
1.300344127672698e-01 5.873140735153555e-02 1.598466443186743e-03
1.301828028954856e-01 5.604483030963545e-02 1.562842001000125e-03
1.303311928492733e-01 5.747820078482642e-02 1.573122462252720e-03
1.304795826284343e-01 5.736364005443963e-02 1.577687463008572e-03
1.306279722327701e-01 5.864674690011824e-02 1.601509569839265e-03
1.307763616620822e-01 5.654184587659064e-02 1.571820122345722e-03
1.309247509161722e-01 5.776646094274753e-02 1.575709404165778e-03
1.310731399948415e-01 5.930577632640321e-02 1.606972487896302e-03
1.312215288978917e-01 5.627929439324020e-02 1.562710951656738e-03
1.313699176251241e-01 5.826818191796888e-02 1.597738303739768e-03
1.315183061763405e-01 5.708538435140773e-02 1.581440008115812e-03
1.316666945513423e-01 5.686300695262282e-02 1.568075413259345e-03
1.318150827499309e-01 5.624762962191101e-02 1.569107366775707e-03
1.319634707719080e-01 5.464969950286545e-02 1.535928239686742e-03
1.321118586170749e-01 5.606650326360549e-02 1.571409119467177e-03
1.322602462852334e-01 5.588729979996968e-02 1.562708070007138e-03
1.324086337761848e-01 5.781926916108299e-02 1.586025287450274e-03
1.325570210897306e-01 5.374589868625958e-02 1.541269348705138e-03
1.327054082256724e-01 5.145966290253932e-02 1.492368280050000e-03
1.328537951838119e-01 5.500545188382755e-02 1.555789121171393e-03
1.330021819639503e-01 5.668847944458398e-02 1.570444526414143e-03
1.331505685658892e-01 5.458099614913792e-02 1.545020211010087e-03
1.332989549894304e-01 5.609915132191151e-02 1.581670339994621e-03
1.334473412343751e-01 5.634961248569084e-02 1.556286635228139e-03
1.335957273005250e-01 5.663129763890545e-02 1.583511569749193e-03
1.337441131876815e-01 5.458134690827412e-02 1.545030139922948e-03
1.338924988956463e-01 5.441040405884835e-02 1.543285894267750e-03
1.340408844242209e-01 5.441370988572941e-02 1.551514294002661e-03
1.341892697732067e-01 5.674660146028768e-02 1.567848912259672e-03
1.343376549424055e-01 5.411899881271810e-02 1.550057828578282e-03
1.344860399316185e-01 5.603038395061482e-02 1.566096841487350e-03
1.346344247406474e-01 5.345705175957240e-02 1.531726968628861e-03
1.347828093692938e-01 5.501553702742643e-02 1.557320727432165e-03
1.349311938173592e-01 5.612361860374471e-02 1.568090413536869e-03
1.350795780846451e-01 5.628994621465396e-02 1.585789584725139e-03
1.352279621709530e-01 5.436742326773700e-02 1.542687470572876e-03
1.353763460760846e-01 5.245685062725099e-02 1.520009605379115e-03
1.355247297998415e-01 5.073433893838039e-02 1.490253971763740e-03
1.356731133420249e-01 5.487512409024518e-02 1.553968777241481e-03
1.358214967024367e-01 5.289775059516491e-02 1.537959263621157e-03
1.359698798808782e-01 5.344860358620695e-02 1.529602311457661e-03
1.361182628771512e-01 5.596867547750321e-02 1.574241990264848e-03
1.362666456910571e-01 5.501643466198534e-02 1.557346136707067e-03
1.364150283223974e-01 5.455940319036140e-02 1.548134942669828e-03
1.365634107709738e-01 5.083729574714311e-02 1.504351725697198e-03
1.367117930365878e-01 5.358355378416345e-02 1.532209974141007e-03
1.368601751190411e-01 5.136785838566745e-02 1.510166319358956e-03
1.370085570181349e-01 5.262924721394719e-02 1.521178164925438e-03
1.371569387336711e-01 5.083683798716446e-02 1.503679970201425e-03
1.373053202654511e-01 5.131158879340902e-02 1.502678895576460e-03
1.374537016132766e-01 5.034740489643594e-02 1.495760758597439e-03
1.376020827769490e-01 5.097693737811215e-02 1.510469214219359e-03
1.377504637562700e-01 5.370143617409697e-02 1.539994298722949e-03
1.378988445510411e-01 5.264162675357086e-02 1.524723780480795e-03
1.380472251610639e-01 5.334231171275824e-02 1.533483642463578e-03
1.381956055861399e-01 5.146687155058879e-02 1.516357244994931e-03
1.383439858260708e-01 5.039713953287862e-02 1.504559817156320e-03
1.384923658806582e-01 5.047289856498988e-02 1.485782852299408e-03
1.386407457497034e-01 4.763736597008755e-02 1.454957632790890e-03
1.387891254330083e-01 5.119247877117056e-02 1.508272870201795e-03
1.389375049303744e-01 5.074961027154609e-02 1.503073734553082e-03
1.390858842416031e-01 5.229941829733516e-02 1.523140464246474e-03
1.392342633664962e-01 5.127806332518792e-02 1.507526429742323e-03
1.393826423048553e-01 5.093231903162140e-02 1.509147152867110e-03
1.395310210564817e-01 5.083424963917723e-02 1.500325439835152e-03
1.396793996211773e-01 4.932212264242289e-02 1.485767866869996e-03
1.398277779987435e-01 5.224530023245589e-02 1.518989797659158e-03
1.399761561889819e-01 4.766217914456720e-02 1.461864980068901e-03
1.401245341916943e-01 5.066572840802790e-02 1.506548052237694e-03
1.402729120066820e-01 5.124122621867187e-02 1.511021325891317e-03
1.404212896337468e-01 5.439301427591983e-02 1.554720831659423e-03
1.405696670726902e-01 5.220157736718918e-02 1.518360467965052e-03
1.407180443233139e-01 5.062858400004569e-02 1.514170843510081e-03
1.408664213854193e-01 5.386350531832609e-02 1.547827439128480e-03
1.410147982588082e-01 5.432945992045010e-02 1.550373028362771e-03
1.411631749432821e-01 5.089711657417702e-02 1.515439592721912e-03
1.413115514386427e-01 4.791088762660563e-02 1.457207406544610e-03
1.414599277446915e-01 5.126181922102351e-02 1.522926906815621e-03
1.416083038612301e-01 5.388976959114768e-02 1.535950785165077e-03
1.417566797880601e-01 5.480989480065362e-02 1.570490538675070e-03
1.419050555249833e-01 5.206498896796651e-02 1.530661297321223e-03
1.420534310718010e-01 5.358611299434178e-02 1.560613476795106e-03
1.422018064283151e-01 5.364469873960364e-02 1.625596931503141e-03
1.423501815943271e-01 5.283294656773884e-02 1.620459571245444e-03
1.424985565696385e-01 5.334298720067587e-02 1.668598637305649e-03
1.426469313540512e-01 5.707853466788737e-02 1.749033031261656e-03
1.427953059473665e-01 4.968166284928664e-02 1.634406714005396e-03
1.429436803493862e-01 5.420646870302279e-02 1.742261891094717e-03
1.430920545599118e-01 5.157645447392605e-02 1.700425348354681e-03
1.432404285787451e-01 5.326916822270166e-02 1.761024379961283e-03
1.433888024056876e-01 5.191086855524199e-02 1.755911321786118e-03
1.435371760405410e-01 5.577161299702161e-02 1.820037804698573e-03
1.436855494831068e-01 5.381700785280488e-02 1.817271230570853e-03
1.438339227331868e-01 5.143848413439617e-02 1.785455849472367e-03
1.439822957905825e-01 5.319802035082236e-02 1.822534146477937e-03
1.441306686550955e-01 5.219844497246989e-02 1.830679391004718e-03
1.442790413265275e-01 5.296511996033205e-02 1.842892219896597e-03
1.444274138046802e-01 5.456544259830817e-02 1.910172563664613e-03
1.445757860893551e-01 5.435902867318044e-02 1.905282969011293e-03
1.447241581803540e-01 5.217919939470526e-02 1.876755357530978e-03
1.448725300774784e-01 5.374638831977412e-02 1.925664201108277e-03
1.450209017805300e-01 5.050682109476139e-02 1.871907331160819e-03
1.451692732893104e-01 5.300127686706086e-02 1.961665265993827e-03
1.453176446036212e-01 5.250997158601477e-02 1.931610529262535e-03
1.454660157232642e-01 5.133962041596222e-02 1.936310456917772e-03
1.456143866480410e-01 4.980348351264685e-02 1.924076428957381e-03
1.457627573777532e-01 5.293446141544411e-02 1.986594937108537e-03
1.459111279122024e-01 5.142378980069967e-02 1.995630074381250e-03
1.460594982511903e-01 5.178552982400919e-02 1.988811291383260e-03
1.462078683945185e-01 5.205987276279280e-02 2.015766323555802e-03
1.463562383419889e-01 5.058791662156104e-02 2.004366234043245e-03
1.465046080934028e-01 4.884085332104710e-02 1.969453290953822e-03
1.466529776485621e-01 5.205094333026460e-02 2.049503892161501e-03
1.468013470072683e-01 4.978744720301326e-02 2.029184859577918e-03
1.469497161693232e-01 5.170129530984514e-02 2.074701513838329e-03
1.470980851345284e-01 4.626867341423683e-02 1.991086684271657e-03
1.472464539026855e-01 5.149013829796491e-02 2.096840528563895e-03
1.473948224735963e-01 5.003845221820865e-02 2.065307951427971e-03
1.475431908470624e-01 5.094158116082229e-02 2.139345319745219e-03
1.476915590228854e-01 4.870677674254668e-02 2.082551390407866e-03
1.478399270008671e-01 4.713791469596804e-02 2.069124805389503e-03
1.479882947808090e-01 4.781003333737523e-02 2.110864538257065e-03
1.481366623625130e-01 5.041110316253595e-02 2.147585197752133e-03
1.482850297457805e-01 5.102906641787917e-02 2.233481561164525e-03
1.484333969304134e-01 4.620495014436421e-02 2.080966296182676e-03
1.485817639162133e-01 4.880774954339689e-02 2.159127721010938e-03
1.487301307029819e-01 4.489913920601316e-02 2.109545582320350e-03
1.488784972905207e-01 4.947652602292704e-02 2.173873749720684e-03
1.490268636786317e-01 4.995418824233835e-02 2.261319850234255e-03
1.491752298671163e-01 4.870542095840490e-02 2.163083684717624e-03
1.493235958557763e-01 5.203993768064251e-02 2.273375232998249e-03
1.494719616444135e-01 4.662416033467706e-02 2.169152250725184e-03
1.496203272328294e-01 4.792387477322309e-02 2.205875135378347e-03
1.497686926208257e-01 4.621582882966507e-02 2.190840398195649e-03
1.499170578082042e-01 5.025626515531772e-02 2.247528503650889e-03
1.500654227947665e-01 5.058582598838816e-02 2.306515128792847e-03
1.502137875803144e-01 4.726582397554895e-02 2.211001988805609e-03
1.503621521646495e-01 4.767489476834708e-02 2.222853430191732e-03
1.505105165475735e-01 5.038114509404518e-02 2.316527519453930e-03
1.506588807288882e-01 5.036381078041996e-02 2.268271959041581e-03
1.508072447083951e-01 4.683306572046540e-02 2.245473630901631e-03
1.509556084858961e-01 4.974677895493689e-02 2.277748537293636e-03
1.511039720611928e-01 4.901878694351706e-02 2.258666476824928e-03
1.512523354340869e-01 5.102985531991345e-02 2.341410341505307e-03
1.514006986043802e-01 4.743155946209108e-02 2.233464905339533e-03
1.515490615718743e-01 4.745249663889408e-02 2.272562429005055e-03
1.516974243363709e-01 5.152019422176267e-02 2.318003124920671e-03
1.518457868976718e-01 4.727586919018024e-02 2.251231866199059e-03
1.519941492555787e-01 5.137087426101470e-02 2.364536147196821e-03
1.521425114098933e-01 5.211869123291194e-02 2.373941334622985e-03
1.522908733604172e-01 4.895705784679694e-02 2.331288468895092e-03
1.524392351069522e-01 5.091492226908781e-02 2.328794339270363e-03
1.525875966493001e-01 5.199078691991305e-02 2.424082939350827e-03
1.527359579872626e-01 5.028876121994693e-02 2.360168507870508e-03
1.528843191206413e-01 4.917247713761039e-02 2.346874288172414e-03
1.530326800492380e-01 5.099022617881557e-02 2.419889044142560e-03
1.531810407728545e-01 4.653805993879668e-02 2.265437312159557e-03
1.533294012912923e-01 4.948217558665084e-02 2.423152563751151e-03
1.534777616043534e-01 4.646106051205164e-02 2.288972160854370e-03
1.536261217118393e-01 4.785601362981833e-02 2.363440051991885e-03
1.537744816135519e-01 4.750593557376785e-02 2.354781801677390e-03
1.539228413092928e-01 4.532933069921889e-02 2.319250319861093e-03
1.540712007988639e-01 5.081021620466766e-02 2.488186992616912e-03
1.542195600820668e-01 4.789017770124358e-02 2.345192091888800e-03
1.543679191587032e-01 5.020540030903203e-02 2.494726398412991e-03
1.545162780285749e-01 4.685757316750692e-02 2.363651896517140e-03
1.546646366914837e-01 5.172383809122984e-02 2.554458286750957e-03
1.548129951472313e-01 4.540495131540394e-02 2.363687351765215e-03
1.549613533956194e-01 4.548220221928850e-02 2.345565484780650e-03
1.551097114364498e-01 4.469244811827468e-02 2.395766692009506e-03
1.552580692695243e-01 5.169354574652837e-02 2.531443826388269e-03
1.554064268946445e-01 4.880819318333474e-02 2.497244408999000e-03
1.555547843116122e-01 5.083909332009649e-02 2.529339428502612e-03
1.557031415202292e-01 5.112013273303129e-02 2.568883325888336e-03
1.558514985202972e-01 5.273387217417735e-02 2.639995668373106e-03
1.559998553116179e-01 4.740959598035666e-02 2.458073044915780e-03
1.561482118939933e-01 4.661911471998408e-02 2.495463997988747e-03
1.562965682672249e-01 4.759843388302690e-02 2.498269874124562e-03
1.564449244311146e-01 4.888150255011293e-02 2.565613514154644e-03
1.565932803854641e-01 4.843658238373116e-02 2.589044232373890e-03
1.567416361300751e-01 4.746757702753525e-02 2.494840459732156e-03
1.568899916647495e-01 4.677607607508978e-02 2.544283122307216e-03
1.570383469892890e-01 4.652789705335340e-02 2.527048486616214e-03
1.571867021034954e-01 4.770756777046353e-02 2.591119405122594e-03
1.573350570071704e-01 4.383619580172060e-02 2.469889826195767e-03
1.574834117001158e-01 5.256721467893584e-02 2.686059193769129e-03
1.576317661821335e-01 5.083346413207700e-02 2.721052949988189e-03
1.577801204530250e-01 4.981565534376122e-02 2.678106222735668e-03
1.579284745125923e-01 4.160951697168918e-02 2.426716310102743e-03
1.580768283606372e-01 4.301274545623072e-02 2.521451793446634e-03
1.582251819969613e-01 4.666742897480865e-02 2.584669839911095e-03
1.583735354213664e-01 5.148784059448096e-02 2.804721395094870e-03
1.585218886336544e-01 4.720068228484614e-02 2.618222772536885e-03
1.586702416336271e-01 4.921229494982689e-02 2.713161646912299e-03
1.588185944210862e-01 4.778811078368853e-02 2.722980326413093e-03
1.589669469958334e-01 5.278553447834166e-02 2.801565281879317e-03
1.591152993576707e-01 4.916746521218405e-02 2.792524372719081e-03
1.592636515063998e-01 4.980918887134673e-02 2.746069474047647e-03
1.594120034418224e-01 4.715914692820849e-02 2.709222203360717e-03
1.595603551637404e-01 4.096462367509311e-02 2.565304242050512e-03
1.597087066719556e-01 4.353956899052524e-02 2.611329816327848e-03
1.598570579662698e-01 4.850106999770240e-02 2.804889299601112e-03
1.600054090464846e-01 4.673777011896399e-02 2.744536362888578e-03
1.601537599124021e-01 4.546304993574847e-02 2.702497803832333e-03
1.603021105638239e-01 4.845236021538225e-02 2.850138836198956e-03
1.604504610005519e-01 4.717662250874319e-02 2.779909140784186e-03
1.605988112223878e-01 4.744661214067885e-02 2.820408337995024e-03
1.607471612291335e-01 4.222339483024647e-02 2.665117049664029e-03
1.608955110205908e-01 4.809233039543707e-02 2.858792304047560e-03
1.610438605965615e-01 4.720523058531739e-02 2.851772271733563e-03
1.611922099568474e-01 4.582706455733156e-02 2.809837609321717e-03
1.613405591012503e-01 4.631887657903997e-02 2.834669211983041e-03
1.614889080295720e-01 4.249439678374641e-02 2.748734024321423e-03
1.616372567416144e-01 4.873066761729057e-02 2.927942049313862e-03
1.617856052371793e-01 4.723701347224657e-02 2.929515214408484e-03
1.619339535160685e-01 5.014204372024015e-02 3.001925635537828e-03
1.620823015780837e-01 4.686256235779756e-02 2.923206324719688e-03
1.622306494230269e-01 4.491012862235695e-02 2.898936337173691e-03
1.623789970506999e-01 4.589158775943746e-02 2.914118736844473e-03
1.625273444609043e-01 4.487217279719088e-02 2.908630949101526e-03
1.626756916534423e-01 4.695752932402771e-02 2.969854919161487e-03
1.628240386281155e-01 4.691173906193650e-02 2.990983239519449e-03
1.629723853847257e-01 4.763914625985228e-02 3.037361028550024e-03
1.631207319230749e-01 4.741596642109559e-02 3.048013762988211e-03
1.632690782429647e-01 4.779089007726151e-02 3.072114768415681e-03
1.634174243441972e-01 4.877840107051423e-02 3.103695336348958e-03
1.635657702265741e-01 4.915427594561571e-02 3.153248272113598e-03
1.637141158898972e-01 5.280694936668823e-02 3.274947974581473e-03
1.638624613339684e-01 5.218869620429577e-02 3.249126305642269e-03
1.640108065585895e-01 4.530606273248109e-02 3.097058689282063e-03
1.641591515635625e-01 4.666040269410961e-02 3.103803817853007e-03
1.643074963486891e-01 4.870429887367663e-02 3.197593875018141e-03
1.644558409137711e-01 5.082174260420585e-02 3.301226930416985e-03
1.646041852586105e-01 4.592444074709125e-02 3.124762404251495e-03
1.647525293830090e-01 4.352436077954940e-02 3.108882912824957e-03
1.649008732867686e-01 4.355294200927037e-02 3.103018636455015e-03
1.650492169696911e-01 4.538250091259158e-02 3.146710270175774e-03
1.651975604315783e-01 4.881851285458404e-02 3.344989383853121e-03
1.653459036722321e-01 4.505735053767922e-02 3.170224121036320e-03
1.654942466914544e-01 4.121510983479123e-02 3.080561944214841e-03
1.656425894890469e-01 4.496830722277392e-02 3.270963043212553e-03
1.657909320648118e-01 4.420856226023121e-02 3.190478165178853e-03
1.659392744185506e-01 5.140628287947667e-02 3.514061153705913e-03
1.660876165500653e-01 4.499225670299969e-02 3.264081367687926e-03
1.662359584591579e-01 4.487164673368060e-02 3.299029079602982e-03
1.663843001456301e-01 4.618003617057396e-02 3.413726503073983e-03
1.665326416092838e-01 4.090303588407689e-02 3.165171944827618e-03
1.666809828499210e-01 4.946078348365198e-02 3.532913105975141e-03
1.668293238673434e-01 4.920853132137640e-02 3.523896120887294e-03
1.669776646613530e-01 4.043614797450991e-02 3.227155935684836e-03
1.671260052317516e-01 4.704225644290880e-02 3.535912520360287e-03
1.672743455783411e-01 4.606230213878838e-02 3.462254644328650e-03
1.674226857009234e-01 4.562111921951596e-02 3.519745762295644e-03
1.675710255993005e-01 4.649251011484413e-02 3.524588095913571e-03
1.677193652732740e-01 4.505148214333084e-02 3.507253128149477e-03
1.678677047226461e-01 4.711107362191241e-02 3.667592107297459e-03
1.680160439472184e-01 5.847715015612500e-02 4.006788306986613e-03
1.681643829467930e-01 4.357542934073404e-02 3.557918906916706e-03
1.683127217211718e-01 4.339955549500576e-02 3.520168784421616e-03
1.684610602701565e-01 5.112871093123655e-02 3.853971594851235e-03
1.686093985935492e-01 4.725775297504099e-02 3.771579283879096e-03
1.687577366911517e-01 4.547885289998304e-02 3.688822074416076e-03
1.689060745627659e-01 4.410667207881998e-02 3.688385211391607e-03
1.690544122081938e-01 4.661564889073238e-02 3.768651846729339e-03
1.692027496272371e-01 4.590736729193753e-02 3.786375837683880e-03
1.693510868196979e-01 4.055787687242306e-02 3.627606788392181e-03
1.694994237853780e-01 5.471114730409430e-02 4.159611503181590e-03
1.696477605240793e-01 4.524085201823183e-02 3.908214360494923e-03
1.697960970356038e-01 4.506882495794261e-02 3.836513157907152e-03
1.699444333197534e-01 4.363846887213945e-02 3.812710728006467e-03
1.700927693763299e-01 4.363386636465463e-02 3.918436873509866e-03
1.702411052051354e-01 4.758849243442593e-02 4.021961685707090e-03
1.703894408059716e-01 4.026200131868377e-02 3.804401527678281e-03
1.705377761786405e-01 4.457587863711798e-02 4.003032072864218e-03
1.706861113229442e-01 4.354373861215356e-02 3.942264860731742e-03
1.708344462386844e-01 4.883268353925684e-02 4.299478048045106e-03
1.709827809256630e-01 4.325625295479370e-02 4.016242260356259e-03
1.711311153836821e-01 3.737803651230567e-02 3.834905630507409e-03
1.712794496125435e-01 4.338362194943805e-02 4.099366951837725e-03
1.714277836120492e-01 5.229286645635767e-02 4.500653353576038e-03
1.715761173820012e-01 4.164070184216778e-02 4.164070184216779e-03
1.717244509222012e-01 4.150646275468915e-02 4.089753298523098e-03
1.718727842324513e-01 4.996904878323490e-02 4.639509706094204e-03
1.720211173125535e-01 4.695377232921177e-02 4.497355732720860e-03
1.721694501623096e-01 4.446416821940587e-02 4.339258500891403e-03
1.723177827815215e-01 4.406388957534935e-02 4.474010130120222e-03
1.724661151699914e-01 4.283096828623656e-02 4.371417395442003e-03
1.726144473275209e-01 4.714110073425442e-02 4.714110073425441e-03
1.727627792539122e-01 5.282508039651615e-02 5.013934743462189e-03
1.729111109489672e-01 4.950276736247122e-02 4.808133808672889e-03
1.730594424124878e-01 5.251936225193271e-02 5.174886529734590e-03
1.732077736442759e-01 4.754425546300279e-02 4.802695063479261e-03
1.733561046441336e-01 3.880655693093806e-02 4.541963941928944e-03
1.735044354118627e-01 4.465421352064604e-02 4.872174132311453e-03
1.736527659472653e-01 3.955981744803108e-02 4.537822275812753e-03
1.738010962501432e-01 4.656332747425988e-02 5.142059312105350e-03
1.739494263202985e-01 4.552868214935599e-02 5.027801849930007e-03
1.740977561575331e-01 4.467960376070822e-02 5.125102042904394e-03
1.742460857616490e-01 4.461670913365854e-02 5.151893805734598e-03
1.743944151324481e-01 4.402191204625007e-02 5.117443328364665e-03
1.745427442697323e-01 5.061989705790589e-02 5.731574690943044e-03
1.746910731733038e-01 5.184494263649318e-02 5.690721762702618e-03
1.748394018429644e-01 5.132170535873942e-02 5.887003349181972e-03
1.749877302785161e-01 4.517947669276464e-02 5.561209147778411e-03
1.751360584797609e-01 4.860226673272516e-02 5.768027870504353e-03
1.752843864465008e-01 4.176718213532389e-02 5.581374484334544e-03
1.754327141785377e-01 4.128085022044568e-02 5.467782184413595e-03
1.755810416756736e-01 3.966004848778609e-02 5.608777845580166e-03
1.757293689377105e-01 4.997176674855461e-02 6.295850828152488e-03
1.758776959644504e-01 4.915266146738922e-02 6.345581309498984e-03
1.760260227556953e-01 4.551019454551225e-02 6.372701904232096e-03
1.761743493112470e-01 5.336002216148462e-02 6.722730885342074e-03
1.763226756309078e-01 4.525783268631216e-02 6.532405471095341e-03
1.764710017144794e-01 4.132324506566948e-02 6.301735794018457e-03
1.766193275617640e-01 4.297626619172117e-02 6.553819152470932e-03
1.767676531725635e-01 4.571952935317606e-02 6.972162862638904e-03
1.769159785466800e-01 3.508715535081519e-02 6.107889757623329e-03
1.770643036839153e-01 3.807445459404917e-02 6.730676258357866e-03
1.772126285840715e-01 4.764851061131630e-02 7.441447150558432e-03
1.773609532469506e-01 4.100343371395593e-02 7.248451507767835e-03
1.775092776723547e-01 4.997304156500446e-02 8.215517425855261e-03
1.776576018600856e-01 5.691386343331808e-02 8.888452155995664e-03
1.778059258099455e-01 4.684992682996298e-02 8.553587247412408e-03
1.779542495217363e-01 4.513723044596651e-02 8.530134759302890e-03
1.781025729952601e-01 5.341991552594612e-02 9.594500062282353e-03
1.782508962303188e-01 3.701746410063025e-02 8.277356608366739e-03
1.783992192267145e-01 6.996315731729809e-02 1.182593201619101e-02
1.785475419842491e-01 6.133147095637603e-02 1.180324708881981e-02
1.786958645027247e-01 5.247259352008801e-02 1.145045865316441e-02
1.788441867819434e-01 3.682295187850709e-02 9.841347849931247e-03
1.789925088217071e-01 4.997411374045316e-02 1.212050291167760e-02
1.791408306218179e-01 4.997422144942643e-02 1.386035522209995e-02
1.792891521820777e-01 4.580980181043852e-02 1.381217493870619e-02
1.794374735022887e-01 5.451756778410256e-02 1.573786621785764e-02
1.795857945822528e-01 2.855688292140307e-02 1.427844146070153e-02
1.797341154217720e-01 9.162019749453150e-02 2.762452893705644e-02
1.798824360206485e-01 3.748107100092564e-02 2.163970643189989e-02
1.800307563786842e-01 2.498743478982601e-02 2.498743478982601e-02
