<X> <Y> <dY>
1.039265947336785e-03 3.474359401212583e+04 3.039435591664546e+01
1.187732507260276e-03 3.400804215675703e+04 1.344811424437915e+01
1.336199065591062e-03 3.329360286132753e+04 8.252096565581883e+00
1.484665622130054e-03 3.260975673322383e+04 7.141754262710150e+00
1.633132176678164e-03 3.195282259411920e+04 5.662226852728589e+00
1.781598729036305e-03 3.137319025976591e+04 5.363347482168671e+00
1.930065279005388e-03 3.078158886294161e+04 5.018332504058250e+00
2.078531826386324e-03 3.026184431827618e+04 4.663397513692193e+00
2.226998370980027e-03 2.967866122583856e+04 4.618244262179901e+00
2.375464912587407e-03 2.914615498297025e+04 4.173171604097372e+00
2.523931451009377e-03 2.861617645787002e+04 4.206561041429486e+00
2.672397986046849e-03 2.806574144676992e+04 3.863304012753220e+00
2.820864517500735e-03 2.751977315190134e+04 3.715695568958978e+00
2.969331045171946e-03 2.696930497590714e+04 3.661117170705658e+00
3.117797568861397e-03 2.645228089004040e+04 3.452718780772148e+00
3.266264088369997e-03 2.588285339179082e+04 3.358898010117291e+00
3.414730603498659e-03 2.526543903379045e+04 3.227299230909605e+00
3.563197114048295e-03 2.475399837367422e+04 3.111171121482339e+00
3.711663619819818e-03 2.421783523133399e+04 3.022238873143325e+00
3.860130120614143e-03 2.366183498777141e+04 2.858475957749136e+00
4.008596616232176e-03 2.303700402196133e+04 2.848362301724695e+00
4.157063106474833e-03 2.250327410813856e+04 2.734850421779133e+00
4.305529591143026e-03 2.194981999665738e+04 2.635915999687532e+00
4.453996070037668e-03 2.137564597994263e+04 2.593504517201026e+00
4.602462542959671e-03 2.081007093654920e+04 2.452441279941213e+00
4.750929009709947e-03 2.023629091308270e+04 2.405358124830205e+00
4.899395470089409e-03 1.967795372937121e+04 2.322522212386583e+00
5.047861923898970e-03 1.911220012828957e+04 2.271396832361010e+00
5.196328370939542e-03 1.854444333818394e+04 2.209540752402320e+00
5.344794811012039e-03 1.798398215349145e+04 2.114009130194888e+00
5.493261243917372e-03 1.741830792863440e+04 2.070841856198847e+00
5.641727669456453e-03 1.687022721125453e+04 1.996825202698112e+00
5.790194087430198e-03 1.631241842933873e+04 1.954866505173590e+00
5.938660497639517e-03 1.576868752618947e+04 1.873137661960746e+00
6.087126899885325e-03 1.523358704366265e+04 1.844945320493235e+00
6.235593293968535e-03 1.469927736688986e+04 1.775387086811576e+00
6.384059679690060e-03 1.416915627890635e+04 1.708964587082168e+00
6.532526056850811e-03 1.363061448941562e+04 1.660163194237315e+00
6.680992425251704e-03 1.312567704395109e+04 1.622963958833605e+00
6.829458784693651e-03 1.262947091951407e+04 1.586017302819205e+00
6.977925134977566e-03 1.212891723519251e+04 1.507033260400541e+00
7.126391475904362e-03 1.164061670121358e+04 1.481611874222472e+00
7.274857807274953e-03 1.115418659869324e+04 1.415611641981555e+00
7.423324128890250e-03 1.068350307458817e+04 1.373866833816549e+00
7.571790440551172e-03 1.021764132664043e+04 1.345816245922907e+00
7.720256742058629e-03 9.770510690909137e+03 1.290483399730949e+00
7.868723033213537e-03 9.336043094081469e+03 1.261465084582114e+00
8.017189313816805e-03 8.913618266089092e+03 1.211425978623279e+00
8.165655583669350e-03 8.502505822503046e+03 1.163513388624999e+00
8.314121842572089e-03 8.091430640747370e+03 1.133343153501365e+00
8.462588090325933e-03 7.697306400395076e+03 1.084553445204424e+00
8.611054326731796e-03 7.312465787539991e+03 1.069457869133624e+00
8.759520551590594e-03 6.930122263015407e+03 1.014612417070564e+00
8.907986764703241e-03 6.562353445980641e+03 9.845773020765410e-01
9.056452965870650e-03 6.195951448617470e+03 9.475284428919554e-01
9.204919154893739e-03 5.850162792222707e+03 9.072132493953464e-01
9.353385331573419e-03 5.516441067025084e+03 8.892295153829993e-01
9.501851495710607e-03 5.195058348772007e+03 8.438217385402923e-01
9.650317647106216e-03 4.890620531419981e+03 8.145360914565459e-01
9.798783785561163e-03 4.596777109640173e+03 7.837121772664040e-01
9.947249910876360e-03 4.314780857956130e+03 7.499299939474701e-01
1.009571602285273e-02 4.045689813387779e+03 7.297549816051461e-01
1.024418212129118e-02 3.787939128299907e+03 6.900853352705799e-01
1.039264820599262e-02 3.537579870938061e+03 6.749158302482957e-01
1.054111427675798e-02 3.301030357687976e+03 6.382012712403891e-01
1.068958033338818e-02 3.074422019789797e+03 6.088832329476899e-01
1.083804637568411e-02 2.853757110906115e+03 5.906571582780220e-01
1.098651240344671e-02 2.649240219444789e+03 5.570630705932689e-01
1.113497841647688e-02 2.452767421929931e+03 5.401894240900906e-01
1.128344441457554e-02 2.266552417052127e+03 5.107796419483120e-01
1.143191039754362e-02 2.089798398903202e+03 4.852358837758730e-01
1.158037636518202e-02 1.922885092040405e+03 4.709750998192446e-01
1.172884231729166e-02 1.767260484438910e+03 4.406556839627118e-01
1.187730825367346e-02 1.618602318118138e+03 4.212801674600441e-01
1.202577417412833e-02 1.477250372978248e+03 3.987818792342687e-01
1.217424007845719e-02 1.345647038401268e+03 3.786929104399847e-01
1.232270596646097e-02 1.223824915342939e+03 3.629677760071155e-01
1.247117183794057e-02 1.110254538578597e+03 3.376123545290876e-01
1.261963769269691e-02 1.002584392495506e+03 3.223842022990930e-01
1.276810353053091e-02 9.036637651865525e+02 3.011185409716134e-01
1.291656935124349e-02 8.113378691759470e+02 2.869506822665925e-01
1.306503515463557e-02 7.266339936602935e+02 2.695095166056049e-01
1.321350094050805e-02 6.492556313131465e+02 2.510092252723060e-01
1.336196670866187e-02 5.772032935603577e+02 2.373221552899736e-01
1.351043245889793e-02 5.124756441509226e+02 2.213968252840309e-01
1.365889819101716e-02 4.532698767368553e+02 2.085910892111716e-01
1.380736390482048e-02 3.993457553012806e+02 1.928540321566173e-01
1.395582960010879e-02 3.510198110184098e+02 1.806508782205556e-01
1.410429527668303e-02 3.075602405390316e+02 1.689507403485593e-01
1.425276093434411e-02 2.695169920864837e+02 1.566603178396310e-01
1.440122657289295e-02 2.350184017064714e+02 1.450541306388352e-01
1.454969219213047e-02 2.048125586412513e+02 1.341754408398451e-01
1.469815779185758e-02 1.792835438852216e+02 1.264793279091842e-01
1.484662337187521e-02 1.573945104369289e+02 1.174283472753238e-01
1.499508893198428e-02 1.385996396448092e+02 1.092092326439787e-01
1.514355447198570e-02 1.228907539516401e+02 1.023386989594879e-01
1.529201999168039e-02 1.102732635276031e+02 9.648003688939386e-02
1.544048549086928e-02 1.001789274976844e+02 9.203129393693697e-02
1.558895096935328e-02 9.282304417145468e+01 8.748241203989238e-02
1.573741642693332e-02 8.737705312209980e+01 8.487730527839435e-02
1.588588186341031e-02 8.410444551790481e+01 8.257153175148489e-02
1.603434727858518e-02 8.285408818834807e+01 8.127685320828601e-02
1.618281267225884e-02 8.298146167427743e+01 8.233280555596123e-02
1.633127804423223e-02 8.455068385838986e+01 8.149615874917741e-02
1.647974339430625e-02 8.749173308839585e+01 8.277926703243527e-02
1.662820872228182e-02 9.165659512913507e+01 8.435475562491573e-02
1.677667402795988e-02 9.640110411361643e+01 8.600969899115933e-02
1.692513931114134e-02 1.021153893289322e+02 8.858611108092192e-02
1.707360457162713e-02 1.083602686411781e+02 8.971223056891547e-02
1.722206980921815e-02 1.152973199597507e+02 9.406242333555861e-02
1.737053502371535e-02 1.224751390370972e+02 9.491351157649994e-02
1.751900021491964e-02 1.298095100642762e+02 9.724450961158118e-02
1.766746538263194e-02 1.372229157142336e+02 1.006747093678430e-01
1.781593052665317e-02 1.449440978661070e+02 1.019916273791120e-01
1.796439564678426e-02 1.523288402126464e+02 1.053423596227202e-01
1.811286074282614e-02 1.594360300577871e+02 1.064672137338218e-01
1.826132581457971e-02 1.665830243110771e+02 1.082500168529291e-01
1.840979086184591e-02 1.736482431113806e+02 1.105217737448689e-01
1.855825588442566e-02 1.797917265483177e+02 1.113605219772077e-01
1.870672088211989e-02 1.860088534753698e+02 1.137872948720515e-01
1.885518585472951e-02 1.916326516292426e+02 1.164124762871547e-01
1.900365080205546e-02 1.966447002625899e+02 1.190382915048060e-01
1.915211572389865e-02 2.012475136702022e+02 1.205869046254135e-01
1.930058062006001e-02 2.052279708710838e+02 1.225250569772902e-01
1.944904549034047e-02 2.087037677877798e+02 1.263707712781117e-01
1.959751033454094e-02 2.119375847513729e+02 1.275296940448131e-01
1.974597515246237e-02 2.140345598512064e+02 1.307310753336656e-01
1.989443994390566e-02 2.160116997987375e+02 1.322300007430936e-01
2.004290470867175e-02 2.167650186146699e+02 1.325613075450640e-01
2.019136944656156e-02 2.170298571261642e+02 1.332530679292287e-01
2.033983415737602e-02 2.169545278600079e+02 1.341620081422092e-01
2.048829884091604e-02 2.165275451670525e+02 1.348742306078735e-01
2.063676349698258e-02 2.151566726511502e+02 1.339187488648036e-01
2.078522812537653e-02 2.136014292523619e+02 1.351391714538849e-01
2.093369272589884e-02 2.109817500281045e+02 1.344160307538325e-01
2.108215729835043e-02 2.084298724737964e+02 1.337083757745903e-01
2.123062184253223e-02 2.052269346276440e+02 1.337601643092718e-01
2.137908635824515e-02 2.015586636464172e+02 1.322345938026035e-01
2.152755084529015e-02 1.972252310094552e+02 1.312342622386094e-01
2.167601530346813e-02 1.926986453151928e+02 1.304715390425558e-01
2.182447973258003e-02 1.881437289406582e+02 1.298949550801458e-01
2.197294413242678e-02 1.830651557236676e+02 1.270629701611851e-01
2.212140850280929e-02 1.775068837840931e+02 1.236915095934789e-01
2.226987284352852e-02 1.720472694577757e+02 1.215775809008944e-01
2.241833715438537e-02 1.664219228536171e+02 1.175036186859634e-01
2.256680143518079e-02 1.604334402688346e+02 1.157318190543259e-01
2.271526568571569e-02 1.544340145766586e+02 1.117206979845163e-01
2.286372990579102e-02 1.479455445795230e+02 1.081231225349807e-01
2.301219409520770e-02 1.415538630971212e+02 1.067174303613503e-01
2.316065825376665e-02 1.353669571996044e+02 1.027399695256518e-01
2.330912238126882e-02 1.287550695822219e+02 1.013959016733463e-01
2.345758647751513e-02 1.223116431779459e+02 9.667288711516647e-02
2.360605054230651e-02 1.159533326331574e+02 9.536790461759509e-02
2.375451457544390e-02 1.096439527205551e+02 9.226194119126715e-02
2.390297857672821e-02 1.033312918880484e+02 8.797562267051333e-02
2.405144254596040e-02 9.727102552139382e+01 8.633515418190622e-02
2.419990648294138e-02 9.113467561319992e+01 8.285432727075472e-02
2.434837038747209e-02 8.534392978300272e+01 8.040694202740882e-02
2.449683425935346e-02 7.957386498512352e+01 7.742099047407126e-02
2.464529809838643e-02 7.408599435499087e+01 7.331485522486378e-02
2.479376190437193e-02 6.877735702498187e+01 7.192651373636161e-02
2.494222567711088e-02 6.372478000353794e+01 6.818148397677160e-02
2.509068941640423e-02 5.897149418450918e+01 6.622838299562174e-02
2.523915312205290e-02 5.434646626591818e+01 6.283567534452471e-02
2.538761679385784e-02 4.991110011031387e+01 6.009400382481411e-02
2.553608043161997e-02 4.600115306826631e+01 5.788942476326803e-02
2.568454403514022e-02 4.218810099426883e+01 5.502527943210492e-02
2.583300760421955e-02 3.863784801799360e+01 5.290964827558024e-02
2.598147113865888e-02 3.546437048553739e+01 5.007993016803226e-02
2.612993463825913e-02 3.242504689035105e+01 4.807811900202214e-02
2.627839810282126e-02 2.969167038096489e+01 4.609985425655787e-02
2.642686153214619e-02 2.729359414892248e+01 4.364450697269818e-02
2.657532492603487e-02 2.502441493935818e+01 4.173611969152399e-02
2.672378828428821e-02 2.299754898674382e+01 3.993189736367954e-02
2.687225160670718e-02 2.145186022149916e+01 3.884619656598493e-02
2.702071489309268e-02 1.997767896006323e+01 3.731532584307339e-02
2.716917814324569e-02 1.873913434333571e+01 3.576704793709427e-02
2.731764135696711e-02 1.785539433490269e+01 3.520849591431476e-02
2.746610453405790e-02 1.703904233089791e+01 3.408415218094130e-02
2.761456767431899e-02 1.661563470567474e+01 3.355064838769553e-02
2.776303077755132e-02 1.627789257184476e+01 3.333555658504948e-02
2.791149384355582e-02 1.606684559494886e+01 3.284582257302467e-02
2.805995687213344e-02 1.605783575480826e+01 3.294076160921033e-02
2.820841986308512e-02 1.629834151881670e+01 3.314444684821691e-02
2.835688281621178e-02 1.659455295530888e+01 3.321356009329977e-02
2.850534573131439e-02 1.707970112250887e+01 3.369557394837012e-02
2.865380860819386e-02 1.758530174976155e+01 3.414801955328201e-02
2.880227144665114e-02 1.831395062694665e+01 3.487005478734835e-02
2.895073424648718e-02 1.909726355493572e+01 3.560797337807367e-02
2.909919700750293e-02 1.997306737817964e+01 3.594715252927784e-02
2.924765972949930e-02 2.086128038132007e+01 3.696328504695955e-02
2.939612241227725e-02 2.180918393498296e+01 3.756314714418670e-02
2.954458505563771e-02 2.293529649437887e+01 3.859121732694017e-02
2.969304765938165e-02 2.394965711919910e+01 3.924417669584949e-02
2.984151022330999e-02 2.501695190557220e+01 4.010909353534056e-02
2.998997274722367e-02 2.613874777034243e+01 4.107307955585307e-02
3.013843523092363e-02 2.713092451617290e+01 4.166873791366069e-02
3.028689767421083e-02 2.820082637793083e+01 4.202964416175295e-02
3.043536007688621e-02 2.923767476433174e+01 4.320436584517335e-02
3.058382243875071e-02 3.022575119548220e+01 4.374492825216954e-02
3.073228475960527e-02 3.127045608192789e+01 4.428412437403589e-02
3.088074703925083e-02 3.214738816459536e+01 4.506047464904642e-02
3.102920927748836e-02 3.286783303057565e+01 4.508326410111488e-02
3.117767147411878e-02 3.379444293840284e+01 4.595544639166421e-02
3.132613362894304e-02 3.441141577785834e+01 4.615660883885277e-02
3.147459574176209e-02 3.509297228922200e+01 4.650332067290952e-02
3.162305781237687e-02 3.563058899033796e+01 4.691257744953824e-02
3.177151984058834e-02 3.614786805345877e+01 4.692601494678757e-02
3.191998182619744e-02 3.657354113451172e+01 4.764009627575231e-02
3.206844376900511e-02 3.691820598897569e+01 4.715411103104100e-02
3.221690566881231e-02 3.707190693282405e+01 4.717211030652464e-02
3.236536752541998e-02 3.717524600033696e+01 4.761551333872149e-02
3.251382933862906e-02 3.716177841998905e+01 4.725594821568820e-02
3.266229110824052e-02 3.728041847170307e+01 4.771020356720550e-02
3.281075283405527e-02 3.711444011809448e+01 4.683065643183468e-02
3.295921451587431e-02 3.686218790464329e+01 4.682760262011676e-02
3.310767615349856e-02 3.657658662214902e+01 4.690894550387496e-02
3.325613774672897e-02 3.626672237524287e+01 4.621581129291711e-02
3.340459929536650e-02 3.571274950091861e+01 4.588690483830232e-02
3.355306079921208e-02 3.511963853625468e+01 4.537867933449823e-02
3.370152225806669e-02 3.460573688195019e+01 4.580942274524824e-02
3.384998367173125e-02 3.404474300103611e+01 4.569788861728440e-02
3.399844504000674e-02 3.326055135635237e+01 4.551101579336525e-02
3.414690636269409e-02 3.251511117046344e+01 4.529076596357384e-02
3.429536763959428e-02 3.178518097572244e+01 4.523798386867023e-02
3.444382887050824e-02 3.092238077776163e+01 4.432561230241118e-02
3.459229005523692e-02 2.997792010724453e+01 4.295611324254478e-02
3.474075119358127e-02 2.899890437585302e+01 4.186302918533358e-02
3.488921228534227e-02 2.805963481351437e+01 4.101667768395368e-02
3.503767333032085e-02 2.702225243596608e+01 4.018344289376324e-02
3.518613432831797e-02 2.602672765981654e+01 3.930404468577151e-02
3.533459527913459e-02 2.505959734479094e+01 3.833230709570802e-02
3.548305618257167e-02 2.400551120120879e+01 3.766308369433000e-02
3.563151703843015e-02 2.289865400800685e+01 3.648179294625888e-02
3.577997784651099e-02 2.188952157208971e+01 3.568838323851486e-02
3.592843860661515e-02 2.086583848649090e+01 3.465483742962010e-02
3.607689931854360e-02 1.981547073149090e+01 3.366221949926678e-02
3.622535998209726e-02 1.884630946958496e+01 3.297082528974833e-02
3.637382059707712e-02 1.787294501828694e+01 3.185007641419328e-02
3.652228116328413e-02 1.694347426275410e+01 3.114409291254652e-02
3.667074168051924e-02 1.597253815016985e+01 2.991825546785930e-02
3.681920214858341e-02 1.510101546272929e+01 2.905998054068223e-02
3.696766256727761e-02 1.418971042005511e+01 2.833384002074636e-02
3.711612293640280e-02 1.340232952479036e+01 2.724816272385682e-02
3.726458325575990e-02 1.263456646279388e+01 2.662311055199847e-02
3.741304352514992e-02 1.188200889245116e+01 2.579087185425372e-02
3.756150374437381e-02 1.122324141032953e+01 2.478043966821578e-02
3.770996391323252e-02 1.053486223040315e+01 2.408290947485657e-02
3.785842403152700e-02 9.959670999859066e+00 2.324837720171788e-02
3.800688409905824e-02 9.411256742017985e+00 2.285726904533462e-02
3.815534411562716e-02 8.908786310215957e+00 2.196528844850589e-02
3.830380408103477e-02 8.496925591300286e+00 2.145154848848414e-02
3.845226399508201e-02 8.097842186023536e+00 2.089920572311487e-02
3.860072385756984e-02 7.751726035372321e+00 2.036524786645074e-02
3.874918366829922e-02 7.463346989803579e+00 2.004343400396278e-02
3.889764342707114e-02 7.246826996850064e+00 1.958280067218119e-02
3.904610313368653e-02 7.034938904568442e+00 1.932325538226163e-02
3.919456278794636e-02 6.894014921541337e+00 1.900584486847495e-02
3.934302238965163e-02 6.792174222921030e+00 1.879103866435547e-02
3.949148193860327e-02 6.740267445552875e+00 1.873742860117363e-02
3.963994143460225e-02 6.732669184141574e+00 1.859080351996188e-02
3.978840087744954e-02 6.746672223151625e+00 1.862812060107216e-02
3.993686026694612e-02 6.784183890913305e+00 1.871607609742319e-02
4.008531960289294e-02 6.881023883823045e+00 1.881269336787655e-02
4.023377888509096e-02 7.040009561777306e+00 1.895560209535952e-02
4.038223811334118e-02 7.146045456655651e+00 1.896183301232323e-02
4.053069728744454e-02 7.337315078257622e+00 1.937032665815465e-02
4.067915640720204e-02 7.538569258379859e+00 1.961533551959990e-02
4.082761547241460e-02 7.733746368006239e+00 1.986764291140427e-02
4.097607448288322e-02 7.955023424773930e+00 2.007296056720895e-02
4.112453343840888e-02 8.266178984122980e+00 2.044231091334798e-02
4.127299233879253e-02 8.542102235896053e+00 2.073148698903087e-02
4.142145118383515e-02 8.762181370037871e+00 2.091784728961727e-02
4.156990997333770e-02 9.009133618012452e+00 2.129069319562359e-02
4.171836870710118e-02 9.313291832037898e+00 2.164711390720795e-02
4.186682738492653e-02 9.563700613740943e+00 2.183316897254752e-02
4.201528600661474e-02 9.832942994065542e+00 2.216955908606137e-02
4.216374457196678e-02 1.015636508353803e+01 2.238442745987645e-02
4.231220308078361e-02 1.041212216280168e+01 2.266452265593828e-02
4.246066153286622e-02 1.065803025427441e+01 2.278314088120139e-02
4.260911992801558e-02 1.087249195728219e+01 2.319246271734593e-02
4.275757826603267e-02 1.110416748130391e+01 2.344917265882119e-02
4.290603654671846e-02 1.130452418555247e+01 2.394005671364747e-02
4.305449476987392e-02 1.151073666816590e+01 2.437922158373707e-02
4.320295293530004e-02 1.169226188774952e+01 2.469085799842331e-02
4.335141104279778e-02 1.182218912736927e+01 2.520104023697916e-02
4.349986909216812e-02 1.196600782425482e+01 2.517648012063766e-02
4.364832708321206e-02 1.207139974972050e+01 2.558183264608170e-02
4.379678501573054e-02 1.218587858635647e+01 2.575541766316237e-02
4.394524288952457e-02 1.222743715276594e+01 2.560350685926462e-02
4.409370070439510e-02 1.229890243065472e+01 2.603497750484297e-02
4.424215846014314e-02 1.226372202457992e+01 2.571937983747757e-02
4.439061615656966e-02 1.226229174295457e+01 2.588912180968287e-02
4.453907379347562e-02 1.227239693250566e+01 2.591311349980575e-02
4.468753137066204e-02 1.219573304263576e+01 2.577906701521731e-02
4.483598888792985e-02 1.213052804743212e+01 2.574967190395005e-02
4.498444634508008e-02 1.199011312953995e+01 2.548263188965570e-02
4.513290374191368e-02 1.184916358707825e+01 2.570148175827059e-02
4.528136107823164e-02 1.174641250778270e+01 2.541721761607763e-02
4.542981835383494e-02 1.157542584314350e+01 2.527078369186051e-02
4.557827556852459e-02 1.141190407335298e+01 2.524930565993390e-02
4.572673272210154e-02 1.122317680389887e+01 2.485754969177434e-02
4.587518981436679e-02 1.095950695181661e+01 2.488798827275613e-02
4.602364684512131e-02 1.073004484993349e+01 2.441934534560648e-02
4.617210381416612e-02 1.047944075350916e+01 2.427240571558237e-02
4.632056072130217e-02 1.020829628742356e+01 2.396901502356756e-02
4.646901756633046e-02 9.939669662583482e+00 2.367662028123759e-02
4.661747434905197e-02 9.670245371809791e+00 2.351619075132299e-02
4.676593106926771e-02 9.366469914290075e+00 2.292311463593489e-02
4.691438772677863e-02 9.047210405072176e+00 2.264883522795944e-02
4.706284432138574e-02 8.766374587767258e+00 2.230644108738699e-02
4.721130085289003e-02 8.458539367762022e+00 2.176086111463613e-02
4.735975732109249e-02 8.179331358161726e+00 2.147797689572632e-02
4.750821372579410e-02 7.845888280117834e+00 2.088120374772229e-02
4.765667006679587e-02 7.610331655700135e+00 2.059767345941931e-02
4.780512634389875e-02 7.272259879928781e+00 2.018795268538560e-02
4.795358255690377e-02 6.986468574910327e+00 1.946189681886630e-02
4.810203870561192e-02 6.700025666251925e+00 1.933671618507214e-02
4.825049478982417e-02 6.393394853323386e+00 1.877124909764070e-02
4.839895080934152e-02 6.130704389472320e+00 1.840065305314674e-02
4.854740676396496e-02 5.872977322197478e+00 1.790774916794044e-02
4.869586265349549e-02 5.588209338946416e+00 1.744136608566171e-02
4.884431847773410e-02 5.324458673587539e+00 1.716594079261460e-02
4.899277423648181e-02 5.092492060592666e+00 1.670118424301436e-02
4.914122992953956e-02 4.870984614410119e+00 1.631713057099567e-02
4.928968555670842e-02 4.653026917961973e+00 1.598902798178404e-02
4.943814111778932e-02 4.440080783879655e+00 1.553882216293954e-02
4.958659661258329e-02 4.298827034407194e+00 1.536049864933772e-02
4.973505204089131e-02 4.136714003743529e+00 1.502165514436141e-02
4.988350740251437e-02 3.978928896293046e+00 1.471730481258060e-02
5.003196269725350e-02 3.867125922686578e+00 1.453139427799177e-02
5.018041792490967e-02 3.726273378494402e+00 1.431584075942252e-02
5.032887308528391e-02 3.607086901491732e+00 1.392749551846272e-02
5.047732817817720e-02 3.500741484808011e+00 1.378351505653305e-02
5.062578320339053e-02 3.447273059899837e+00 1.365002440823549e-02
5.077423816072490e-02 3.363605262164239e+00 1.351085212881109e-02
5.092269304998134e-02 3.329439563003859e+00 1.350421528812673e-02
5.107114787096082e-02 3.282925046770068e+00 1.319391101010027e-02
5.121960262346438e-02 3.259801724787057e+00 1.332798056830308e-02
5.136805730729297e-02 3.262234638679213e+00 1.324503934822064e-02
5.151651192224765e-02 3.233638379638395e+00 1.321361186970875e-02
5.166496646812937e-02 3.236032899681617e+00 1.320510802960093e-02
5.181342094473917e-02 3.276620106728460e+00 1.326751705673008e-02
5.196187535187805e-02 3.299839717788887e+00 1.334142769729347e-02
5.211032968934701e-02 3.340415151771138e+00 1.341640388889780e-02
5.225878395694704e-02 3.395002958757128e+00 1.344410663795139e-02
5.240723815447917e-02 3.435603709722316e+00 1.356505810210746e-02
5.255569228174441e-02 3.495603669717400e+00 1.362821394551313e-02
5.270414633854377e-02 3.551970483211758e+00 1.390536580067784e-02
5.285260032467823e-02 3.584276012672955e+00 1.377935948298270e-02
5.300105423994882e-02 3.685360433145668e+00 1.400023374779642e-02
5.314950808415651e-02 3.751570323703976e+00 1.409727366317639e-02
5.329796185710238e-02 3.838387037356788e+00 1.425236484746570e-02
5.344641555858739e-02 3.905602713760666e+00 1.447781172164241e-02
5.359486918841256e-02 3.991797576260885e+00 1.450556106670111e-02
5.374332274637892e-02 4.043961010760165e+00 1.471718861254769e-02
5.389177623228746e-02 4.107547952450936e+00 1.477305869051737e-02
5.404022964593919e-02 4.181131267542129e+00 1.483090337499327e-02
5.418868298713515e-02 4.255100690363821e+00 1.500611648407971e-02
5.433713625567634e-02 4.297555596886983e+00 1.503598000338122e-02
5.448558945136375e-02 4.389936033269227e+00 1.519673274523940e-02
5.463404257399841e-02 4.410301729545588e+00 1.532315721704951e-02
5.478249562338136e-02 4.487318912249592e+00 1.530394404953177e-02
5.493094859931359e-02 4.508738139592161e+00 1.536306221478972e-02
5.507940150159613e-02 4.526615461432424e+00 1.535575629032281e-02
5.522785433002999e-02 4.588603820274093e+00 1.551381929781150e-02
5.537630708441618e-02 4.607770761685861e+00 1.553853179135079e-02
5.552475976455573e-02 4.631024115569099e+00 1.554709111362057e-02
5.567321237024965e-02 4.616799901922183e+00 1.554610268337962e-02
5.582166490129895e-02 4.622705536424147e+00 1.548760229738989e-02
5.597011735750466e-02 4.625767339827307e+00 1.550787271223136e-02
5.611856973866784e-02 4.614681208708843e+00 1.546662194974193e-02
5.626702204458946e-02 4.582777259308952e+00 1.548111880538305e-02
5.641547427507055e-02 4.584527393823659e+00 1.546129237459086e-02
5.656392642991215e-02 4.550405353390953e+00 1.534359850560054e-02
5.671237850891524e-02 4.511796600535902e+00 1.520459890576679e-02
5.686083051188091e-02 4.470817686930603e+00 1.515731730321355e-02
5.700928243861012e-02 4.396615905729261e+00 1.511891524122895e-02
5.715773428890394e-02 4.377744962779482e+00 1.499148608116405e-02
5.730618606256337e-02 4.294720985708537e+00 1.491357422777032e-02
5.745463775938945e-02 4.199192341401578e+00 1.469678189829654e-02
5.760308937918321e-02 4.137095891001302e+00 1.453160951900033e-02
5.775154092174565e-02 4.065843794359597e+00 1.446855368345677e-02
5.789999238687781e-02 3.976449619090146e+00 1.428788518825602e-02
5.804844377438072e-02 3.913742131142190e+00 1.413391525736375e-02
5.819689508405541e-02 3.831874841865893e+00 1.399202858950994e-02
5.834534631570294e-02 3.713915571261133e+00 1.376837534840955e-02
5.849379746912427e-02 3.648685608297527e+00 1.364693296696582e-02
5.864224854412050e-02 3.548467971454107e+00 1.340046707198029e-02
5.879069954049263e-02 3.444588552676657e+00 1.330452900778662e-02
5.893915045804167e-02 3.343079517559114e+00 1.295154495449445e-02
5.908760129656868e-02 3.243876574564320e+00 1.284917743696367e-02
5.923605205587471e-02 3.145886510234014e+00 1.259948186382521e-02
5.938450273576075e-02 3.059875085760462e+00 1.242016140261273e-02
5.953295333602786e-02 2.968492516785946e+00 1.228581335112859e-02
5.968140385647707e-02 2.889028569251077e+00 1.205133104387896e-02
5.982985429690942e-02 2.775196958136536e+00 1.186209095082280e-02
5.997830465712594e-02 2.697277505071646e+00 1.159532298847219e-02
6.012675493692765e-02 2.596101874306661e+00 1.139715973413415e-02
6.027520513611563e-02 2.547937730499330e+00 1.144265461733700e-02
6.042365525449088e-02 2.456411823157535e+00 1.141307944141055e-02
6.057210529185447e-02 2.375216558646365e+00 1.135960252579711e-02
6.072055524800739e-02 2.300601507060002e+00 1.123729663957379e-02
6.086900512275072e-02 2.243416520929339e+00 1.123084883144996e-02
6.101745491588551e-02 2.191435117744857e+00 1.114127424551760e-02
6.116590462721274e-02 2.108021782914680e+00 1.098583829545341e-02
6.131435425653353e-02 2.087438086775907e+00 1.103954782652823e-02
6.146280380364888e-02 2.030330562443731e+00 1.088152563676782e-02
6.161125326835982e-02 1.977073729991200e+00 1.086977171158507e-02
6.175970265046742e-02 1.949849236977307e+00 1.071669316033655e-02
6.190815194977271e-02 1.885156950965603e+00 1.068030452859042e-02
6.205660116607675e-02 1.883948177734903e+00 1.067688382844893e-02
6.220505029918055e-02 1.850861534685477e+00 1.073021808237814e-02
6.235349934888521e-02 1.841447635510219e+00 1.065935332183520e-02
6.250194831499173e-02 1.799470951221106e+00 1.051280094596253e-02
6.265039719730119e-02 1.795472499386305e+00 1.060573238995323e-02
6.279884599561461e-02 1.768441177504192e+00 1.056298874285679e-02
6.294729470973306e-02 1.758130054263428e+00 1.059518288690253e-02
6.309574333945757e-02 1.791982414726147e+00 1.065204157458300e-02
6.324419188458920e-02 1.784142109483566e+00 1.030848353591826e-02
6.339264034492902e-02 1.800421400536043e+00 1.034383347983208e-02
6.354108872027803e-02 1.795766230104036e+00 1.017255789969769e-02
6.368953701043734e-02 1.808215163960836e+00 1.019121226572479e-02
6.383798521520795e-02 1.824079017023048e+00 1.016472144118822e-02
6.398643333439098e-02 1.823490227720796e+00 1.013613401576768e-02
6.413488136778742e-02 1.831364339195011e+00 1.017958887313245e-02
6.428332931519834e-02 1.873529119373946e+00 1.015660627022839e-02
6.443177717642481e-02 1.878666844543349e+00 1.019164937416722e-02
6.458022495126788e-02 1.913243063925161e+00 1.022145894762455e-02
6.472867263952860e-02 1.925034065135750e+00 1.033278441823288e-02
6.487712024100803e-02 1.922957870087705e+00 1.024212822815890e-02
6.502556775550723e-02 1.959501823786708e+00 1.024485965864036e-02
6.517401518282728e-02 1.992335264914618e+00 1.039863046969527e-02
6.532246252276919e-02 2.013474051973463e+00 1.036414742519928e-02
6.547090977513406e-02 2.027491034338742e+00 1.043160076566397e-02
6.561935693972293e-02 2.046794296468262e+00 1.044432345896219e-02
6.576780401633688e-02 2.068275297643754e+00 1.045196854321720e-02
6.591625100477695e-02 2.095044488841614e+00 1.062543887992120e-02
6.606469790484421e-02 2.105000215736811e+00 1.049239416761641e-02
6.621314471633973e-02 2.112888436580998e+00 1.055363025017717e-02
6.636159143906457e-02 2.119938800403650e+00 1.054513228258790e-02
6.651003807281980e-02 2.137964227215198e+00 1.057944498810408e-02
6.665848461740648e-02 2.131464457642053e+00 1.062100742086830e-02
6.680693107262567e-02 2.151484720367791e+00 1.048968226454126e-02
6.695537743827844e-02 2.154771642933633e+00 1.060011519360899e-02
6.710382371416586e-02 2.151244537180785e+00 1.056042581576951e-02
6.725226990008899e-02 2.168079793065344e+00 1.058620596575724e-02
6.740071599584893e-02 2.155594230421116e+00 1.054033052036776e-02
6.754916200124669e-02 2.142443171224997e+00 1.043258815192053e-02
6.769760791608341e-02 2.141440018835746e+00 1.053121939957414e-02
6.784605374016010e-02 2.129958681337042e+00 1.042208324167910e-02
6.799449947327789e-02 2.129494053672206e+00 1.040102535416531e-02
6.814294511523777e-02 2.090927356492244e+00 1.035099868992740e-02
6.829139066584090e-02 2.078075828161382e+00 1.026000759425910e-02
6.843983612488833e-02 2.054786292393032e+00 1.026610653784587e-02
6.858828149218107e-02 2.032654405013230e+00 1.010883093421986e-02
6.873672676752028e-02 2.028030928358904e+00 1.009733178770724e-02
6.888517195070698e-02 1.989069651022797e+00 1.002358698870656e-02
6.903361704154228e-02 1.967706907016354e+00 9.931961952736979e-03
6.918206203982724e-02 1.933863024976761e+00 9.883514053990785e-03
6.933050694536295e-02 1.919262169160688e+00 9.731295644219142e-03
6.947895175795046e-02 1.871891182035737e+00 9.678025105261336e-03
6.962739647739091e-02 1.831651041232479e+00 9.519856362773201e-03
6.977584110348531e-02 1.825186438347497e+00 9.507468986868588e-03
6.992428563603478e-02 1.754036728877357e+00 9.260160584326533e-03
7.007273007484040e-02 1.760554628874582e+00 9.333280706801081e-03
7.022117441970321e-02 1.684622327633777e+00 9.125551726931835e-03
7.036961867042435e-02 1.662761514891560e+00 9.061942555611732e-03
7.051806282680488e-02 1.618525889781987e+00 8.895282319276394e-03
7.066650688864587e-02 1.592442137773874e+00 8.795070278699696e-03
7.081495085574846e-02 1.566224614705219e+00 8.778673638859558e-03
7.096339472791366e-02 1.518265368691664e+00 8.623306923476352e-03
7.111183850494258e-02 1.479274787982111e+00 8.472942320229786e-03
7.126028218663637e-02 1.431142323046164e+00 8.326366592057113e-03
7.140872577279601e-02 1.413529758485031e+00 8.244994807483738e-03
7.155716926322268e-02 1.387730853321049e+00 8.232928448770363e-03
7.170561265771742e-02 1.363868968293928e+00 8.146894442405860e-03
7.185405595608137e-02 1.303665748310023e+00 7.914534036136777e-03
7.200249915811553e-02 1.287069136218862e+00 7.910583134581891e-03
7.215094226362108e-02 1.260606393803179e+00 7.796836138204854e-03
7.229938527239907e-02 1.216364919708475e+00 7.697278908211520e-03
7.244782818425061e-02 1.200625090595472e+00 7.568033788025477e-03
7.259627099897678e-02 1.172840574592437e+00 7.517127776991908e-03
7.274471371637868e-02 1.153866382966221e+00 7.476421168808691e-03
7.289315633625741e-02 1.122440476724526e+00 7.317480683795449e-03
7.304159885841408e-02 1.120303636355766e+00 7.320369933370860e-03
7.319004128264975e-02 1.099194104200715e+00 7.254339996676937e-03
7.333848360876553e-02 1.085747234226996e+00 7.187227571002614e-03
7.348692583656254e-02 1.077065014313484e+00 7.190667438480699e-03
7.363536796584186e-02 1.057739991909538e+00 7.031316510022086e-03
7.378380999640459e-02 1.049738694857998e+00 7.102075778434121e-03
7.393225192805185e-02 1.043647186591284e+00 7.021442770774199e-03
7.408069376058472e-02 1.040928591871982e+00 7.009183124925393e-03
7.422913549380430e-02 1.028359390822282e+00 6.972929715223188e-03
7.437757712751171e-02 1.030785106211110e+00 6.910864969198511e-03
7.452601866150806e-02 1.021269086448144e+00 6.933465358366925e-03
7.467446009559441e-02 1.018633573148449e+00 6.864039066038545e-03
7.482290142957190e-02 1.022489399796461e+00 6.922314803271459e-03
7.497134266324165e-02 1.027814229483184e+00 6.862166765964388e-03
7.511978379640473e-02 1.030529433114778e+00 6.889052101528261e-03
7.526822482886228e-02 1.030019887405176e+00 6.911328790139318e-03
7.541666576041539e-02 1.040796405501967e+00 6.896473259483145e-03
7.556510659086517e-02 1.042222535119297e+00 6.907136170177208e-03
7.571354732001272e-02 1.042625562830764e+00 6.873076629232518e-03
7.586198794765918e-02 1.048303233985084e+00 6.888834920969087e-03
7.601042847360565e-02 1.056258722226783e+00 6.920820650778114e-03
7.615886889765322e-02 1.074137897349739e+00 6.952530892187187e-03
7.630730921960302e-02 1.079411766175020e+00 6.981404052908833e-03
7.645574943925618e-02 1.088227060870669e+00 6.959817517913645e-03
7.660418955641379e-02 1.086412671571888e+00 7.004014087625006e-03
7.675262957087696e-02 1.094991711173407e+00 6.996073775539184e-03
7.690106948244683e-02 1.107597857378056e+00 7.036233108828655e-03
7.704950929092451e-02 1.127445282356916e+00 7.098998816266277e-03
7.719794899611111e-02 1.120244368473184e+00 7.070356402252372e-03
7.734638859780776e-02 1.134107556062147e+00 7.119949160568491e-03
7.749482809581558e-02 1.135072945283407e+00 7.075574140086801e-03
7.764326748993566e-02 1.137762209024936e+00 7.098685001536101e-03
7.779170677996915e-02 1.145691315240222e+00 7.162249569257360e-03
7.794014596571718e-02 1.152468675166627e+00 7.135516009077309e-03
7.808858504698084e-02 1.145224298934283e+00 7.113057198183768e-03
7.823702402356127e-02 1.138042669659894e+00 7.078973352454969e-03
7.838546289525961e-02 1.145780484280249e+00 7.117747430883593e-03
7.853390166187696e-02 1.147449117762932e+00 7.111119302782657e-03
7.868234032321446e-02 1.150132579911019e+00 7.128297172034936e-03
7.883077887907322e-02 1.149346303238143e+00 7.117002358818559e-03
7.897921732925441e-02 1.151385753453708e+00 7.088169142270804e-03
7.912765567355910e-02 1.140349787262475e+00 7.074462343273217e-03
7.927609391178843e-02 1.139811752560219e+00 7.064059354237074e-03
7.942453204374357e-02 1.138849681189841e+00 7.061080847561072e-03
7.957297006922565e-02 1.134662670586758e+00 7.042298397463470e-03
7.972140798803574e-02 1.118182989119699e+00 6.982373271533708e-03
7.986984579997504e-02 1.119633473476478e+00 7.001265442514755e-03
8.001828350484462e-02 1.098207004043098e+00 6.858170238079603e-03
8.016672110244569e-02 1.101312707232218e+00 6.929510765340916e-03
8.031515859257930e-02 1.073424908967801e+00 6.846830303323688e-03
8.046359597504665e-02 1.063039324018204e+00 6.783070137284484e-03
8.061203324964886e-02 1.045394673796715e+00 6.732023987529409e-03
8.076047041618704e-02 1.040179494640233e+00 6.674540178967464e-03
8.090890747446239e-02 1.023850237517406e+00 6.673185633100344e-03
8.105734442427596e-02 1.009165019896661e+00 6.592893254023058e-03
8.120578126542898e-02 9.931722962225916e-01 6.543097010505903e-03
8.135421799772254e-02 9.724755051981360e-01 6.482449802464644e-03
8.150265462095777e-02 9.577353448934944e-01 6.358673874456339e-03
8.165109113493584e-02 9.464864601149597e-01 6.426649718979807e-03
8.179952753945788e-02 9.354654579109429e-01 6.311929682303374e-03
8.194796383432505e-02 9.189653632685059e-01 6.261033852723078e-03
8.209640001933849e-02 8.847148324609815e-01 6.163053288325423e-03
8.224483609429935e-02 8.845305538436135e-01 6.118133051615002e-03
8.239327205900873e-02 8.609573178796387e-01 6.114389748931695e-03
8.254170791326784e-02 8.527764290478379e-01 5.976491428971421e-03
8.269014365687780e-02 8.290406923560617e-01 5.942066232704810e-03
8.283857928963975e-02 8.172209780309878e-01 5.909028402714227e-03
8.298701481135486e-02 8.060311462484937e-01 5.854347181382880e-03
8.313545022182427e-02 7.861651612372375e-01 5.784067127891698e-03
8.328388552084913e-02 7.748618332567551e-01 5.703684296627288e-03
8.343232070823060e-02 7.545967797286779e-01 5.644221785557061e-03
8.358075578376983e-02 7.469526053086012e-01 5.611111949851775e-03
8.372919074726795e-02 7.354427606779077e-01 5.543608390799461e-03
8.387762559852617e-02 7.177819835300266e-01 5.531227350452437e-03
8.402606033734558e-02 7.102299405518118e-01 5.439222001337832e-03
8.417449496352740e-02 7.124084531643590e-01 5.482011646280899e-03
8.432292947687275e-02 6.948866923088618e-01 5.401344470795850e-03
8.447136387718281e-02 6.762648408894700e-01 5.303426304497516e-03
8.461979816425871e-02 6.860004492973837e-01 5.360360111263148e-03
8.476823233790162e-02 6.655191265647442e-01 5.279736626452486e-03
8.491666639791272e-02 6.638644848202219e-01 5.275249162139233e-03
8.506510034409315e-02 6.591321621536551e-01 5.235826804930737e-03
8.521353417624407e-02 6.537369586671997e-01 5.202169165629540e-03
8.536196789416668e-02 6.520643892443341e-01 5.215847528193818e-03
8.551040149766212e-02 6.422960254267264e-01 5.172578976861583e-03
8.565883498653153e-02 6.429990622587556e-01 5.149268051021776e-03
8.580726836057613e-02 6.370883618546868e-01 5.155611135719633e-03
8.595570161959706e-02 6.392478715549125e-01 5.134231233886604e-03
8.610413476339546e-02 6.340259703102991e-01 5.129149648274305e-03
8.625256779177254e-02 6.300662741640346e-01 5.093284603470263e-03
8.640100070452945e-02 6.372378324414040e-01 5.106406801792363e-03
8.654943350146739e-02 6.406148583962158e-01 5.143717500088294e-03
8.669786618238751e-02 6.455960227843579e-01 5.157676095969801e-03
8.684629874709095e-02 6.408207773173388e-01 5.142553555751878e-03
8.699473119537893e-02 6.460028589106197e-01 5.129592296903560e-03
8.714316352705261e-02 6.543292304996727e-01 5.178431779868613e-03
8.729159574191316e-02 6.502910338487856e-01 5.166412220386741e-03
8.744002783976176e-02 6.587131872214392e-01 5.179817894429787e-03
8.758845982039959e-02 6.479085173368951e-01 5.145048611395893e-03
8.773689168362783e-02 6.731037639466064e-01 5.246150199051925e-03
8.788532342924767e-02 6.624034522208351e-01 5.192327634900001e-03
8.803375505706024e-02 6.686716570640971e-01 5.230866065192852e-03
8.818218656686679e-02 6.672967223196583e-01 5.197576166945216e-03
8.833061795846844e-02 6.655144162655738e-01 5.182750575421960e-03
8.847904923166640e-02 6.765294591363838e-01 5.247410904969524e-03
8.862748038626185e-02 6.740054264152722e-01 5.219675381224048e-03
8.877591142205599e-02 6.684804190687788e-01 5.192325643818500e-03
8.892434233885001e-02 6.747028209686694e-01 5.208546523794255e-03
8.907277313644503e-02 6.674697660678885e-01 5.184475541790330e-03
8.922120381464232e-02 6.750804422120841e-01 5.239798228794540e-03
8.936963437324301e-02 6.686856671838355e-01 5.165791087424047e-03
8.951806481204833e-02 6.823438586004389e-01 5.249886279474843e-03
8.966649513085943e-02 6.749151116209312e-01 5.195652899211705e-03
8.981492532947756e-02 6.701635592662848e-01 5.191012698679377e-03
8.996335540770387e-02 6.862237254016598e-01 5.264799312045158e-03
9.011178536533952e-02 6.763401854961596e-01 5.183634682528184e-03
9.026021520218577e-02 6.844962037267486e-01 5.240299089882195e-03
9.040864491804375e-02 6.781391123884427e-01 5.196353873574541e-03
9.055707451271472e-02 6.733606493190804e-01 5.183839894895734e-03
9.070550398599986e-02 6.718596727335204e-01 5.176120726404195e-03
9.085393333770032e-02 6.661283283067915e-01 5.132879533759483e-03
9.100236256761735e-02 6.548115524637140e-01 5.100483863448838e-03
9.115079167555214e-02 6.521298713871434e-01 5.086234696751430e-03
9.129922066130586e-02 6.512674751857633e-01 5.084769521537700e-03
9.144764952467974e-02 6.446780960416447e-01 5.058983625405243e-03
9.159607826547496e-02 6.343347279864568e-01 4.983035380177623e-03
9.174450688349275e-02 6.354744008892089e-01 5.053005049166593e-03
9.189293537853430e-02 6.347772873749051e-01 4.977459056344910e-03
9.204136375040081e-02 6.224094988548456e-01 4.970852561914416e-03
9.218979199889352e-02 6.174199857441096e-01 4.921595457007404e-03
9.233822012381357e-02 6.072857894896777e-01 4.888255198200377e-03
9.248664812496223e-02 6.042849937348779e-01 4.879776366651806e-03
9.263507600214066e-02 5.924140693960855e-01 4.789227378568540e-03
9.278350375515013e-02 5.883387542564505e-01 4.823907476850300e-03
9.293193138379179e-02 5.768704305728004e-01 4.753744984798864e-03
9.308035888786687e-02 5.670501022669242e-01 4.721811955801783e-03
9.322878626717657e-02 5.647962989384074e-01 4.677973586156789e-03
9.337721352152216e-02 5.563260640627730e-01 4.647846502418333e-03
9.352564065070480e-02 5.476217287450421e-01 4.633380997849943e-03
9.367406765452573e-02 5.389482824990242e-01 4.593160946956795e-03
9.382249453278614e-02 5.238621768078415e-01 4.500361447475361e-03
9.397092128528726e-02 5.231217344652952e-01 4.489033840489379e-03
9.411934791183033e-02 5.177805628132560e-01 4.482318640806646e-03
9.426777441221654e-02 5.107114008050674e-01 4.472874574372002e-03
9.441620078624713e-02 5.051929503278296e-01 4.397140229920594e-03
9.456462703372331e-02 5.024164849160984e-01 4.415323566763364e-03
9.471305315444631e-02 4.863092432712867e-01 4.320402580805198e-03
9.486147914821734e-02 4.885191580163921e-01 4.352247273967806e-03
9.500990501483762e-02 4.787873211155021e-01 4.293064020761986e-03
9.515833075410839e-02 4.757578090649387e-01 4.271742314294203e-03
9.530675636583089e-02 4.687944403990210e-01 4.244961392571246e-03
9.545518184980632e-02 4.628639554993446e-01 4.219552589893824e-03
9.560360720583591e-02 4.541532998979022e-01 4.181174357033203e-03
9.575203243372092e-02 4.475010691462578e-01 4.122202134284151e-03
9.590045753326254e-02 4.439387802636843e-01 4.127922076885033e-03
9.604888250426204e-02 4.480565293602218e-01 4.151519952672613e-03
9.619730734652061e-02 4.419732644030299e-01 4.093749173608457e-03
9.634573205983951e-02 4.379846036129046e-01 4.092777868974462e-03
9.649415664401995e-02 4.358926997964968e-01 4.062601318946942e-03
9.664258109886319e-02 4.286133428115115e-01 4.047306063258456e-03
9.679100542417043e-02 4.333920738871141e-01 4.080079922815751e-03
9.693942961974295e-02 4.239478518205058e-01 3.983937427151249e-03
9.708785368538199e-02 4.287944425104209e-01 4.040917209511078e-03
9.723627762088875e-02 4.287654514463277e-01 4.022112108184418e-03
9.738470142606449e-02 4.265493318106853e-01 4.031772461076112e-03
9.753312510071047e-02 4.270308659050581e-01 4.013972772659553e-03
9.768154864462790e-02 4.225983384623178e-01 3.980405293629476e-03
9.782997205761802e-02 4.266666928031284e-01 4.035225782427335e-03
9.797839533948209e-02 4.166139255628214e-01 3.941032501614239e-03
9.812681849002138e-02 4.303120818977136e-01 4.027945923112051e-03
9.827524150903710e-02 4.261615966682014e-01 3.995752761326950e-03
9.842366439633053e-02 4.228969527858020e-01 3.984632151633942e-03
9.857208715170288e-02 4.278077904544131e-01 4.034845395825748e-03
9.872050977495538e-02 4.286369167026438e-01 3.983573179172849e-03
9.886893226588934e-02 4.306346015856647e-01 4.006813520890477e-03
9.901735462430598e-02 4.208434985343860e-01 3.955463751034448e-03
9.916577685000656e-02 4.271012616562985e-01 4.000169817759298e-03
9.931419894279231e-02 4.273387850639345e-01 4.015448241774477e-03
9.946262090246452e-02 4.311300421835309e-01 3.985458027080965e-03
9.961104272882444e-02 4.282493127862597e-01 3.994313856491331e-03
9.975946442167330e-02 4.275087205858610e-01 3.995059674859728e-03
9.990788598081238e-02 4.357973359635319e-01 4.033604643622075e-03
1.000563074060429e-01 4.319101742254323e-01 3.990453809372147e-03
1.002047286971662e-01 4.341834297638518e-01 4.006500706633310e-03
1.003531498539835e-01 4.353472265076530e-01 4.023067640362640e-03
1.005015708762960e-01 4.342514852954438e-01 4.013798844025314e-03
1.006499917639050e-01 4.376470318592346e-01 4.014096936438579e-03
1.007984125166118e-01 4.348239353859535e-01 3.995605273720100e-03
1.009468331342177e-01 4.335945246243393e-01 4.003794795526289e-03
1.010952536165238e-01 4.286950734382961e-01 3.992224968872255e-03
1.012436739633315e-01 4.324846051716253e-01 4.110149455973425e-03
1.013920941744421e-01 4.316837565069619e-01 4.126083241010185e-03
1.015405142496567e-01 4.351340934562674e-01 4.181469520118285e-03
1.016889341887768e-01 4.282694364991411e-01 4.184865748261718e-03
1.018373539916035e-01 4.202834564408771e-01 4.182805056139656e-03
1.019857736579381e-01 4.214560819691492e-01 4.185365093908572e-03
1.021341931875819e-01 4.299266216421387e-01 4.264020513790319e-03
1.022826125803362e-01 4.271870115351917e-01 4.262290725934945e-03
1.024310318360022e-01 4.187888000308633e-01 4.280492234848248e-03
1.025794509543812e-01 4.118767911032475e-01 4.191926635509762e-03
1.027278699352746e-01 4.100427170707103e-01 4.253088360817337e-03
1.028762887784834e-01 4.060429792471823e-01 4.249953613655296e-03
1.030247074838092e-01 4.153459817553787e-01 4.278735276481114e-03
1.031731260510531e-01 3.997406888527077e-01 4.256174696842683e-03
1.033215444800164e-01 4.020650742633551e-01 4.215018808060311e-03
1.034699627705003e-01 3.982578928367144e-01 4.279375266750943e-03
1.036183809223063e-01 3.954520068370670e-01 4.251434852175892e-03
1.037667989352355e-01 3.981224848646698e-01 4.274959777244934e-03
1.039152168090893e-01 3.883913935339432e-01 4.222393945813348e-03
1.040636345436689e-01 3.840094497229382e-01 4.075532317575892e-03
1.042120521387756e-01 3.797201418974245e-01 4.062630473568389e-03
1.043604695942107e-01 3.814471329155288e-01 4.011678494256001e-03
1.045088869097756e-01 3.776559063244169e-01 3.961958434397341e-03
1.046573040852714e-01 3.724192363722574e-01 3.952969454745439e-03
1.048057211204995e-01 3.661605512799031e-01 3.857742715110578e-03
1.049541380152612e-01 3.672701705153372e-01 3.905582751815023e-03
1.051025547693577e-01 3.562197490718801e-01 3.774861582833062e-03
1.052509713825904e-01 3.539456031125784e-01 3.782757024925131e-03
1.053993878547606e-01 3.545924659342856e-01 3.794875302148197e-03
1.055478041856695e-01 3.445841330254669e-01 3.707135023819318e-03
1.056962203751185e-01 3.476880597880962e-01 3.736421880893378e-03
1.058446364229088e-01 3.414433856479356e-01 3.661499157622477e-03
1.059930523288418e-01 3.401129545580982e-01 3.672018327663825e-03
1.061414680927188e-01 3.346037014796406e-01 3.651695244881582e-03
1.062898837143410e-01 3.393785481148421e-01 3.651765889145683e-03
1.064382991935097e-01 3.213354051906055e-01 3.546826180379698e-03
1.065867145300264e-01 3.291443582450045e-01 3.564833263316972e-03
1.067351297236922e-01 3.236492874892316e-01 3.560888246629730e-03
1.068835447743085e-01 3.228289639679082e-01 3.538183649944119e-03
1.070319596816766e-01 3.137612974496757e-01 3.461749102773675e-03
1.071803744455978e-01 3.193393217657700e-01 3.512618381181122e-03
1.073287890658734e-01 3.097763874036037e-01 3.442172346372931e-03
1.074772035423047e-01 3.090460701947436e-01 3.451790039804566e-03
1.076256178746930e-01 3.086292348936480e-01 3.417420762483985e-03
1.077740320628398e-01 3.104022583151992e-01 3.443180121984207e-03
1.079224461065461e-01 3.071111616476456e-01 3.415087843587570e-03
1.080708600056134e-01 3.094350827871168e-01 3.426764014191995e-03
1.082192737598431e-01 3.051990014257073e-01 3.415432039132420e-03
1.083676873690363e-01 2.991164841875492e-01 3.340676374177309e-03
1.085161008329945e-01 2.991905427848466e-01 3.359995167147608e-03
1.086645141515189e-01 3.008512191351895e-01 3.369309400543340e-03
1.088129273244109e-01 3.059080490995454e-01 3.387912484127823e-03
1.089613403514718e-01 2.992577789035286e-01 3.357998570380063e-03
1.091097532325029e-01 3.016797795368604e-01 3.349104512098190e-03
1.092581659673056e-01 2.927578429123385e-01 3.310799889105683e-03
1.094065785556811e-01 2.915630828013007e-01 3.299398876021368e-03
1.095549909974309e-01 3.002309391528321e-01 3.341059264086970e-03
1.097034032923561e-01 3.069638711005409e-01 3.383048355264703e-03
1.098518154402582e-01 3.005793897972687e-01 3.341834495625951e-03
1.100002274409385e-01 2.993165351212000e-01 3.334809119213415e-03
1.101486392941984e-01 3.004232885797133e-01 3.315599131838938e-03
1.102970509998390e-01 3.034716967201023e-01 3.331235304700208e-03
1.104454625576619e-01 2.963201248309971e-01 3.298559942258340e-03
1.105938739674683e-01 3.040000754259631e-01 3.336432376002485e-03
1.107422852290595e-01 3.060684442340701e-01 3.336304587112462e-03
1.108906963422369e-01 2.966104323379212e-01 3.305890631289588e-03
1.110391073068019e-01 3.002019993313399e-01 3.400862774080726e-03
1.111875181225557e-01 3.028041100474248e-01 3.425508600328664e-03
1.113359287892998e-01 3.001591141229547e-01 3.457421093785483e-03
1.114843393068354e-01 2.897872861358882e-01 3.395892942586178e-03
1.116327496749638e-01 2.997338999976990e-01 3.482453913583972e-03
1.117811598934866e-01 3.021403300567048e-01 3.511124003597617e-03
1.119295699622049e-01 3.041878500590115e-01 3.536589880239379e-03
1.120779798809202e-01 2.947566838863952e-01 3.485378188256073e-03
1.122263896494337e-01 3.003540775912739e-01 3.530646575029134e-03
1.123747992675469e-01 3.055347896626033e-01 3.594775719221945e-03
1.125232087350610e-01 2.928693131805878e-01 3.529314492989451e-03
1.126716180517775e-01 2.947681895946757e-01 3.493583418412659e-03
1.128200272174977e-01 2.934180141869662e-01 3.521382413060170e-03
1.129684362320229e-01 2.899637221298565e-01 3.479926596745740e-03
1.131168450951544e-01 2.913500628657273e-01 3.506172464179162e-03
1.132652538066937e-01 2.995062039124715e-01 3.569092571093735e-03
1.134136623664422e-01 2.917204203889520e-01 3.487722558315547e-03
1.135620707742011e-01 2.889103051604013e-01 3.498411127161101e-03
1.137104790297718e-01 2.873602750179283e-01 3.490406014846602e-03
1.138588871329557e-01 2.890393025042813e-01 3.508988739478862e-03
1.140072950835541e-01 2.879597168733824e-01 3.508053714529571e-03
1.141557028813685e-01 2.856589957074938e-01 3.487018773932712e-03
1.143041105262001e-01 2.848915503268014e-01 3.502000366228742e-03
1.144525180178503e-01 2.756532021833509e-01 3.417217632013227e-03
1.146009253561206e-01 2.829845076772862e-01 3.488853368112728e-03
1.147493325408122e-01 2.734002205583015e-01 3.420978954883903e-03
1.148977395717266e-01 2.729705885472671e-01 3.439106154909547e-03
1.150461464486651e-01 2.776584371958653e-01 3.482722972839785e-03
1.151945531714290e-01 2.754534007330042e-01 3.425549821992587e-03
1.153429597398198e-01 2.723269112951655e-01 3.436455611248833e-03
1.154913661536388e-01 2.704806557768466e-01 3.415061797779291e-03
1.156397724126874e-01 2.688425726031619e-01 3.431225224195761e-03
1.157881785167671e-01 2.680317323605004e-01 3.406479747874843e-03
1.159365844656790e-01 2.647354031783942e-01 3.393764732950329e-03
1.160849902592246e-01 2.640686645663993e-01 3.402031602105288e-03
1.162333958972054e-01 2.569920128029189e-01 3.343768024561742e-03
1.163818013794227e-01 2.611606105035312e-01 3.388839593424391e-03
1.165302067056779e-01 2.571595668781136e-01 3.338046052233326e-03
1.166786118757722e-01 2.565566937030047e-01 3.364406710931900e-03
1.168270168895073e-01 2.488256739404457e-01 3.327153052749989e-03
1.169754217466844e-01 2.496746695712502e-01 3.301235216628657e-03
1.171238264471048e-01 2.463268644768026e-01 3.292563240553634e-03
1.172722309905701e-01 2.442392064721770e-01 3.257101844769723e-03
1.174206353768815e-01 2.367772138780709e-01 3.255150143886503e-03
1.175690396058405e-01 2.431898567618511e-01 3.294783690216626e-03
1.177174436772486e-01 2.379240289488724e-01 3.210795041573314e-03
1.178658475909069e-01 2.449236057034784e-01 3.317663946317643e-03
1.180142513466170e-01 2.365734280494101e-01 3.230744087515607e-03
1.181626549441803e-01 2.367111776632408e-01 3.268481414809465e-03
1.183110583833981e-01 2.348473787988693e-01 3.205678168903170e-03
1.184594616640718e-01 2.353509455707978e-01 3.226408239221599e-03
1.186078647860030e-01 2.312251129263631e-01 3.240023514633775e-03
1.187562677489928e-01 2.315633419125411e-01 3.201676502316176e-03
1.189046705528428e-01 2.336108804904890e-01 3.237421730189242e-03
1.190530731973543e-01 2.271576838365976e-01 3.168442808378049e-03
1.192014756823288e-01 2.262417296115389e-01 3.173935631322309e-03
1.193498780075676e-01 2.327587563185163e-01 3.264720250884297e-03
1.194982801728722e-01 2.259095941540878e-01 3.163677234488580e-03
1.196466821780439e-01 2.238954752080346e-01 3.172075059070274e-03
1.197950840228843e-01 2.212984455431408e-01 3.146988931124627e-03
1.199434857071946e-01 2.235185559370091e-01 3.166734994838105e-03
1.200918872307763e-01 2.301376798838688e-01 3.236563989806590e-03
1.202402885934308e-01 2.267087144379034e-01 3.169279239419869e-03
1.203886897949596e-01 2.172262747015104e-01 3.149861305659321e-03
1.205370908351639e-01 2.202509168982826e-01 3.144837570115932e-03
1.206854917138454e-01 2.236120607306544e-01 3.194458010437920e-03
1.208338924308053e-01 2.239149543992830e-01 3.168220159601650e-03
1.209822929858451e-01 2.222645861321995e-01 3.157855621983546e-03
1.211306933787662e-01 2.183065047209352e-01 3.165857885652745e-03
1.212790936093700e-01 2.194104337876308e-01 3.141495037901601e-03
1.214274936774580e-01 2.237401612369611e-01 3.187194718967053e-03
1.215758935828316e-01 2.233593292713670e-01 3.181769740175383e-03
1.217242933252921e-01 2.216294118875827e-01 3.176197552435960e-03
1.218726929046411e-01 2.194673115121482e-01 3.177017638857743e-03
1.220210923206799e-01 2.224003532161500e-01 3.173587709748987e-03
1.221694915732101e-01 2.235328359177216e-01 3.181659885963164e-03
1.223178906620329e-01 2.218051249473790e-01 3.176107539828678e-03
1.224662895869498e-01 2.207749267119800e-01 3.180983571178571e-03
1.226146883477624e-01 2.192279402058916e-01 3.172555406070973e-03
1.227630869442719e-01 2.203769170834085e-01 3.161821498436625e-03
1.229114853762799e-01 2.250095329918217e-01 3.219682823043089e-03
1.230598836435877e-01 2.145798597480850e-01 3.127973000066206e-03
1.232082817459969e-01 2.211084793131728e-01 3.194422177196765e-03
1.233566796833089e-01 2.112174785785224e-01 3.092791072156274e-03
1.235050774553250e-01 2.193958725542437e-01 3.180652580744125e-03
1.236534750618467e-01 2.093810953205960e-01 3.111260010950761e-03
1.238018725026756e-01 2.122070893263749e-01 3.118669787608305e-03
1.239502697776129e-01 2.139968752756479e-01 3.134497158518510e-03
1.240986668864602e-01 2.088857966027572e-01 3.084886860249233e-03
1.242470638290189e-01 2.156673776039847e-01 3.156258177109352e-03
1.243954606050905e-01 2.179951359588074e-01 3.178771525607554e-03
1.245438572144764e-01 2.144656429354435e-01 3.146091812836233e-03
1.246922536569781e-01 2.104590821514035e-01 3.111176603115240e-03
1.248406499323969e-01 2.080508635589267e-01 3.084012325041796e-03
1.249890460405344e-01 2.092199810412731e-01 3.120948658842816e-03
1.251374419811920e-01 2.146023506022997e-01 3.144377880448218e-03
1.252858377541713e-01 2.078082782152083e-01 3.100925386577638e-03
1.254342333592735e-01 2.092081745161904e-01 3.126342865896184e-03
1.255826287963002e-01 2.070316826567937e-01 3.080432995438350e-03
1.257310240650529e-01 2.015638350196848e-01 3.072747965192988e-03
1.258794191653329e-01 2.050614461937041e-01 3.065744981589999e-03
1.260278140969418e-01 2.051455063712068e-01 3.086378269894222e-03
1.261762088596811e-01 1.998286289342314e-01 3.043467701281524e-03
1.263246034533521e-01 2.061618414656285e-01 3.095369621238670e-03
1.264729978777564e-01 1.980444094558417e-01 3.041801565291890e-03
1.266213921326954e-01 1.948279051560058e-01 2.981865728080988e-03
1.267697862179706e-01 2.017766921336704e-01 3.058275914786620e-03
1.269181801333835e-01 2.014165745255553e-01 3.035779238830944e-03
1.270665738787355e-01 1.950714041570366e-01 3.009658842929001e-03
1.272149674538281e-01 1.991369057966091e-01 3.032932488990821e-03
1.273633608584628e-01 1.919331373224108e-01 2.948285157685665e-03
1.275117540924411e-01 1.955204689499153e-01 3.010502155561084e-03
1.276601471555643e-01 1.954828937847335e-01 2.981779700455852e-03
1.278085400476341e-01 1.920384236210498e-01 2.964276067756696e-03
1.279569327684519e-01 1.929023673317186e-01 2.995508385906552e-03
1.281053253178191e-01 1.949078662615084e-01 2.976126205818900e-03
1.282537176955372e-01 1.931048825047132e-01 2.985364861679658e-03
1.284021099014078e-01 1.865468085498779e-01 2.911596862953679e-03
1.285505019352323e-01 1.866871472058785e-01 2.925211109866576e-03
1.286988937968122e-01 1.801046868484214e-01 2.890661571983544e-03
1.288472854859490e-01 1.887589565345416e-01 2.946482674986956e-03
1.289956770024441e-01 1.834100945141143e-01 2.923450130073630e-03
1.291440683460992e-01 1.813322928362765e-01 2.874310073444898e-03
1.292924595167155e-01 1.808578567006009e-01 2.887909538380703e-03
1.294408505140947e-01 1.820765333247907e-01 2.898881563426934e-03
1.295892413380383e-01 1.797333699547564e-01 2.867761154903180e-03
1.297376319883476e-01 1.807166198738643e-01 2.912133870859298e-03
1.298860224648243e-01 1.801842818599569e-01 2.867664441471939e-03
1.300344127672698e-01 1.752221080453737e-01 2.849987800394600e-03
1.301828028954856e-01 1.744137161019739e-01 2.845888256634330e-03
1.303311928492733e-01 1.783645808127969e-01 2.860523298504529e-03
1.304795826284343e-01 1.786499201512766e-01 2.873983480841797e-03
1.306279722327701e-01 1.765632101610040e-01 2.868388110357219e-03
1.307763616620822e-01 1.695649590671536e-01 2.809740028713088e-03
1.309247509161722e-01 1.760894344260582e-01 2.839782813564380e-03
1.310731399948415e-01 1.765830986497964e-01 2.862297303953151e-03
1.312215288978917e-01 1.687108419907261e-01 2.792904341896006e-03
1.313699176251241e-01 1.696388076581161e-01 2.814056091321534e-03
1.315183061763405e-01 1.749140391263041e-01 2.857477517754504e-03
1.316666945513423e-01 1.721819526048237e-01 2.816605867340569e-03
1.318150827499309e-01 1.795652476619301e-01 2.893956002137759e-03
1.319634707719080e-01 1.715628950696328e-01 2.809111322971295e-03
1.321118586170749e-01 1.683320862069424e-01 2.810614079616593e-03
1.322602462852334e-01 1.762721306984251e-01 2.864793675873636e-03
1.324086337761848e-01 1.742994126559742e-01 2.842509999805460e-03
1.325570210897306e-01 1.704357904396489e-01 2.833130030605718e-03
1.327054082256724e-01 1.709957315792888e-01 2.808118346103264e-03
1.328537951838119e-01 1.743273671521325e-01 2.858978427478628e-03
1.330021819639503e-01 1.686913872640568e-01 2.796416667221943e-03
1.331505685658892e-01 1.694381529976110e-01 2.809954394551886e-03
1.332989549894304e-01 1.679200895145616e-01 2.824680842616107e-03
1.334473412343751e-01 1.739874798042186e-01 2.822821071544216e-03
1.335957273005250e-01 1.752690563834196e-01 2.875582549700813e-03
1.337441131876815e-01 1.665500138776483e-01 2.785912032732833e-03
1.338924988956463e-01 1.674891541594709e-01 2.794981816241441e-03
1.340408844242209e-01 1.665356914598430e-01 2.801789515994281e-03
1.341892697732067e-01 1.685158890493332e-01 2.788912825316779e-03
1.343376549424055e-01 1.692097757871303e-01 2.829215182132253e-03
1.344860399316185e-01 1.696357533056918e-01 2.812844610584903e-03
1.346344247406474e-01 1.752273405496241e-01 2.862595756278348e-03
1.347828093692938e-01 1.700825497732133e-01 2.826477258288210e-03
1.349311938173592e-01 1.666576343348503e-01 2.789273525795831e-03
1.350795780846451e-01 1.680333383812908e-01 2.828186878898220e-03
1.352279621709530e-01 1.651128516719593e-01 2.775103896219991e-03
1.353763460760846e-01 1.693235800599688e-01 2.818929262190542e-03
1.355247297998415e-01 1.708503805409673e-01 2.822912983037007e-03
1.356731133420249e-01 1.687529487419714e-01 2.812939858925789e-03
1.358214967024367e-01 1.612290430077878e-01 2.771584341203418e-03
1.359698798808782e-01 1.589573987402192e-01 2.722895374008783e-03
1.361182628771512e-01 1.689517669556790e-01 2.823323074950444e-03
1.362666456910571e-01 1.605969968625949e-01 2.746552275268964e-03
1.364150283223974e-01 1.594237867674870e-01 2.731686138005659e-03
1.365634107709738e-01 1.590414592490560e-01 2.746588359598135e-03
1.367117930365878e-01 1.635330948155840e-01 2.763029915407176e-03
1.368601751190411e-01 1.632065774907063e-01 2.778613299034950e-03
1.370085570181349e-01 1.584876651087183e-01 2.724861723725438e-03
1.371569387336711e-01 1.551570223663813e-01 2.711640419730055e-03
1.373053202654511e-01 1.594249504302752e-01 2.734115343520680e-03
1.374537016132766e-01 1.550668434626093e-01 2.709650603738079e-03
1.376020827769490e-01 1.551772411646621e-01 2.720315350105269e-03
1.377504637562700e-01 1.553781178149176e-01 2.703966593898034e-03
1.378988445510411e-01 1.581546700439355e-01 2.728021345804968e-03
1.380472251610639e-01 1.562317038941174e-01 2.708994023148843e-03
1.381956055861399e-01 1.568047981368448e-01 2.732106032981026e-03
1.383439858260708e-01 1.556888660149689e-01 2.729703796417839e-03
1.384923658806582e-01 1.564925224905699e-01 2.700556358284503e-03
1.386407457497034e-01 1.576257665048657e-01 2.731934696733675e-03
1.387891254330083e-01 1.520388048906044e-01 2.683084153906243e-03
1.389375049303744e-01 1.490371381847570e-01 2.658835154505802e-03
1.390858842416031e-01 1.548887791150473e-01 2.705713047053701e-03
1.392342633664962e-01 1.510681661631828e-01 2.670950486508056e-03
1.393826423048553e-01 1.482756296067519e-01 2.657969435794760e-03
1.395310210564817e-01 1.489059273521257e-01 2.650595695571167e-03
1.396793996211773e-01 1.526533362209403e-01 2.698133679858001e-03
1.398277779987435e-01 1.498760998294144e-01 2.655691751943876e-03
1.399761561889819e-01 1.525457141769433e-01 2.699607035104925e-03
1.401245341916943e-01 1.472063407067082e-01 2.650753431808580e-03
1.402729120066820e-01 1.501693591350990e-01 2.670125850804741e-03
1.404212896337468e-01 1.457440340171866e-01 2.626978257733134e-03
1.405696670726902e-01 1.514302541483704e-01 2.669436727073870e-03
1.407180443233139e-01 1.533927972345415e-01 2.720568737807699e-03
1.408664213854193e-01 1.409931137079674e-01 2.584963508548429e-03
1.410147982588082e-01 1.439681803504846e-01 2.605145590421381e-03
1.411631749432821e-01 1.459161078888018e-01 2.648645828596785e-03
1.413115514386427e-01 1.460659221293791e-01 2.626388359005581e-03
1.414599277446915e-01 1.480968352629510e-01 2.671992115787388e-03
1.416083038612301e-01 1.431547042434541e-01 2.584087289279417e-03
1.417566797880601e-01 1.428376331517479e-01 2.617022120961594e-03
1.419050555249833e-01 1.419268600342457e-01 2.608667569125968e-03
1.420534310718010e-01 1.481904915911691e-01 2.678919265437002e-03
1.422018064283151e-01 1.434494952483513e-01 2.743969050418549e-03
1.423501815943271e-01 1.397033502304957e-01 2.720003265731365e-03
1.424985565696385e-01 1.394251859688312e-01 2.784607993288044e-03
1.426469313540512e-01 1.435651214457289e-01 2.863296391821360e-03
1.427953059473665e-01 1.444300160618734e-01 2.876544101129161e-03
1.429436803493862e-01 1.399794324204447e-01 2.890015848234692e-03
1.430920545599118e-01 1.384044813838599e-01 2.875326291152629e-03
1.432404285787451e-01 1.385793283187843e-01 2.931952078212921e-03
1.433888024056876e-01 1.415073909770024e-01 2.992562463657205e-03
1.435371760405410e-01 1.391027650050426e-01 2.967029871204332e-03
1.436855494831068e-01 1.356092045314771e-01 2.977726407542745e-03
1.438339227331868e-01 1.341159574936698e-01 2.975949058508883e-03
1.439822957905825e-01 1.363861278171058e-01 3.012265646056414e-03
1.441306686550955e-01 1.382591221199733e-01 3.075463932722564e-03
1.442790413265275e-01 1.419079973747902e-01 3.113785005833482e-03
1.444274138046802e-01 1.370859837674655e-01 3.125291416390934e-03
1.445757860893551e-01 1.373298841725743e-01 3.125981469655303e-03
1.447241581803540e-01 1.328450187977634e-01 3.091091257921052e-03
1.448725300774784e-01 1.372513445748129e-01 3.176467737673562e-03
1.450209017805300e-01 1.349093302034141e-01 3.157988554893834e-03
1.451692732893104e-01 1.352276068815689e-01 3.234406851188300e-03
1.453176446036212e-01 1.282540867841803e-01 3.116122410389444e-03
1.454660157232642e-01 1.394427038937445e-01 3.294024255761304e-03
1.456143866480410e-01 1.306068741132163e-01 3.216293755537192e-03
1.457627573777532e-01 1.344129059553874e-01 3.267689564064981e-03
1.459111279122024e-01 1.363221745949819e-01 3.353987840587553e-03
1.460594982511903e-01 1.326559689862952e-01 3.285738481176304e-03
1.462078683945185e-01 1.311503408275145e-01 3.302581751673838e-03
1.463562383419889e-01 1.298901455248427e-01 3.315293739052180e-03
1.465046080934028e-01 1.309058041319862e-01 3.328233180780892e-03
1.466529776485621e-01 1.346545737939205e-01 3.402712298404075e-03
1.468013470072683e-01 1.307728926735081e-01 3.394695149863978e-03
1.469497161693232e-01 1.348384878587276e-01 3.458534239273784e-03
1.470980851345284e-01 1.299148062397179e-01 3.443944942592153e-03
1.472464539026855e-01 1.348389654097370e-01 3.502606181487816e-03
1.473948224735963e-01 1.342457860968250e-01 3.491913244736312e-03
1.475431908470624e-01 1.298104074894116e-01 3.525166777008990e-03
1.476915590228854e-01 1.344411986929386e-01 3.571473655111583e-03
1.478399270008671e-01 1.307431123348299e-01 3.557059621096751e-03
1.479882947808090e-01 1.319736183963735e-01 3.620133894633277e-03
1.481366623625130e-01 1.357957508396598e-01 3.638401503862269e-03
1.482850297457805e-01 1.349934147578249e-01 3.749817076606249e-03
1.484333969304134e-01 1.296214098922756e-01 3.597819693985851e-03
1.485817639162133e-01 1.327106989473157e-01 3.675082906193618e-03
1.487301307029819e-01 1.240903876607305e-01 3.620088668220578e-03
1.488784972905207e-01 1.311845885808764e-01 3.653897488834229e-03
1.490268636786317e-01 1.312133952060529e-01 3.783078555821664e-03
1.491752298671163e-01 1.237531050863152e-01 3.559122648474690e-03
1.493235958557763e-01 1.245496196069043e-01 3.630397454692159e-03
1.494719616444135e-01 1.296811393969705e-01 3.734248057281926e-03
1.496203272328294e-01 1.260364938403154e-01 3.692609226672891e-03
1.497686926208257e-01 1.311322603253695e-01 3.809345569678929e-03
1.499170578082042e-01 1.259470470892489e-01 3.672690475939823e-03
1.500654227947665e-01 1.316685636013117e-01 3.841166782049064e-03
1.502137875803144e-01 1.321328121584312e-01 3.815936038154394e-03
1.503621521646495e-01 1.241248350785834e-01 3.702333433106498e-03
1.505105165475735e-01 1.304029403156801e-01 3.847045914130255e-03
1.506588807288882e-01 1.259405208500622e-01 3.702531871240226e-03
1.508072447083951e-01 1.160925378542139e-01 3.649337660603484e-03
1.509556084858961e-01 1.234585317210226e-01 3.703941153318502e-03
1.511039720611928e-01 1.181004961476838e-01 3.618902797217420e-03
1.512523354340869e-01 1.161869179420291e-01 3.646902984748198e-03
1.514006986043802e-01 1.187837929563721e-01 3.648415198605724e-03
1.515490615718743e-01 1.244321948250985e-01 3.798681665290429e-03
1.516974243363709e-01 1.104580542781542e-01 3.503516737809072e-03
1.518457868976718e-01 1.186798372833900e-01 3.681876088085960e-03
1.519941492555787e-01 1.161992009403414e-01 3.670872333899704e-03
1.521425114098933e-01 1.231642396981260e-01 3.767001365734514e-03
1.522908733604172e-01 1.163944523006778e-01 3.710519615833685e-03
1.524392351069522e-01 1.190565075012645e-01 3.675914440863362e-03
1.525875966493001e-01 1.198262868562212e-01 3.798748672805973e-03
1.527359579872626e-01 1.193236974250376e-01 3.752762881595588e-03
1.528843191206413e-01 1.149328869687373e-01 3.703660520801307e-03
1.530326800492380e-01 1.218775649045385e-01 3.861838423743855e-03
1.531810407728545e-01 1.165649435296766e-01 3.700940658009741e-03
1.533294012912923e-01 1.156895913273438e-01 3.824579914284929e-03
1.534777616043534e-01 1.191966463839326e-01 3.784497307189060e-03
1.536261217118393e-01 1.156634315587064e-01 3.792753333581433e-03
1.537744816135519e-01 1.172804492117736e-01 3.819176895675523e-03
1.539228413092928e-01 1.156904471320079e-01 3.824608206314414e-03
1.540712007988639e-01 1.151593141127904e-01 3.866671342154565e-03
1.542195600820668e-01 1.130688113426236e-01 3.719690803498278e-03
1.543679191587032e-01 1.135937204964251e-01 3.873513718897651e-03
1.545162780285749e-01 1.163705741632555e-01 3.844991997635887e-03
1.546646366914837e-01 1.100908564777245e-01 3.846885850244253e-03
1.548129951472313e-01 1.127549875213935e-01 3.844913161832712e-03
1.549613533956194e-01 1.010485682365492e-01 3.608877437019614e-03
1.551097114364498e-01 1.138514821650405e-01 3.947089968592571e-03
1.552580692695243e-01 1.190105658168610e-01 3.964816796078971e-03
1.554064268946445e-01 1.191236200822744e-01 4.027113374047903e-03
1.555547843116122e-01 1.100829477606534e-01 3.841921366985953e-03
1.557031415202292e-01 1.198051269495855e-01 4.059441864013965e-03
1.558514985202972e-01 1.161799477449804e-01 4.044866594500330e-03
1.559998553116179e-01 1.139320041656669e-01 3.933369597734044e-03
1.561482118939933e-01 1.080291186435770e-01 3.921208586460935e-03
1.562965682672249e-01 1.084197050626823e-01 3.892040590234081e-03
1.564449244311146e-01 1.058899505876909e-01 3.897862946462936e-03
1.565932803854641e-01 1.135420248596436e-01 4.091770551454535e-03
1.567416361300751e-01 1.084203178999442e-01 3.892062589809687e-03
1.568899916647495e-01 1.082339749902786e-01 3.994988915317522e-03
1.570383469892890e-01 1.074883822544580e-01 3.964768708402787e-03
1.571867021034954e-01 1.114132526127544e-01 4.087355820244089e-03
1.573350570071704e-01 1.215896528503723e-01 4.246094860140292e-03
1.574834117001158e-01 1.149474126064290e-01 4.100038426077090e-03
1.576317661821335e-01 1.126733902261164e-01 4.181701721870885e-03
1.577801204530250e-01 1.142895397416585e-01 4.187244756417735e-03
1.579284745125923e-01 1.042038711101645e-01 3.964102078464419e-03
1.580768283606372e-01 1.045761661451839e-01 4.058342316496866e-03
1.582251819969613e-01 1.102795624239166e-01 4.101341056597443e-03
1.583735354213664e-01 1.087456018643517e-01 4.207493657927145e-03
1.585218886336544e-01 1.061572092554344e-01 4.053101083366360e-03
1.586702416336271e-01 1.101326855492486e-01 4.189644809175028e-03
1.588185944210862e-01 1.170476947787747e-01 4.398921743367671e-03
1.589669469958334e-01 1.078932173906430e-01 4.134477073810986e-03
1.591152993576707e-01 1.066365157318721e-01 4.245132663080555e-03
1.592636515063998e-01 1.061450942232208e-01 4.137966592329460e-03
1.594120034418224e-01 1.131014436563116e-01 4.330878111393863e-03
1.595603551637404e-01 1.059546204079781e-01 4.258675756806740e-03
1.597087066719556e-01 1.158135200666228e-01 4.396221102937241e-03
1.598570579662698e-01 1.073327343810778e-01 4.307114264164772e-03
1.600054090464846e-01 1.066404704294439e-01 4.279334668705450e-03
1.601537599124021e-01 1.032166847901276e-01 4.203308343036598e-03
1.603021105638239e-01 1.080769128882073e-01 4.393951345751904e-03
1.604504610005519e-01 1.019313242919549e-01 4.217948210852973e-03
1.605988112223878e-01 1.075414097284712e-01 4.383060643958301e-03
1.607471612291335e-01 1.052150800485123e-01 4.342691106565611e-03
1.608955110205908e-01 1.109967653572126e-01 4.483117128065529e-03
1.610438605965615e-01 1.073880332152585e-01 4.439948732637232e-03
1.611922099568474e-01 1.110596343615772e-01 4.515216217977421e-03
1.613405591012503e-01 1.005555666263900e-01 4.311284351157293e-03
1.614889080295720e-01 9.434601744260258e-02 4.227746132872195e-03
1.616372567416144e-01 9.972285104591254e-02 4.323533916563979e-03
1.617856052371793e-01 1.053097169240552e-01 4.515116863558395e-03
1.619339535160685e-01 1.087693731035805e-01 4.563861513107103e-03
1.620823015780837e-01 1.035572666332514e-01 4.485563140115111e-03
1.622306494230269e-01 1.078675423960512e-01 4.637587871045766e-03
1.623789970506999e-01 9.957108574452844e-02 4.430855161039163e-03
1.625273444609043e-01 9.924018223375880e-02 4.465026889172303e-03
1.626756916534423e-01 1.026698805221802e-01 4.532985961587659e-03
1.628240386281155e-01 1.093173671293747e-01 4.713006356316657e-03
1.629723853847257e-01 1.039967724283030e-01 4.632384425678675e-03
1.631207319230749e-01 1.119011351656739e-01 4.833392872816885e-03
1.632690782429647e-01 1.058420395375717e-01 4.719263289010247e-03
1.634174243441972e-01 1.054214037195702e-01 4.709880971625026e-03
1.635657702265741e-01 1.043183845538891e-01 4.741744752449505e-03
1.637141158898972e-01 1.036605971857044e-01 4.736373578393726e-03
1.638624613339684e-01 9.849935876037851e-02 4.607605660866823e-03
1.640108065585895e-01 9.880459013704423e-02 4.721065932998592e-03
1.641591515635625e-01 9.569511356934800e-02 4.588229508797838e-03
1.643074963486891e-01 1.060274006378057e-01 4.869999802027773e-03
1.644558409137711e-01 1.057895230466596e-01 4.916456077245179e-03
1.646041852586105e-01 9.378878895661720e-02 4.609467503054150e-03
1.647525293830090e-01 9.393496951906037e-02 4.714460978067367e-03
1.649008732867686e-01 9.469734123659346e-02 4.723074099403615e-03
1.650492169696911e-01 9.113215054587953e-02 4.602868688221769e-03
1.651975604315783e-01 9.621917429354916e-02 4.847451971245717e-03
1.653459036722321e-01 9.506808251237561e-02 4.753404125618780e-03
1.654942466914544e-01 9.249222831761336e-02 4.763592112270834e-03
1.656425894890469e-01 9.177275462358947e-02 4.823468895477578e-03
1.657909320648118e-01 9.470064323980884e-02 4.820135828400689e-03
1.659392744185506e-01 9.470319134279646e-02 4.923384479309835e-03
1.660876165500653e-01 1.006740484443552e-01 5.040006372618099e-03
1.662359584591579e-01 9.148797253927386e-02 4.862530879267244e-03
1.663843001456301e-01 9.921789457524975e-02 5.165077280827960e-03
1.665326416092838e-01 8.925357897745800e-02 4.826280807576664e-03
1.666809828499210e-01 9.249618582768301e-02 4.987060114269820e-03
1.668293238673434e-01 9.572298910125647e-02 5.073308275760188e-03
1.669776646613530e-01 1.053808775795162e-01 5.377695389927388e-03
1.671260052317516e-01 8.382374338432982e-02 4.872156119548093e-03
1.672743455783411e-01 8.235486971030824e-02 4.778714225235786e-03
1.674226857009234e-01 9.750951953954916e-02 5.311681991714956e-03
1.675710255993005e-01 9.423716262605655e-02 5.179742910197346e-03
1.677193652732740e-01 8.960584041486225e-02 5.105766613914014e-03
1.678677047226461e-01 9.248538371572457e-02 5.304400544360864e-03
1.680160439472184e-01 9.477898816882757e-02 5.265499342712643e-03
1.681643829467930e-01 8.388420027289550e-02 5.095602277075540e-03
1.683127217211718e-01 1.000916971605028e-01 5.518233892304836e-03
1.684610602701565e-01 8.914666999575378e-02 5.253017906183069e-03
1.686093985935492e-01 1.013493481652042e-01 5.701346269370519e-03
1.687577366911517e-01 9.245371649983641e-02 5.429069169798411e-03
1.689060745627659e-01 9.695065133299383e-02 5.644685153998280e-03
1.690544122081938e-01 9.933955071149068e-02 5.678864131904386e-03
1.692027496272371e-01 9.483537689389659e-02 5.617562907496021e-03
1.693510868196979e-01 8.815883484273147e-02 5.520720385228230e-03
1.694994237853780e-01 1.021016614717903e-01 5.865587193095180e-03
1.696477605240793e-01 7.446578708807669e-02 5.175729987323065e-03
1.697960970356038e-01 9.882707704690488e-02 5.864308118608875e-03
1.699444333197534e-01 1.011587677473105e-01 5.992128255061206e-03
1.700927693763299e-01 8.811104177404856e-02 5.747730609519645e-03
1.702411052051354e-01 8.909831279929241e-02 5.680700941406201e-03
1.703894408059716e-01 9.843984499802519e-02 6.140508820358432e-03
1.705377761786405e-01 8.771506131849506e-02 5.796374405932029e-03
1.706861113229442e-01 8.860990408433364e-02 5.805027827370360e-03
1.708344462386844e-01 8.268661316045992e-02 5.775083568584471e-03
1.709827809256630e-01 8.741260232881649e-02 5.893356446764217e-03
1.711311153836821e-01 9.768081207180457e-02 6.399282767954305e-03
1.712794496125435e-01 9.080106176736888e-02 6.121806335507646e-03
1.714277836120492e-01 1.023577716556597e-01 6.499724999862637e-03
1.715761173820012e-01 1.042668767919481e-01 6.801621082099218e-03
1.717244509222012e-01 9.746862018082796e-02 6.469219536349899e-03
1.718727842324513e-01 7.665138844452654e-02 5.931462518437332e-03
1.720211173125535e-01 1.041910250850057e-01 6.915401220841576e-03
1.721694501623096e-01 9.881558590952894e-02 6.677338496751429e-03
1.723177827815215e-01 9.971001420783762e-02 6.947125875408673e-03
1.724661151699914e-01 8.794655858131650e-02 6.465959583181355e-03
1.726144473275209e-01 9.744552745847256e-02 6.996181145961920e-03
1.727627792539122e-01 9.735962185321456e-02 7.026325485644198e-03
1.729111109489672e-01 8.359751277264862e-02 6.449688134659224e-03
1.730594424124878e-01 8.910181053318958e-02 6.957682471027022e-03
1.732077736442759e-01 9.873378908356602e-02 7.144126246516651e-03
1.733561046441336e-01 9.289376427653531e-02 7.253784311529965e-03
1.735044354118627e-01 9.346038476886503e-02 7.275881086349112e-03
1.736527659472653e-01 8.263944974680291e-02 6.770087512671008e-03
1.738010962501432e-01 8.470687363622534e-02 7.159037465840666e-03
1.739494263202985e-01 8.696590560823529e-02 7.172827001890607e-03
1.740977561575331e-01 8.393845686527132e-02 7.251178257793086e-03
1.742460857616490e-01 9.381201146892419e-02 7.711299841284850e-03
1.743944151324481e-01 8.240261540539805e-02 7.227187465317730e-03
1.745427442697323e-01 9.680887034878027e-02 8.181842867073299e-03
1.746910731733038e-01 1.044932940554896e-01 8.339472750050477e-03
1.748394018429644e-01 1.007339779040320e-01 8.513575002132104e-03
1.749877302785161e-01 8.387944782532404e-02 7.821798840965719e-03
1.751360584797609e-01 8.752656477008701e-02 7.990045650918940e-03
1.752843864465008e-01 8.582846914579025e-02 8.258848294242581e-03
1.754327141785377e-01 7.639579139450571e-02 7.678065927813255e-03
1.755810416756736e-01 8.282658853603900e-02 8.366748916625878e-03
1.757293689377105e-01 8.282676365440740e-02 8.366766606252423e-03
1.758776959644504e-01 7.768662538128050e-02 8.234765820900563e-03
1.760260227556953e-01 8.367228897149043e-02 8.919495973917701e-03
1.761743493112470e-01 8.754022285835523e-02 8.888362957417340e-03
1.763226756309078e-01 9.142276864365885e-02 9.583710210028363e-03
1.764710017144794e-01 9.215712855599117e-02 9.714214295262544e-03
1.766193275617640e-01 7.241517756343790e-02 8.781630176232725e-03
1.767676531725635e-01 8.836664365946395e-02 1.000555212000502e-02
1.769159785466800e-01 1.064933613419450e-01 1.098395154735970e-02
1.770643036839153e-01 8.620909521580677e-02 1.045438839599122e-02
1.772126285840715e-01 9.534911366658924e-02 1.086603995836005e-02
1.773609532469506e-01 1.146858919345029e-01 1.251325668889012e-02
1.775092776723547e-01 8.490759360690443e-02 1.105402714568525e-02
1.776576018600856e-01 9.318268537819700e-02 1.173991485751828e-02
1.778059258099455e-01 8.486298429748991e-02 1.188319467829569e-02
1.779542495217363e-01 7.729472424279335e-02 1.152241718059913e-02
1.781025729952601e-01 9.547843867572126e-02 1.324047716717527e-02
1.782508962303188e-01 9.071831221277690e-02 1.337568541172252e-02
1.783992192267145e-01 1.043657257970217e-01 1.490938939957453e-02
1.785475419842491e-01 8.955334298900466e-02 1.472247889720169e-02
1.786958645027247e-01 8.253447463139282e-02 1.482362924379250e-02
1.788441867819434e-01 5.044562784439415e-02 1.189014850999468e-02
1.789925088217071e-01 7.204178706408859e-02 1.502175101729298e-02
1.791408306218179e-01 1.269769351530556e-01 2.280573078859876e-02
1.792891521820777e-01 7.987276053289065e-02 1.882619020163208e-02
1.794374735022887e-01 7.745254105905607e-02 1.936313526476402e-02
1.795857945822528e-01 6.846266189504682e-02 2.282088729834894e-02
1.797341154217720e-01 8.874808696011120e-02 2.806460927766403e-02
1.798824360206485e-01 5.324896741785886e-02 2.662448370892943e-02
1.800307563786842e-01 2.662454137742872e-02 2.662454137742872e-02
