<X> <Y> <dY>
1.039265947336785e-03 3.426988283628704e+02 2.840186420375491e+00
1.187732507260276e-03 3.237737789231338e+02 1.234600289950440e+00
1.336199065591062e-03 1.554671846790752e+02 5.305645560449362e-01
1.484665622130054e-03 1.095806079603516e+02 3.895228497196930e-01
1.633132176678164e-03 9.351318596843514e+01 2.882066786683648e-01
1.781598729036305e-03 6.055027478729058e+01 2.216917927954494e-01
1.930065279005388e-03 4.815568449524096e+01 1.867551813729245e-01
2.078531826386324e-03 4.084906087794325e+01 1.612058291027540e-01
2.226998370980027e-03 2.833669080822888e+01 1.342654508997419e-01
2.375464912587407e-03 2.380152055979535e+01 1.122051841710262e-01
2.523931451009377e-03 2.136103225458529e+01 1.081352960299591e-01
2.672397986046849e-03 1.603592700094631e+01 8.688656405537151e-02
2.820864517500735e-03 1.404234763351357e+01 7.897188832386835e-02
2.969331045171946e-03 1.232148364378613e+01 7.362837513388357e-02
3.117797568861397e-03 9.819599290775106e+00 6.259094232135258e-02
3.266264088369997e-03 8.581568279797548e+00 5.754519087072361e-02
3.414730603498659e-03 7.777237729961563e+00 5.327500018230723e-02
3.563197114048295e-03 6.563817655652485e+00 4.766662867814214e-02
3.711663619819818e-03 5.976810313465846e+00 4.467152991938941e-02
3.860130120614143e-03 5.311783918544605e+00 4.029633012769800e-02
4.008596616232176e-03 4.662832796577164e+00 3.812783224791774e-02
4.157063106474833e-03 4.346998263110470e+00 3.576353333687655e-02
4.305529591143026e-03 3.823908237837757e+00 3.273442966048715e-02
4.453996070037668e-03 3.463662423664166e+00 3.106205086773812e-02
4.602462542959671e-03 3.093284755063528e+00 2.813239786121521e-02
4.750929009709947e-03 2.799073880507394e+00 2.661683624089652e-02
4.899395470089409e-03 2.533437774693011e+00 2.479476476970120e-02
5.047861923898970e-03 2.364140494782875e+00 2.376891061457212e-02
5.196328370939542e-03 2.116613949314882e+00 2.221012000845452e-02
5.344794811012039e-03 1.965147322879354e+00 2.079200864486588e-02
5.493261243917372e-03 1.727693458112467e+00 1.940493801009304e-02
5.641727669456453e-03 1.603348457537448e+00 1.831591019838679e-02
5.790194087430198e-03 1.479513351112599e+00 1.751670177458572e-02
5.938660497639517e-03 1.372530210805985e+00 1.644249965796473e-02
6.087126899885325e-03 1.290076726051809e+00 1.597442163093531e-02
6.235593293968535e-03 1.159658670409403e+00 1.483696652568683e-02
6.384059679690060e-03 1.045554520665630e+00 1.381240719842372e-02
6.532526056850811e-03 9.827168390917086e-01 1.326301392607847e-02
6.680992425251704e-03 8.962457991817954e-01 1.261817504385114e-02
6.829458784693651e-03 8.311706297830068e-01 1.210585309731643e-02
6.977925134977566e-03 7.938499191425159e-01 1.147138845132380e-02
7.126391475904362e-03 7.318690504312115e-01 1.105345656975181e-02
7.274857807274953e-03 6.770549561633145e-01 1.037700668379854e-02
7.423324128890250e-03 6.120055677460939e-01 9.783639667836744e-03
7.571790440551172e-03 5.614759279773404e-01 9.386657539841700e-03
7.720256742058629e-03 5.253954081667997e-01 8.903728106138507e-03
7.868723033213537e-03 4.899365452186414e-01 8.598024754017901e-03
8.017189313816805e-03 4.771867049215426e-01 8.339672527148361e-03
8.165655583669350e-03 4.380732835757663e-01 7.857895753327277e-03
8.314121842572089e-03 4.038817455242490e-01 7.533743723488469e-03
8.462588090325933e-03 3.908234458673857e-01 7.271212527244523e-03
8.611054326731796e-03 3.752344727678847e-01 7.208054882265649e-03
8.759520551590594e-03 3.525544404982717e-01 6.808912953201164e-03
8.907986764703241e-03 3.231340267136660e-01 6.500493372932329e-03
9.056452965870650e-03 3.150465971633771e-01 6.357122963371591e-03
9.204919154893739e-03 2.932997239995563e-01 6.043885088512935e-03
9.353385331573419e-03 2.962958485096974e-01 6.131717304856205e-03
9.501851495710607e-03 2.705738230190217e-01 5.729719301584125e-03
9.650317647106216e-03 2.577248771054250e-01 5.563415323771422e-03
9.798783785561163e-03 2.439036672883138e-01 5.371233095337271e-03
9.947249910876360e-03 2.320409851320564e-01 5.174384118904662e-03
1.009571602285273e-02 2.398152798888634e-01 5.286328722706905e-03
1.024418212129118e-02 2.074523884537002e-01 4.805023160454344e-03
1.039264820599262e-02 2.019884881405681e-01 4.798381342796614e-03
1.054111427675798e-02 1.970481085454587e-01 4.639316523543359e-03
1.068958033338818e-02 1.929001769457259e-01 4.537885669026215e-03
1.083804637568411e-02 1.876605372852979e-01 4.506593737308993e-03
1.098651240344671e-02 1.802217056237574e-01 4.322969878669648e-03
1.113497841647688e-02 1.715642497036494e-01 4.250756750333657e-03
1.128344441457554e-02 1.659940042636302e-01 4.112745722709451e-03
1.143191039754362e-02 1.696585172626763e-01 4.113613744180878e-03
1.158037636518202e-02 1.542017967977039e-01 3.968267686812335e-03
1.172884231729166e-02 1.504729465433574e-01 3.825720767816599e-03
1.187730825367346e-02 1.473477701638988e-01 3.781879457981050e-03
1.202577417412833e-02 1.395171915228912e-01 3.646340212736398e-03
1.217424007845719e-02 1.380249000525755e-01 3.608571196422058e-03
1.232270596646097e-02 1.378971552799522e-01 3.625108766502398e-03
1.247117183794057e-02 1.315081175257411e-01 3.457150575303418e-03
1.261963769269691e-02 1.244389046784284e-01 3.379296783854295e-03
1.276810353053091e-02 1.271094050285161e-01 3.360143840585151e-03
1.291656935124349e-02 1.138306764760274e-01 3.197945140729842e-03
1.306503515463557e-02 1.224724807075795e-01 3.292080676581122e-03
1.321350094050805e-02 1.151167090284282e-01 3.144748844767816e-03
1.336196670866187e-02 1.142819223165811e-01 3.141938029189810e-03
1.351043245889793e-02 1.093961372409918e-01 3.043481951058087e-03
1.365889819101716e-02 1.083464675386640e-01 3.034308013383570e-03
1.380736390482048e-02 1.028122239215570e-01 2.911464685348386e-03
1.395582960010879e-02 1.039493558768414e-01 2.924961319923476e-03
1.410429527668303e-02 9.965996563521125e-02 2.861477482069132e-03
1.425276093434411e-02 9.995935989380539e-02 2.838655069772410e-03
1.440122657289295e-02 9.994092042910403e-02 2.814399866898480e-03
1.454969219213047e-02 9.010895718712525e-02 2.647973801806360e-03
1.469815779185758e-02 9.684095551391834e-02 2.765755793628713e-03
1.484662337187521e-02 9.082034278195186e-02 2.654023042802394e-03
1.499508893198428e-02 8.615671675680620e-02 2.561874424696806e-03
1.514355447198570e-02 8.638453236304873e-02 2.552896707592274e-03
1.529201999168039e-02 8.541238521889881e-02 2.526374533624884e-03
1.544048549086928e-02 8.457520274710148e-02 2.515960542431804e-03
1.558895096935328e-02 8.313412691274427e-02 2.463300971207848e-03
1.573741642693332e-02 7.919275216385922e-02 2.404199857370648e-03
1.588588186341031e-02 7.872601769496343e-02 2.376922215379604e-03
1.603434727858518e-02 7.940397926724439e-02 2.367369271007232e-03
1.618281267225884e-02 7.622111285279619e-02 2.347766924101258e-03
1.633127804423223e-02 7.843974605706412e-02 2.335509451595088e-03
1.647974339430625e-02 7.633669944846336e-02 2.300592602779684e-03
1.662820872228182e-02 7.683642542760342e-02 2.297980032424148e-03
1.677667402795988e-02 7.275657457140770e-02 2.223194751951014e-03
1.692513931114134e-02 7.449448474597845e-02 2.251215452034383e-03
1.707360457162713e-02 7.298374446727748e-02 2.190607911937281e-03
1.722206980921815e-02 7.309628601189411e-02 2.228379607979935e-03
1.737053502371535e-02 6.517966817102869e-02 2.060132276793780e-03
1.751900021491964e-02 6.868204280237163e-02 2.104594349081266e-03
1.766746538263194e-02 6.564743541463479e-02 2.071814690572100e-03
1.781593052665317e-02 6.829782874863008e-02 2.083064248197430e-03
1.796439564678426e-02 6.971393038380191e-02 2.120345932355432e-03
1.811286074282614e-02 6.809927554549938e-02 2.070278926491973e-03
1.826132581457971e-02 6.513685910230010e-02 2.014006977368263e-03
1.840979086184591e-02 6.308188608075940e-02 1.981983100425199e-03
1.855825588442566e-02 6.283159916035004e-02 1.958711286989306e-03
1.870672088211989e-02 6.673479214031372e-02 2.027860537185466e-03
1.885518585472951e-02 6.598421928596010e-02 2.032449563566538e-03
1.900365080205546e-02 6.181371230500748e-02 1.985742532269638e-03
1.915211572389865e-02 6.223755699448356e-02 1.995244474878707e-03
1.930058062006001e-02 6.300805028051590e-02 2.019945355602920e-03
1.944904549034047e-02 6.245451345903100e-02 2.056829861610870e-03
1.959751033454094e-02 6.453691267549264e-02 2.093853937922068e-03
1.974597515246237e-02 6.397234459738360e-02 2.126512688317690e-03
1.989443994390566e-02 6.656843792338120e-02 2.184039602555735e-03
2.004290470867175e-02 6.078517858727946e-02 2.088603453773895e-03
2.019136944656156e-02 5.584177991693805e-02 2.011092579877947e-03
2.033983415737602e-02 6.059185608707916e-02 2.109537655528744e-03
2.048829884091604e-02 5.823398309538366e-02 2.081112774336436e-03
2.063676349698258e-02 5.866309896397480e-02 2.080565712878691e-03
2.078522812537653e-02 5.790148608173944e-02 2.093432647348715e-03
2.093369272589884e-02 5.852541057959663e-02 2.106375617711397e-03
2.108215729835043e-02 5.755676748051988e-02 2.090555935582128e-03
2.123062184253223e-02 5.850033595048353e-02 2.124827885725581e-03
2.137908635824515e-02 5.521887022914607e-02 2.059316368931226e-03
2.152755084529015e-02 5.851912179629107e-02 2.126913658748051e-03
2.167601530346813e-02 5.513304152101717e-02 2.076430470735505e-03
2.182447973258003e-02 5.477896687246222e-02 2.085399628616836e-03
2.197294413242678e-02 5.675925064364682e-02 2.105084084036613e-03
2.212140850280929e-02 5.798933092691679e-02 2.103494117362406e-03
2.226987284352852e-02 5.164150744036084e-02 1.981819165014091e-03
2.241833715438537e-02 5.545092877447268e-02 2.018065922810779e-03
2.256680143518079e-02 5.720336126201699e-02 2.056132360480478e-03
2.271526568571569e-02 5.730951870128224e-02 2.024932277584800e-03
2.286372990579102e-02 5.582234609501524e-02 1.976089631068039e-03
2.301219409520770e-02 5.348830742520740e-02 1.951816058712653e-03
2.316065825376665e-02 5.460251004695005e-02 1.941441754275179e-03
2.330912238126882e-02 5.379365430325002e-02 1.950018445041498e-03
2.345758647751513e-02 5.688627528390156e-02 1.961595699444882e-03
2.360605054230651e-02 5.145284336999133e-02 1.890167430715098e-03
2.375451457544390e-02 5.120197233192299e-02 1.875895122595753e-03
2.390297857672821e-02 5.477000903407930e-02 1.905692342586328e-03
2.405144254596040e-02 5.264092234851026e-02 1.889698983863788e-03
2.419990648294138e-02 5.347995495286995e-02 1.888442860165743e-03
2.434837038747209e-02 5.110217109703664e-02 1.851236336132939e-03
2.449683425935346e-02 5.174622117318346e-02 1.857581083446250e-03
2.464529809838643e-02 5.452874022808787e-02 1.871421519898216e-03
2.479376190437193e-02 5.393708643567090e-02 1.895156038778811e-03
2.494222567711088e-02 5.179273533363801e-02 1.828865064218120e-03
2.509068941640423e-02 5.188505896314882e-02 1.848328694786551e-03
2.523915312205290e-02 5.408877993232172e-02 1.865130342493852e-03
2.538761679385784e-02 5.457260166623986e-02 1.869626526381134e-03
2.553608043161997e-02 5.185083143151210e-02 1.828637831442013e-03
2.568454403514022e-02 4.777737695028423e-02 1.742261670661228e-03
2.583300760421955e-02 5.342834802531132e-02 1.851182540425373e-03
2.598147113865888e-02 4.782978825562186e-02 1.730421007914084e-03
2.612993463825913e-02 5.263205166340715e-02 1.822498897934671e-03
2.627839810282126e-02 4.973980250682589e-02 1.775289678853747e-03
2.642686153214619e-02 4.800532329937020e-02 1.722181380303154e-03
2.657532492603487e-02 5.188504800971432e-02 1.788076836470945e-03
2.672378828428821e-02 5.205040555362087e-02 1.787418265150835e-03
2.687225160670718e-02 5.044138385709097e-02 1.772329570213964e-03
2.702071489309268e-02 5.016374114185079e-02 1.759319212143504e-03
2.716917814324569e-02 4.943561008728883e-02 1.728475572653465e-03
2.731764135696711e-02 4.941416644688782e-02 1.742703283230969e-03
2.746610453405790e-02 4.997583648905637e-02 1.736780377087961e-03
2.761456767431899e-02 4.851805101759077e-02 1.705803833272990e-03
2.776303077755132e-02 4.997958879349723e-02 1.737960588858250e-03
2.791149384355582e-02 4.743539071532291e-02 1.679194628951310e-03
2.805995687213344e-02 4.809569835463578e-02 1.696204498804997e-03
2.820841986308512e-02 4.803346792768460e-02 1.692957293896218e-03
2.835688281621178e-02 4.872653884676521e-02 1.693364282777090e-03
2.850534573131439e-02 4.960928298526369e-02 1.708634466985212e-03
2.865380860819386e-02 4.684400676533240e-02 1.658259864053267e-03
2.880227144665114e-02 4.895963230563066e-02 1.696350717542167e-03
2.895073424648718e-02 4.654987067271565e-02 1.654077628947333e-03
2.909919700750293e-02 4.610521248166676e-02 1.624995219478736e-03
2.924765972949930e-02 4.661504814669757e-02 1.643985992165530e-03
2.939612241227725e-02 4.639161294098400e-02 1.630035124693911e-03
2.954458505563771e-02 4.730884644403309e-02 1.649082720052596e-03
2.969304765938165e-02 4.559881814600714e-02 1.611155018852104e-03
2.984151022330999e-02 5.020995258677648e-02 1.690657045579271e-03
2.998997274722367e-02 4.490784618817401e-02 1.601809826153277e-03
3.013843523092363e-02 4.594591235667555e-02 1.613379196568567e-03
3.028689767421083e-02 4.558178567001926e-02 1.589847344914242e-03
3.043536007688621e-02 4.843543301556938e-02 1.654522874113105e-03
3.058382243875071e-02 4.646252098406708e-02 1.613710054552148e-03
3.073228475960527e-02 4.558007033023513e-02 1.590755422821660e-03
3.088074703925083e-02 4.556940567425490e-02 1.596226660068255e-03
3.102920927748836e-02 4.625793769361610e-02 1.591321433567315e-03
3.117767147411878e-02 4.630459283222407e-02 1.600520867039235e-03
3.132613362894304e-02 4.548972001331586e-02 1.578971232441984e-03
3.147459574176209e-02 4.746100784987953e-02 1.609078863403205e-03
3.162305781237687e-02 4.675107781944270e-02 1.598853125979887e-03
3.177151984058834e-02 4.745666976622797e-02 1.599764011467720e-03
3.191998182619744e-02 4.427751273879599e-02 1.559608867400174e-03
3.206844376900511e-02 4.574627626618680e-02 1.561752121146235e-03
3.221690566881231e-02 4.426297616262028e-02 1.533621227081346e-03
3.236536752541998e-02 4.815904548093256e-02 1.612484109017026e-03
3.251382933862906e-02 4.489819136928602e-02 1.545459481757698e-03
3.266229110824052e-02 4.724143909210429e-02 1.597965514120043e-03
3.281075283405527e-02 4.535306062112884e-02 1.540270691657774e-03
3.295921451587431e-02 4.571012309169478e-02 1.551502673216378e-03
3.310767615349856e-02 4.441648051179103e-02 1.538016935014457e-03
3.325613774672897e-02 4.619303551644637e-02 1.551885378577756e-03
3.340459929536650e-02 4.697498790318921e-02 1.565832930106307e-03
3.355306079921208e-02 4.609316805143199e-02 1.546785442085810e-03
3.370152225806669e-02 4.396583891740311e-02 1.536290742362403e-03
3.384998367173125e-02 4.512457857143654e-02 1.565354287318117e-03
3.399844504000674e-02 4.669355603703884e-02 1.604409572769656e-03
3.414690636269409e-02 4.333768762679888e-02 1.555732320364363e-03
3.429536763959428e-02 4.434363766234919e-02 1.589796433723785e-03
3.444382887050824e-02 4.668577594035715e-02 1.620486939741066e-03
3.459229005523692e-02 4.860525651106119e-02 1.627424359351419e-03
3.474075119358127e-02 4.638405726328863e-02 1.575285173356866e-03
3.488921228534227e-02 4.373570008956507e-02 1.523605307777842e-03
3.503767333032085e-02 4.581002820364210e-02 1.556688127441827e-03
3.518613432831797e-02 4.618635856236966e-02 1.557827210218200e-03
3.533459527913459e-02 4.427665321047800e-02 1.516003731788261e-03
3.548305618257167e-02 4.315634597964330e-02 1.502511109549882e-03
3.563151703843015e-02 4.584479372056915e-02 1.535858377397669e-03
3.577997784651099e-02 4.537987678971714e-02 1.528886895420875e-03
3.592843860661515e-02 4.616257366547379e-02 1.533648784887413e-03
3.607689931854360e-02 4.905404261532747e-02 1.575842886128231e-03
3.622535998209726e-02 4.386280563470463e-02 1.496579615320117e-03
3.637382059707712e-02 3.954298918082751e-02 1.409555335254670e-03
3.652228116328413e-02 4.490064223548724e-02 1.508466577157388e-03
3.667074168051924e-02 4.360711941368954e-02 1.470831632897506e-03
3.681920214858341e-02 4.613922804506602e-02 1.511340665034924e-03
3.696766256727761e-02 4.387441856935872e-02 1.482379229143010e-03
3.711612293640280e-02 4.575575501592565e-02 1.497976168491722e-03
3.726458325575990e-02 4.514306639757044e-02 1.497300998190049e-03
3.741304352514992e-02 4.118253949659742e-02 1.428606466907869e-03
3.756150374437381e-02 4.625652546314606e-02 1.496826012938057e-03
3.770996391323252e-02 4.625143204926303e-02 1.501385017971489e-03
3.785842403152700e-02 4.554267725141273e-02 1.479157393288699e-03
3.800688409905824e-02 4.668685188205509e-02 1.514721492085679e-03
3.815534411562716e-02 4.568967891212226e-02 1.480033875244332e-03
3.830380408103477e-02 4.348432093563499e-02 1.443873178084466e-03
3.845226399508201e-02 4.655483530363839e-02 1.490947965574302e-03
3.860072385756984e-02 4.305412765398286e-02 1.428015273592043e-03
3.874918366829922e-02 4.622237825889355e-02 1.484111123437029e-03
3.889764342707114e-02 4.562791205106424e-02 1.462012606140245e-03
3.904610313368653e-02 4.712714340496121e-02 1.488060708270092e-03
3.919456278794636e-02 4.675548850742789e-02 1.472659464499914e-03
3.934302238965163e-02 4.321437865323439e-02 1.410247949250560e-03
3.949148193860327e-02 4.565075589785796e-02 1.450876263979671e-03
3.963994143460225e-02 4.444447975127633e-02 1.421177749857056e-03
3.978840087744954e-02 4.489472456004167e-02 1.429739296411005e-03
3.993686026694612e-02 4.488625855635465e-02 1.432378068794430e-03
4.008531960289294e-02 4.849181302894059e-02 1.485913806772935e-03
4.023377888509096e-02 4.554412640213800e-02 1.434505144520810e-03
4.038223811334118e-02 4.716944285739932e-02 1.449481799714293e-03
4.053069728744454e-02 4.336827569957161e-02 1.401165387737428e-03
4.067915640720204e-02 4.247176725265794e-02 1.385276304555032e-03
4.082761547241460e-02 4.269770186302414e-02 1.388956345428666e-03
4.097607448288322e-02 4.488336435670619e-02 1.418627467690077e-03
4.112453343840888e-02 4.363447101857634e-02 1.397421457293242e-03
4.127299233879253e-02 4.333900216489101e-02 1.389384622277503e-03
4.142145118383515e-02 4.500279023155169e-02 1.410475518133676e-03
4.156990997333770e-02 4.734779574665204e-02 1.452222406271904e-03
4.171836870710118e-02 4.587794362762453e-02 1.429503855643796e-03
4.186682738492653e-02 4.390364579582428e-02 1.391839141259113e-03
4.201528600661474e-02 4.367346690778433e-02 1.390141768132633e-03
4.216374457196678e-02 4.406713027617363e-02 1.387296166967713e-03
4.231220308078361e-02 4.708066461912649e-02 1.433947346185145e-03
4.246066153286622e-02 4.531300711716996e-02 1.397724334387441e-03
4.260911992801558e-02 4.541646431528953e-02 1.410340388173361e-03
4.275757826603267e-02 4.528342764102410e-02 1.408929076021338e-03
4.290603654671846e-02 4.389417016512441e-02 1.403580789700273e-03
4.305449476987392e-02 4.374399207520159e-02 1.414042443512077e-03
4.320295293530004e-02 4.389593174322941e-02 1.423423112836059e-03
4.335141104279778e-02 4.517857866453532e-02 1.465786647125773e-03
4.349986909216812e-02 4.271978362329541e-02 1.415369575386564e-03
4.364832708321206e-02 4.213763108488014e-02 1.422076168968421e-03
4.379678501573054e-02 4.452687785107282e-02 1.464826737668998e-03
4.394524288952457e-02 4.461298143254513e-02 1.455115010553058e-03
4.409370070439510e-02 4.556851325377868e-02 1.491047301679465e-03
4.424215846014314e-02 4.158979382591013e-02 1.409216403932814e-03
4.439061615656966e-02 4.248419903196957e-02 1.433772270666483e-03
4.453907379347562e-02 4.301230260485982e-02 1.443398367097481e-03
4.468753137066204e-02 4.457264213671012e-02 1.466332272134183e-03
4.483598888792985e-02 4.166167918296720e-02 1.419826228241477e-03
4.498444634508008e-02 4.530717822207532e-02 1.473842617733850e-03
4.513290374191368e-02 4.421876049342548e-02 1.477245105662618e-03
4.528136107823164e-02 4.323482025455965e-02 1.450865570496883e-03
4.542981835383494e-02 4.175769175471940e-02 1.428082925779561e-03
4.557827556852459e-02 4.317426338204269e-02 1.461227425247530e-03
4.572673272210154e-02 4.542413500624990e-02 1.487917013737797e-03
4.587518981436679e-02 4.042684570258965e-02 1.422211468876621e-03
4.602364684512131e-02 4.280117333043006e-02 1.451095677375650e-03
4.617210381416612e-02 4.349796076408444e-02 1.471340470810741e-03
4.632056072130217e-02 4.523794652065562e-02 1.501273983733599e-03
4.646901756633046e-02 4.293740998822706e-02 1.464153528174691e-03
4.661747434905197e-02 4.191762973151554e-02 1.456738333688063e-03
4.676593106926771e-02 4.320763428438837e-02 1.464875994301952e-03
4.691438772677863e-02 4.341732746531975e-02 1.476233421487841e-03
4.706284432138574e-02 4.240850077270161e-02 1.459760797205195e-03
4.721130085289003e-02 4.237335189833651e-02 1.449138058432654e-03
4.735975732109249e-02 4.208878990301464e-02 1.449614926370775e-03
4.750821372579410e-02 4.196506489870993e-02 1.436856455449651e-03
4.765667006679587e-02 4.362695931520690e-02 1.467333430806184e-03
4.780512634389875e-02 4.217004043687331e-02 1.446420454065232e-03
4.795358255690377e-02 4.300218832909773e-02 1.436602282223328e-03
4.810203870561192e-02 4.327758432814891e-02 1.462214068868302e-03
4.825049478982417e-02 4.249549568352733e-02 1.439904940648556e-03
4.839895080934152e-02 4.444162255323407e-02 1.474035574458097e-03
4.854740676396496e-02 4.326300107887572e-02 1.446122638018934e-03
4.869586265349549e-02 4.486502721305771e-02 1.470391877600908e-03
4.884431847773410e-02 4.183960312586566e-02 1.431721744701296e-03
4.899277423648181e-02 4.228151927797209e-02 1.431832914809875e-03
4.914122992953956e-02 4.117847942085884e-02 1.411580094641757e-03
4.928968555670842e-02 4.314218190743412e-02 1.448572698653880e-03
4.943814111778932e-02 4.400088810353141e-02 1.455420019496238e-03
4.958659661258329e-02 4.183441830919926e-02 1.425713161914762e-03
4.973505204089131e-02 4.519869054693379e-02 1.477365417228571e-03
4.988350740251437e-02 4.322676746325362e-02 1.443299756299897e-03
5.003196269725350e-02 3.891276266682623e-02 1.371494672873424e-03
5.018041792490967e-02 4.192104317182838e-02 1.428665329335535e-03
5.032887308528391e-02 4.274995990178672e-02 1.426584639023867e-03
5.047732817817720e-02 4.333475964362139e-02 1.442889667063901e-03
5.062578320339053e-02 4.205813118172359e-02 1.418585556541308e-03
5.077423816072490e-02 4.213373674767069e-02 1.422755197342270e-03
5.092269304998134e-02 4.470626795938556e-02 1.472322524782154e-03
5.107114787096082e-02 4.191867226156631e-02 1.402754881963311e-03
5.121960262346438e-02 4.331953427389705e-02 1.445591581998807e-03
5.136805730729297e-02 4.227408364140710e-02 1.418625360727725e-03
5.151651192224765e-02 4.091620363539433e-02 1.398487049621546e-03
5.166496646812937e-02 4.336154994855360e-02 1.438211827465296e-03
5.181342094473917e-02 4.175588173927210e-02 1.409192752579519e-03
5.196187535187805e-02 4.073153012948946e-02 1.394621029376701e-03
5.211032968934701e-02 4.317082097271654e-02 1.435046646192921e-03
5.225878395694704e-02 4.406616706955764e-02 1.441117762930335e-03
5.240723815447917e-02 4.338416801096842e-02 1.434236353236172e-03
5.255569228174441e-02 4.233193632087896e-02 1.411064544029298e-03
5.270414633854377e-02 4.240802877247102e-02 1.429574358286859e-03
5.285260032467823e-02 4.248687004512324e-02 1.411531711610515e-03
5.300105423994882e-02 4.115020119103231e-02 1.391926318632435e-03
5.314950808415651e-02 4.680126979148815e-02 1.481468309076254e-03
5.329796185710238e-02 4.277261493452125e-02 1.415566946181033e-03
5.344641555858739e-02 4.294930507782529e-02 1.428472638230319e-03
5.359486918841256e-02 4.306973305435728e-02 1.417657531597272e-03
5.374332274637892e-02 4.343183223418173e-02 1.435028129609612e-03
5.389177623228746e-02 4.059185753189801e-02 1.381762899829069e-03
5.404022964593919e-02 4.219291509554540e-02 1.401765712546019e-03
5.418868298713515e-02 4.183580882419253e-02 1.399981962759500e-03
5.433713625567634e-02 4.205325833985103e-02 1.399444810418296e-03
5.448558945136375e-02 4.196014461896836e-02 1.397895094517890e-03
5.463404257399841e-02 4.439653138701469e-02 1.446517158123406e-03
5.478249562338136e-02 4.135354678020919e-02 1.382296619973400e-03
5.493094859931359e-02 4.078055796119431e-02 1.374712328430574e-03
5.507940150159613e-02 4.205654415430648e-02 1.392631338967842e-03
5.522785433002999e-02 4.308983158321147e-02 1.414493019429427e-03
5.537630708441618e-02 4.402154035227176e-02 1.428999670378450e-03
5.552475976455573e-02 4.283225158571417e-02 1.406795717903438e-03
5.567321237024965e-02 4.458071294235061e-02 1.437339873192449e-03
5.582166490129895e-02 4.157101714348672e-02 1.381867367504805e-03
5.597011735750466e-02 4.206653988709046e-02 1.391437467320000e-03
5.611856973866784e-02 4.336616023200812e-02 1.410701297797150e-03
5.626702204458946e-02 4.365736865587597e-02 1.421679528149112e-03
5.641547427507055e-02 3.988234459941951e-02 1.356824916866975e-03
5.656392642991215e-02 4.030481794988146e-02 1.358675135920805e-03
5.671237850891524e-02 4.177630058244137e-02 1.376575906847186e-03
5.686083051188091e-02 4.239782345525383e-02 1.388786882916842e-03
5.700928243861012e-02 4.091611820315082e-02 1.372282560184987e-03
5.715773428890394e-02 4.144800949572696e-02 1.372480742825738e-03
5.730618606256337e-02 4.061927555183299e-02 1.364631250415819e-03
5.745463775938945e-02 4.257555003868198e-02 1.392369373320443e-03
5.760308937918321e-02 3.899532757066567e-02 1.327416387916850e-03
5.775154092174565e-02 4.202429121235242e-02 1.383996324545842e-03
5.789999238687781e-02 4.053920234033351e-02 1.357352890058730e-03
5.804844377438072e-02 3.980875476045748e-02 1.341191025227245e-03
5.819689508405541e-02 4.097775631912597e-02 1.361394766281063e-03
5.834534631570294e-02 4.048659961347821e-02 1.352562361688658e-03
5.849379746912427e-02 4.044144212670216e-02 1.351808323859265e-03
5.864224854412050e-02 4.117033674853988e-02 1.358084096615544e-03
5.879069954049263e-02 4.103345810125427e-02 1.366264707249026e-03
5.893915045804167e-02 4.126502262650017e-02 1.353861475919956e-03
5.908760129656868e-02 3.973972360077196e-02 1.338106097170712e-03
5.923605205587471e-02 4.181268866766732e-02 1.366690483539843e-03
5.938450273576075e-02 3.980939356333391e-02 1.332917084826690e-03
5.953295333602786e-02 4.168240606969177e-02 1.369768853669251e-03
5.968140385647707e-02 4.156569038286095e-02 1.360070936320698e-03
5.982985429690942e-02 3.958833158682288e-02 1.333008462900193e-03
5.997830465712594e-02 3.764081578705715e-02 1.288796985839687e-03
6.012675493692765e-02 4.013004648171083e-02 1.333231493333801e-03
6.027520513611563e-02 4.285343086395819e-02 1.396240226264642e-03
6.042365525449088e-02 4.116935096654877e-02 1.390190203390955e-03
6.057210529185447e-02 4.241911170848364e-02 1.428325787665640e-03
6.072055524800739e-02 3.887247595268531e-02 1.374349567382739e-03
6.086900512275072e-02 4.190803198188137e-02 1.444246158061871e-03
6.101745491588551e-02 3.981360839668848e-02 1.412932091492671e-03
6.116590462721274e-02 4.039425076199990e-02 1.430837772432811e-03
6.131435425653353e-02 4.067556792865348e-02 1.449927407514908e-03
6.146280380364888e-02 3.949518822674183e-02 1.427951543943518e-03
6.161125326835982e-02 3.936052131258886e-02 1.443026724056911e-03
6.175970265046742e-02 4.056673753560235e-02 1.454388003821083e-03
6.190815194977271e-02 3.931748626593568e-02 1.451234899435875e-03
6.205660116607675e-02 4.124589512451796e-02 1.486398884003613e-03
6.220505029918055e-02 3.915459119952192e-02 1.468411894142889e-03
6.235349934888521e-02 3.856354667154977e-02 1.451358224810933e-03
6.250194831499173e-02 3.854856390024651e-02 1.447721705470347e-03
6.265039719730119e-02 3.721302865546365e-02 1.436593037522478e-03
6.279884599561461e-02 3.932109469117492e-02 1.481969516325714e-03
6.294729470973306e-02 4.007578869539227e-02 1.505077836577759e-03
6.309574333945757e-02 3.934948021548211e-02 1.485150425117251e-03
6.324419188458920e-02 3.975588184697258e-02 1.447823822682093e-03
6.339264034492902e-02 4.061403141449774e-02 1.461730975677888e-03
6.354108872027803e-02 3.927997398164669e-02 1.415552003750894e-03
6.368953701043734e-02 3.920359476300243e-02 1.411882978115847e-03
6.383798521520795e-02 3.916230767367865e-02 1.401337545773029e-03
6.398643333439098e-02 4.184784844918099e-02 1.444748172613933e-03
6.413488136778742e-02 3.902052486576172e-02 1.398055389236404e-03
6.428332931519834e-02 4.147976356045582e-02 1.421907981933072e-03
6.443177717642481e-02 3.964552031094076e-02 1.393001591167108e-03
6.458022495126788e-02 3.857699963416858e-02 1.365610983906735e-03
6.472867263952860e-02 3.814936049631323e-02 1.368600684292971e-03
6.487712024100803e-02 3.955163812468864e-02 1.382046083787455e-03
6.502556775550723e-02 3.760187210983572e-02 1.335281630118987e-03
6.517401518282728e-02 3.949404452575739e-02 1.377512989152137e-03
6.532246252276919e-02 4.028469535241389e-02 1.379321698004042e-03
6.547090977513406e-02 3.938831740095256e-02 1.368012808508710e-03
6.561935693972293e-02 4.057465217992764e-02 1.383584155634698e-03
6.576780401633688e-02 4.231616947952801e-02 1.406637069276626e-03
6.591625100477695e-02 4.059756547872620e-02 1.391666621173406e-03
6.606469790484421e-02 3.787217779146462e-02 1.324169643707247e-03
6.621314471633973e-02 3.929245819675704e-02 1.354107532799622e-03
6.636159143906457e-02 4.128121082599907e-02 1.384527373749639e-03
6.651003807281980e-02 3.953159085609282e-02 1.353535891172124e-03
6.665848461740648e-02 4.005800992567253e-02 1.369955033711741e-03
6.680693107262567e-02 3.979652959387874e-02 1.342303628242940e-03
6.695537743827844e-02 3.845340882497624e-02 1.332331649163322e-03
6.710382371416586e-02 3.744839113056250e-02 1.310955906975446e-03
6.725226990008899e-02 4.031356925634343e-02 1.358198657728209e-03
6.740071599584893e-02 3.873638267874563e-02 1.329429211912661e-03
6.754916200124669e-02 4.029514755566120e-02 1.346166397346301e-03
6.769760791608341e-02 3.920012458066908e-02 1.340615973960254e-03
6.784605374016010e-02 3.760562608511833e-02 1.302957718205257e-03
6.799449947327789e-02 4.047513570218862e-02 1.349171190072954e-03
6.814294511523777e-02 3.951060167160853e-02 1.338765665392609e-03
6.829139066584090e-02 3.825189284983051e-02 1.309719865967297e-03
6.843983612488833e-02 3.727845945935391e-02 1.301027205744961e-03
6.858828149218107e-02 3.867479524148270e-02 1.311952570683188e-03
6.873672676752028e-02 3.769571766882391e-02 1.295240187581968e-03
6.888517195070698e-02 3.720399594469596e-02 1.289816490680343e-03
6.903361704154228e-02 3.923122552078782e-02 1.319488904148389e-03
6.918206203982724e-02 3.823253535872869e-02 1.307525120779529e-03
6.933050694536295e-02 3.856893618298994e-02 1.297948044427613e-03
6.947895175795046e-02 3.862596128583726e-02 1.308040100726634e-03
6.962739647739091e-02 3.924605332561275e-02 1.311118618995562e-03
6.977584110348531e-02 3.954568156003244e-02 1.316727167041508e-03
6.992428563603478e-02 4.063814456303521e-02 1.326175727093992e-03
7.007273007484040e-02 4.042879310950050e-02 1.330729934470140e-03
7.022117441970321e-02 3.807192955575490e-02 1.290759297208992e-03
7.036961867042435e-02 3.755568909444076e-02 1.281383576010243e-03
7.051806282680488e-02 3.985927341484173e-02 1.313407713998671e-03
7.066650688864587e-02 3.990551033292005e-02 1.309962553315633e-03
7.081495085574846e-02 3.889780967513740e-02 1.301665569916119e-03
7.096339472791366e-02 3.871875520511178e-02 1.295673740537590e-03
7.111183850494258e-02 3.866625222704782e-02 1.288875074234927e-03
7.126028218663637e-02 3.816701214656099e-02 1.279361153864568e-03
7.140872577279601e-02 4.053056809534290e-02 1.313603257854291e-03
7.155716926322268e-02 3.722858375623649e-02 1.268746740265800e-03
7.170561265771742e-02 3.903099779580117e-02 1.296718046447322e-03
7.185405595608137e-02 4.062166723399895e-02 1.314486282658804e-03
7.200249915811553e-02 4.007141962445602e-02 1.313287734339973e-03
7.215094226362108e-02 3.743922304472799e-02 1.264232733268977e-03
7.229938527239907e-02 3.716958838281577e-02 1.266001204327853e-03
7.244782818425061e-02 3.724750786355197e-02 1.254188828219850e-03
7.259627099897678e-02 3.945268285518874e-02 1.297196221574492e-03
7.274471371637868e-02 3.722388065626417e-02 1.263460836231583e-03
7.289315633625741e-02 3.788106832806550e-02 1.264812057315041e-03
7.304159885841408e-02 3.751750586668560e-02 1.260425259874623e-03
7.319004128264975e-02 3.780560585773307e-02 1.265825310044644e-03
7.333848360876553e-02 4.039081288208381e-02 1.304287373605336e-03
7.348692583656254e-02 3.816302134057974e-02 1.273516516700537e-03
7.363536796584186e-02 3.856383436951268e-02 1.263200394800462e-03
7.378380999640459e-02 4.019676767167610e-02 1.307600950102799e-03
7.393225192805185e-02 3.788760365138995e-02 1.258731320383667e-03
7.408069376058472e-02 3.885677475867123e-02 1.274163839098719e-03
7.422913549380430e-02 4.206507276268842e-02 1.326901281736100e-03
7.437757712751171e-02 3.945860049076977e-02 1.272196339683842e-03
7.452601866150806e-02 3.867037787093471e-02 1.269417343892497e-03
7.467446009559441e-02 3.975856149448184e-02 1.275912957246742e-03
7.482290142957190e-02 3.874901603741916e-02 1.267906536330481e-03
7.497134266324165e-02 4.153151681643596e-02 1.297859900513624e-03
7.511978379640473e-02 3.844502580930265e-02 1.251942291416445e-03
7.526822482886228e-02 3.707107447916338e-02 1.233648113000870e-03
7.541666576041539e-02 4.037279313530724e-02 1.277978436168990e-03
7.556510659086517e-02 4.145540248216407e-02 1.296114350487187e-03
7.571354732001272e-02 3.894602684620271e-02 1.249837479488445e-03
7.586198794765918e-02 4.003501945090455e-02 1.266651960731096e-03
7.601042847360565e-02 3.954130857708178e-02 1.259890851765919e-03
7.615886889765322e-02 3.688983624377154e-02 1.212275237163414e-03
7.630730921960302e-02 3.977327987063525e-02 1.260897738598931e-03
7.645574943925618e-02 3.912869452989068e-02 1.241711588614114e-03
7.660418955641379e-02 3.841426365233901e-02 1.239169795236742e-03
7.675262957087696e-02 3.830391918897465e-02 1.231134591115704e-03
7.690106948244683e-02 3.814567382036202e-02 1.228589427995545e-03
7.704950929092451e-02 3.869969250606534e-02 1.237479710049941e-03
7.719794899611111e-02 3.974090469525533e-02 1.252964479177635e-03
7.734638859780776e-02 3.842277227628572e-02 1.233045441230514e-03
7.749482809581558e-02 3.631219265876121e-02 1.190723704979000e-03
7.764326748993566e-02 3.991370190208495e-02 1.250973530336927e-03
7.779170677996915e-02 3.567333515297263e-02 1.189111171765754e-03
7.794014596571718e-02 4.012720644854662e-02 1.252752407270607e-03
7.808858504698084e-02 3.997080264696810e-02 1.250309184557609e-03
7.823702402356127e-02 3.968256286562068e-02 1.243729180585713e-03
7.838546289525961e-02 3.749895459219965e-02 1.211536230190647e-03
7.853390166187696e-02 3.835005020253823e-02 1.223176638532256e-03
7.868234032321446e-02 3.965806938144004e-02 1.245410694466936e-03
7.883077887907322e-02 3.838913622234902e-02 1.223800964499302e-03
7.897921732925441e-02 3.750908317633098e-02 1.203723762635850e-03
7.912765567355910e-02 3.900788746669717e-02 1.231078012282410e-03
7.927609391178843e-02 3.763264158385250e-02 1.207688940630415e-03
7.942453204374357e-02 3.836905331239072e-02 1.219448563937808e-03
7.957297006922565e-02 3.935074488223027e-02 1.233935563238435e-03
7.972140798803574e-02 3.994877979051028e-02 1.241747641266144e-03
7.986984579997504e-02 3.709019158488886e-02 1.198955619982373e-03
8.001828350484462e-02 3.992368406973219e-02 1.230315299306362e-03
8.016672110244569e-02 3.875235820369223e-02 1.223013580250589e-03
8.031515859257930e-02 3.846807603402051e-02 1.219519995265945e-03
8.046359597504665e-02 3.812380957244690e-02 1.208606014717057e-03
8.061203324964886e-02 3.711140753408273e-02 1.193422411333291e-03
8.076047041618704e-02 3.730778277801226e-02 1.189328675764304e-03
8.090890747446239e-02 3.900401797490988e-02 1.225475477635266e-03
8.105734442427596e-02 3.763370516369202e-02 1.197894033649804e-03
8.120578126542898e-02 3.831296478879068e-02 1.209146447038394e-03
8.135421799772254e-02 3.932445334576692e-02 1.226496001849148e-03
8.150265462095777e-02 4.043754431135729e-02 1.229337539295176e-03
8.165109113493584e-02 3.696891605266832e-02 1.195035338778395e-03
8.179952753945788e-02 3.728745699433853e-02 1.185672152020742e-03
8.194796383432505e-02 3.576126442681943e-02 1.162084949196849e-03
8.209640001933849e-02 3.694236780389547e-02 1.184926999782290e-03
8.224483609429935e-02 3.817412624178498e-02 1.195864609068480e-03
8.239327205900873e-02 3.482753509507736e-02 1.157067352142419e-03
8.254170791326784e-02 3.693062676311343e-02 1.170191688342664e-03
8.269014365687780e-02 3.875807235494309e-02 1.208831064089916e-03
8.283857928963975e-02 3.850439928318269e-02 1.206803228198424e-03
8.298701481135486e-02 3.745399346008658e-02 1.187371416411378e-03
8.313545022182427e-02 3.989502492446884e-02 1.225944361946062e-03
8.328388552084913e-02 3.843059891070159e-02 1.195134774913751e-03
8.343232070823060e-02 3.808353936786256e-02 1.193026832615292e-03
8.358075578376983e-02 3.962773619863490e-02 1.216009603641129e-03
8.372919074726795e-02 3.921136857084211e-02 1.204367611872229e-03
8.387762559852617e-02 3.943089930803144e-02 1.219771654934614e-03
8.402606033734558e-02 3.694981262636782e-02 1.167288964255016e-03
8.417449496352740e-02 4.290824957911185e-02 1.265845738034750e-03
8.432292947687275e-02 3.913704691061913e-02 1.206073755610913e-03
8.447136387718281e-02 4.013217444404706e-02 1.215568514105180e-03
8.461979816425871e-02 4.078741147580778e-02 1.229786727591731e-03
8.476823233790162e-02 3.615251522289202e-02 1.157807103610402e-03
8.491666639791272e-02 3.992902594281838e-02 1.217257839379145e-03
8.506510034409315e-02 3.840186132694946e-02 1.189077388899559e-03
8.521353417624407e-02 3.968846343610099e-02 1.206007634134501e-03
8.536196789416668e-02 3.900256198485443e-02 1.200220876682394e-03
8.551040149766212e-02 3.647079610320021e-02 1.159703846474613e-03
8.565883498653153e-02 3.916970568270837e-02 1.195777692588883e-03
8.580726836057613e-02 3.789465181251078e-02 1.183053107414204e-03
8.595570161959706e-02 3.767308462015685e-02 1.172711900819275e-03
8.610413476339546e-02 3.820207546017486e-02 1.184596072614926e-03
8.625256779177254e-02 4.122324599292473e-02 1.225775349707904e-03
8.640100070452945e-02 3.687626878297480e-02 1.155774432004807e-03
8.654943350146739e-02 3.813391934843615e-02 1.180780818442345e-03
8.669786618238751e-02 3.607559482847226e-02 1.147137177045824e-03
8.684629874709095e-02 3.894468472860773e-02 1.192805382175704e-03
8.699473119537893e-02 3.721181729639390e-02 1.158353276207304e-03
8.714316352705261e-02 3.987198111178313e-02 1.202732284397913e-03
8.729159574191316e-02 3.789872311401141e-02 1.173498189042491e-03
8.744002783976176e-02 3.735616684110911e-02 1.160599632438088e-03
8.758845982039959e-02 3.812201186760197e-02 1.174236313182721e-03
8.773689168362783e-02 3.721023922347330e-02 1.160555475092270e-03
8.788532342924767e-02 3.512983672646578e-02 1.125055179696622e-03
8.803375505706024e-02 4.089763105834391e-02 1.217169838062657e-03
8.818218656686679e-02 4.089199538682210e-02 1.210585536654236e-03
8.833061795846844e-02 3.840975521838295e-02 1.171486551525740e-03
8.847904923166640e-02 3.667930838950556e-02 1.149601307814041e-03
8.862748038626185e-02 4.036478292119376e-02 1.201843921772131e-03
8.877591142205599e-02 4.013020612000159e-02 1.196983695498760e-03
8.892434233885001e-02 3.961737164039343e-02 1.187512192472727e-03
8.907277313644503e-02 3.921395736321086e-02 1.182345301079680e-03
8.922120381464232e-02 3.963974444258468e-02 1.194640369567657e-03
8.936963437324301e-02 4.034481165928321e-02 1.193863405804427e-03
8.951806481204833e-02 3.997681903409517e-02 1.195603925988748e-03
8.966649513085943e-02 3.724918483200677e-02 1.148441567053507e-03
8.981492532947756e-02 3.805143192390142e-02 1.163810180429113e-03
8.996335540770387e-02 3.961937305974729e-02 1.190248708063326e-03
9.011178536533952e-02 3.949601358638144e-02 1.178591719373433e-03
9.026021520218577e-02 3.757480190053143e-02 1.155191183722041e-03
9.040864491804375e-02 3.620087049640047e-02 1.129623690991573e-03
9.055707451271472e-02 3.879070674186300e-02 1.170648524797040e-03
9.070550398599986e-02 3.720837956420329e-02 1.146094560557666e-03
9.085393333770032e-02 3.956513112205791e-02 1.176991665711967e-03
9.100236256761735e-02 3.724537135813540e-02 1.144522483982415e-03
9.115079167555214e-02 3.813804697895977e-02 1.157293560925496e-03
9.129922066130586e-02 3.827198259094883e-02 1.159757048210570e-03
9.144764952467974e-02 3.770971763287435e-02 1.151206994111346e-03
9.159607826547496e-02 3.721719689704579e-02 1.135642192283832e-03
9.174450688349275e-02 3.848562913685743e-02 1.169997570995997e-03
9.189293537853430e-02 3.855921055483452e-02 1.154239776269177e-03
9.204136375040081e-02 3.602295561221741e-02 1.125168098461253e-03
9.218979199889352e-02 3.757753853789642e-02 1.142390804032400e-03
9.233822012381357e-02 3.765392406573677e-02 1.145242339521801e-03
9.248664812496223e-02 3.809347509993768e-02 1.152760997275787e-03
9.263507600214066e-02 3.886767201112259e-02 1.154202476881933e-03
9.278350375515013e-02 3.823517182818513e-02 1.157048935337009e-03
9.293193138379179e-02 3.994991751320946e-02 1.177035732559734e-03
9.308035888786687e-02 4.006279005682502e-02 1.180873915124181e-03
9.322878626717657e-02 3.731835652146935e-02 1.131378865532910e-03
9.337721352152216e-02 3.678136562290270e-02 1.124439157018758e-03
9.352564065070480e-02 3.682143113187702e-02 1.130428171822065e-03
9.367406765452573e-02 3.798015342463199e-02 1.147232489594498e-03
9.382249453278614e-02 3.785321754435196e-02 1.138217443981172e-03
9.397092128528726e-02 3.580652863226065e-02 1.105013463694276e-03
9.411934791183033e-02 3.895315959137462e-02 1.156741089867072e-03
9.426777441221654e-02 3.995032274023159e-02 1.177047671675371e-03
9.441620078624713e-02 3.818362815942563e-02 1.137405264605122e-03
9.456462703372331e-02 3.644571708391164e-02 1.118893646103924e-03
9.471305315444631e-02 3.707068282958094e-02 1.122323897434638e-03
9.486147914821734e-02 3.669383931830540e-02 1.122287956024320e-03
9.500990501483762e-02 3.748475698042856e-02 1.130207947833973e-03
9.515833075410839e-02 3.986228506196716e-02 1.163397542491490e-03
9.530675636583089e-02 3.875776156606948e-02 1.148409627345296e-03
9.545518184980632e-02 3.779830718168709e-02 1.134516615643963e-03
9.560360720583591e-02 3.653076721792370e-02 1.115735883230817e-03
9.575203243372092e-02 3.687576542297578e-02 1.113365423647051e-03
9.590045753326254e-02 3.910975954385414e-02 1.152782789381604e-03
9.604888250426204e-02 3.895627282438548e-02 1.151766351129588e-03
9.619730734652061e-02 3.672262416863437e-02 1.110260903602547e-03
9.634573205983951e-02 3.659932909560736e-02 1.113166882824900e-03
9.649415664401995e-02 3.827937552998018e-02 1.132744057110333e-03
9.664258109886319e-02 3.823092252615576e-02 1.137301353733634e-03
9.679100542417043e-02 3.621395101091393e-02 1.109688552432565e-03
9.693942961974295e-02 3.791477896152972e-02 1.120973939556930e-03
9.708785368538199e-02 3.597038635285406e-02 1.101191607442318e-03
9.723627762088875e-02 3.827745920386805e-02 1.130708855451909e-03
9.738470142606449e-02 3.916741482200723e-02 1.149499529282265e-03
9.753312510071047e-02 3.998100010415016e-02 1.155597459395116e-03
9.768154864462790e-02 3.992660268847838e-02 1.151143709073283e-03
9.782997205761802e-02 3.804129162156314e-02 1.133668446177551e-03
9.797839533948209e-02 4.092397978252458e-02 1.162162931098623e-03
9.812681849002138e-02 3.865113109916625e-02 1.135815858441636e-03
9.827524150903710e-02 3.877103033105921e-02 1.133966140127781e-03
9.842366439633053e-02 4.048173597072922e-02 1.159939889729807e-03
9.857208715170288e-02 3.769685509129630e-02 1.126912190321604e-03
9.872050977495538e-02 3.867300863025292e-02 1.125814807194318e-03
9.886893226588934e-02 3.897706757148753e-02 1.134185819752481e-03
9.901735462430598e-02 3.903271945682495e-02 1.133408500869912e-03
9.916577685000656e-02 3.787581900879426e-02 1.120802215198011e-03
9.931419894279231e-02 3.874571401528103e-02 1.137613334465362e-03
9.946262090246452e-02 3.874668563262042e-02 1.124155368496480e-03
9.961104272882444e-02 3.769674529408595e-02 1.115015077350281e-03
9.975946442167330e-02 3.794140221495097e-02 1.119805079649250e-03
9.990788598081238e-02 4.055240111429053e-02 1.157695359823444e-03
1.000563074060429e-01 3.847998308015550e-02 1.120670577245999e-03
1.002047286971662e-01 3.636144946276829e-02 1.090898030148247e-03
1.003531498539835e-01 3.702553436108567e-02 1.103888156461891e-03
1.005015708762960e-01 3.885300060361040e-02 1.129619530613138e-03
1.006499917639050e-01 4.021951322858109e-02 1.144930778039633e-03
1.007984125166118e-01 3.741079715817078e-02 1.102704890134324e-03
1.009468331342177e-01 3.848904004357703e-02 1.122363199956106e-03
1.010952536165238e-01 3.982326066539609e-02 1.144838250520402e-03
1.012436739633315e-01 3.824455644156018e-02 1.149984706798100e-03
1.013920941744421e-01 3.931140624269985e-02 1.171519129149506e-03
1.015405142496567e-01 3.887987376726863e-02 1.176020155984394e-03
1.016889341887768e-01 3.822784552254200e-02 1.176380625574326e-03
1.018373539916035e-01 3.814197953943045e-02 1.185585977210752e-03
1.019857736579381e-01 3.635308238993010e-02 1.156545620595780e-03
1.021341931875819e-01 4.020855258031652e-02 1.226920150036742e-03
1.022826125803362e-01 3.945475100186179e-02 1.218761328629640e-03
1.024310318360022e-01 3.706587288584358e-02 1.198169508084723e-03
1.025794509543812e-01 3.814620387078878e-02 1.200302300929072e-03
1.027278699352746e-01 3.737331075328895e-02 1.208107562950936e-03
1.028762887784834e-01 3.784335986306375e-02 1.220753543969799e-03
1.030247074838092e-01 3.816186603280988e-02 1.220281915827751e-03
1.031731260510531e-01 3.831191246122355e-02 1.239744373430179e-03
1.033215444800164e-01 3.876557806818162e-02 1.231429170999690e-03
1.034699627705003e-01 3.907846638458289e-02 1.261252079190132e-03
1.036183809223063e-01 3.839842500337269e-02 1.246465621915466e-03
1.037667989352355e-01 3.791394092645880e-02 1.241246700915995e-03
1.039152168090893e-01 3.897054106002554e-02 1.258424404469111e-03
1.040636345436689e-01 3.737201498370545e-02 1.196249048829771e-03
1.042120521387756e-01 3.928680189351414e-02 1.229514927491653e-03
1.043604695942107e-01 3.873170075305148e-02 1.202755051460127e-03
1.045088869097756e-01 3.812002965494647e-02 1.184331695332645e-03
1.046573040852714e-01 3.818368618111825e-02 1.190916451532704e-03
1.048057211204995e-01 4.001010391060049e-02 1.199823283951922e-03
1.049541380152612e-01 3.934048728756791e-02 1.202673789110091e-03
1.051025547693577e-01 3.810362256261880e-02 1.161609435189191e-03
1.052509713825904e-01 3.865218525835443e-02 1.176148542381632e-03
1.053993878547606e-01 3.875736135928397e-02 1.180442457978943e-03
1.055478041856695e-01 3.904870052836341e-02 1.174164707507454e-03
1.056962203751185e-01 3.931398698205386e-02 1.182141669277972e-03
1.058446364229088e-01 3.896500275633207e-02 1.163782721489546e-03
1.059930523288418e-01 3.850020655466117e-02 1.162411092747704e-03
1.061414680927188e-01 4.000748870226725e-02 1.188050124040581e-03
1.062898837143410e-01 3.972441381840713e-02 1.175504904455676e-03
1.064382991935097e-01 3.715232033417514e-02 1.134719582943409e-03
1.065867145300264e-01 4.077579123580713e-02 1.180543991740378e-03
1.067351297236922e-01 3.912200087250132e-02 1.164840624758875e-03
1.068835447743085e-01 3.923777805131724e-02 1.160596592295369e-03
1.070319596816766e-01 3.840962450431062e-02 1.139595946495726e-03
1.071803744455978e-01 3.803507295348574e-02 1.140596041399215e-03
1.073287890658734e-01 3.633177026940515e-02 1.109140844006840e-03
1.074772035423047e-01 3.965898278037978e-02 1.163425307784671e-03
1.076256178746930e-01 3.969612560683185e-02 1.153158344396722e-03
1.077740320628398e-01 3.837606134992677e-02 1.139101618628653e-03
1.079224461065461e-01 3.825783108644318e-02 1.134094421853446e-03
1.080708600056134e-01 3.997750912438124e-02 1.158890093392386e-03
1.082192737598431e-01 3.901282690530665e-02 1.148927877307194e-03
1.083676873690363e-01 4.082412267087814e-02 1.161201598336696e-03
1.085161008329945e-01 3.701170822876202e-02 1.111909010676853e-03
1.086645141515189e-01 3.731239363272017e-02 1.116417213033237e-03
1.088129273244109e-01 3.746730773308347e-02 1.115572853496734e-03
1.089613403514718e-01 3.916098330846930e-02 1.142929756078944e-03
1.091097532325029e-01 3.735742952842606e-02 1.108865968698926e-03
1.092581659673056e-01 3.864789116883654e-02 1.131817817058245e-03
1.094065785556811e-01 3.946493239517276e-02 1.142113328471240e-03
1.095549909974309e-01 3.745631955514416e-02 1.110334848169209e-03
1.097034032923561e-01 3.884861463391956e-02 1.132367261581584e-03
1.098518154402582e-01 3.917349893628455e-02 1.135106167211043e-03
1.100002274409385e-01 3.907487685276605e-02 1.133677161547845e-03
1.101486392941984e-01 3.790061229010192e-02 1.108034531522681e-03
1.102970509998390e-01 3.955793020216408e-02 1.131613075264999e-03
1.104454625576619e-01 3.871411184505021e-02 1.121794792568573e-03
1.105938739674683e-01 3.695436459985153e-02 1.094493819951120e-03
1.107422852290595e-01 3.850471688754534e-02 1.113392636360006e-03
1.108906963422369e-01 3.871784582893768e-02 1.123791716811681e-03
1.110391073068019e-01 3.993847309781543e-02 1.167113277147968e-03
1.111875181225557e-01 4.051428530226744e-02 1.178917008134597e-03
1.113359287892998e-01 3.863967807957440e-02 1.167154160351832e-03
1.114843393068354e-01 3.801193898464195e-02 1.157202334582124e-03
1.116327496749638e-01 3.940011611571016e-02 1.187958198656779e-03
1.117811598934866e-01 3.861279749104059e-02 1.180979651561907e-03
1.119295699622049e-01 3.821965488440869e-02 1.179484156611858e-03
1.120779798809202e-01 4.119078073811140e-02 1.225894376355393e-03
1.122263896494337e-01 3.920209752590600e-02 1.200126692168201e-03
1.123747992675469e-01 3.953818915868438e-02 1.216703663541338e-03
1.125232087350610e-01 3.949592270103341e-02 1.219451466022635e-03
1.126716180517775e-01 3.830432709002245e-02 1.184921806646110e-03
1.128200272174977e-01 3.939470975687667e-02 1.214014068465302e-03
1.129684362320229e-01 4.081647541295770e-02 1.228431553135809e-03
1.131168450951544e-01 3.761411339228853e-02 1.185321315065371e-03
1.132652538066937e-01 3.738771953459071e-02 1.186463417083628e-03
1.134136623664422e-01 3.743043812776693e-02 1.175454798228788e-03
1.135620707742011e-01 3.967658196299807e-02 1.219807833058252e-03
1.137104790297718e-01 3.813193111119938e-02 1.196305076842520e-03
1.138588871329557e-01 3.933338134094748e-02 1.217921026881636e-03
1.140072950835541e-01 3.877881397387915e-02 1.211246651975830e-03
1.141557028813685e-01 4.080929089440351e-02 1.240066057016927e-03
1.143041105262001e-01 3.818479408456170e-02 1.206303511954794e-03
1.144525180178503e-01 4.128948631637420e-02 1.244359364215813e-03
1.146009253561206e-01 3.887750998480769e-02 1.216705778179369e-03
1.147493325408122e-01 3.906884168187805e-02 1.216749573694598e-03
1.148977395717266e-01 3.912419403594556e-02 1.225026033721892e-03
1.150461464486651e-01 4.103101835753617e-02 1.259663669882533e-03
1.151945531714290e-01 3.650545125320937e-02 1.173329642337241e-03
1.153429597398198e-01 3.639227282495083e-02 1.181966073501654e-03
1.154913661536388e-01 3.664393312508669e-02 1.182677856108326e-03
1.156397724126874e-01 3.861265576884469e-02 1.223488816893538e-03
1.157881785167671e-01 4.008916582358209e-02 1.239541801651234e-03
1.159365844656790e-01 3.940007063384347e-02 1.231853845363208e-03
1.160849902592246e-01 3.744182912572312e-02 1.205295125762305e-03
1.162333958972054e-01 3.966978122538138e-02 1.236064669212481e-03
1.163818013794227e-01 3.920069313229665e-02 1.235318686112486e-03
1.165302067056779e-01 4.180982848484029e-02 1.266383189806164e-03
1.166786118757722e-01 3.925270753831244e-02 1.238187991211508e-03
1.168270168895073e-01 3.725730454456511e-02 1.211339456548841e-03
1.169754217466844e-01 3.895013011427616e-02 1.226813783523602e-03
1.171238264471048e-01 3.888274693361028e-02 1.230811847811275e-03
1.172722309905701e-01 3.683687085681790e-02 1.190145275654495e-03
1.174206353768815e-01 3.727878021737890e-02 1.215253503637723e-03
1.175690396058405e-01 3.852857080493839e-02 1.233901782348673e-03
1.177174436772486e-01 3.908687693787112e-02 1.224457961734592e-03
1.178658475909069e-01 3.859009094374460e-02 1.239053146579240e-03
1.180142513466170e-01 3.901885916235083e-02 1.234502071969532e-03
1.181626549441803e-01 3.851414251925602e-02 1.240457005696238e-03
1.183110583833981e-01 4.098356330759370e-02 1.259989370955986e-03
1.184594616640718e-01 3.982112884466903e-02 1.248685563559072e-03
1.186078647860030e-01 3.878453269173082e-02 1.248518282890089e-03
1.187562677489928e-01 3.954086634754000e-02 1.244802917247916e-03
1.189046705528428e-01 4.011407554785776e-02 1.262223033852324e-03
1.190530731973543e-01 4.017951425810180e-02 1.253774579895764e-03
1.192014756823288e-01 3.985149319975903e-02 1.253340348007303e-03
1.193498780075676e-01 4.037524608975330e-02 1.279338628398514e-03
1.194982801728722e-01 3.835821983983450e-02 1.226560618226896e-03
1.196466821780439e-01 3.775528315805002e-02 1.225588354159313e-03
1.197950840228843e-01 3.874546236603019e-02 1.238943268785697e-03
1.199434857071946e-01 3.820804859733991e-02 1.231876928411810e-03
1.200918872307763e-01 4.182615517865573e-02 1.298222906091539e-03
1.202402885934308e-01 3.882915303600917e-02 1.234071493064222e-03
1.203886897949596e-01 3.857347886805552e-02 1.248862489549301e-03
1.205370908351639e-01 3.796225574295855e-02 1.228429747736673e-03
1.206854917138454e-01 3.837891342065134e-02 1.245176375310511e-03
1.208338924308053e-01 3.940640177768162e-02 1.250524361745626e-03
1.209822929858451e-01 4.086952303955838e-02 1.274065870377673e-03
1.211306933787662e-01 3.787930421031658e-02 1.240777863911445e-03
1.212790936093700e-01 3.742943395768626e-02 1.220813526454928e-03
1.214274936774580e-01 4.087559864278215e-02 1.281750955031247e-03
1.215758935828316e-01 4.221036068018728e-02 1.301401171168567e-03
1.217242933252921e-01 3.981204531718306e-02 1.266589890911238e-03
1.218726929046411e-01 3.656079838167748e-02 1.220049644059897e-03
1.220210923206799e-01 4.049084480174341e-02 1.274078394450987e-03
1.221694915732101e-01 4.021027429324291e-02 1.269657461102102e-03
1.223178906620329e-01 3.639629506025652e-02 1.210522767069792e-03
1.224662895869498e-01 3.842315366298013e-02 1.248584726745306e-03
1.226146883477624e-01 3.922109970330850e-02 1.262571872242156e-03
1.227630869442719e-01 3.911447229206416e-02 1.253308534248113e-03
1.229114853762799e-01 4.021352128474088e-02 1.280659413579016e-03
1.230598836435877e-01 3.806437056587157e-02 1.239546451183052e-03
1.232082817459969e-01 4.167247783752537e-02 1.304815894578297e-03
1.233566796833089e-01 3.744450674899324e-02 1.225221688490686e-03
1.235050774553250e-01 3.853416346048080e-02 1.254180194119263e-03
1.236534750618467e-01 3.961689456710626e-02 1.273335218088787e-03
1.238018725026756e-01 3.951916684468882e-02 1.266275784139174e-03
1.239502697776129e-01 4.194478300553589e-02 1.305684063405723e-03
1.240986668864602e-01 3.928243976652637e-02 1.258690559285999e-03
1.242470638290189e-01 3.909204604266028e-02 1.264327125110524e-03
1.243954606050905e-01 4.041829421431003e-02 1.287833937648372e-03
1.245438572144764e-01 3.648433551295285e-02 1.220901736501463e-03
1.246922536569781e-01 3.900471338945016e-02 1.260185088715806e-03
1.248406499323969e-01 4.087464433413237e-02 1.286154968659586e-03
1.249890460405344e-01 3.771039748308497e-02 1.246667285438142e-03
1.251374419811920e-01 3.992892407937062e-02 1.276133947926392e-03
1.252858377541713e-01 4.063510504922924e-02 1.290165875479549e-03
1.254342333592735e-01 4.127575516630962e-02 1.306561199824528e-03
1.255826287963002e-01 3.935757949080598e-02 1.263695718699275e-03
1.257310240650529e-01 4.014084862069264e-02 1.290175739194293e-03
1.258794191653329e-01 4.158932073400487e-02 1.299032134684269e-03
1.260278140969418e-01 4.127051946667331e-02 1.302486045015157e-03
1.261762088596811e-01 4.144488941911027e-02 1.304098208566523e-03
1.263246034533521e-01 4.060727303634309e-02 1.292543741878321e-03
1.264729978777564e-01 3.953911904238917e-02 1.278786499271828e-03
1.266213921326954e-01 3.656314215624806e-02 1.215399970242843e-03
1.267697862179706e-01 4.000892406151575e-02 1.281311029139689e-03
1.269181801333835e-01 4.163975905247058e-02 1.298708402803890e-03
1.270665738787355e-01 3.958559174533628e-02 1.275627866022713e-03
1.272149674538281e-01 3.782556208396251e-02 1.243696820171871e-03
1.273633608584628e-01 4.101423064129932e-02 1.282320993777608e-03
1.275117540924411e-01 4.087096754055437e-02 1.295046163642405e-03
1.276601471555643e-01 3.800880960715881e-02 1.237081382608370e-03
1.278085400476341e-01 4.014142108421188e-02 1.275134264773243e-03
1.279569327684519e-01 3.887276581957420e-02 1.265200762215739e-03
1.281053253178191e-01 3.789606785453424e-02 1.234720611372488e-03
1.282537176955372e-01 4.028546857776491e-02 1.282950682166024e-03
1.284021099014078e-01 3.898238126762099e-02 1.252294508867338e-03
1.285505019352323e-01 3.895302305098713e-02 1.257203413007557e-03
1.286988937968122e-01 4.008567738325248e-02 1.283111265537075e-03
1.288472854859490e-01 3.916924617615467e-02 1.262867182152997e-03
1.289956770024441e-01 4.083882753497954e-02 1.297943141441859e-03
1.291440683460992e-01 3.908281020630934e-02 1.255520751194285e-03
1.292924595167155e-01 3.780164531158328e-02 1.242239142305874e-03
1.294408505140947e-01 4.061283236383081e-02 1.288160821647354e-03
1.295892413380383e-01 4.014216746111600e-02 1.275157974216984e-03
1.297376319883476e-01 3.801155147395483e-02 1.256623129273122e-03
1.298860224648243e-01 3.830169752079482e-02 1.243981304626392e-03
1.300344127672698e-01 4.165173234996514e-02 1.307374614264325e-03
1.301828028954856e-01 3.950466334498286e-02 1.274343978870415e-03
1.303311928492733e-01 3.894672052015011e-02 1.257655199118313e-03
1.304795826284343e-01 3.843272926943433e-02 1.254204719018103e-03
1.306279722327701e-01 4.038575706463847e-02 1.290734393454901e-03
1.307763616620822e-01 3.857819840841380e-02 1.260967862075360e-03
1.309247509161722e-01 4.200167745574966e-02 1.304928624616853e-03
1.310731399948415e-01 4.238673576432902e-02 1.319441451871845e-03
1.312215288978917e-01 3.912883768654922e-02 1.265517051912908e-03
1.313699176251241e-01 3.942380959869925e-02 1.276392963449373e-03
1.315183061763405e-01 3.690305836898322e-02 1.234913762617680e-03
1.316666945513423e-01 3.825932422214807e-02 1.249211218052647e-03
1.318150827499309e-01 3.955459973414266e-02 1.277951110097656e-03
1.319634707719080e-01 3.762326064837817e-02 1.237714405675680e-03
1.321118586170749e-01 3.826177249394835e-02 1.260768268949477e-03
1.322602462852334e-01 3.969165952111021e-02 1.279045852327799e-03
1.324086337761848e-01 4.038063116373585e-02 1.287287504439886e-03
1.325570210897306e-01 3.868923280614207e-02 1.270036287463467e-03
1.327054082256724e-01 4.049740002639740e-02 1.285793736632497e-03
1.328537951838119e-01 3.814535163801063e-02 1.258299045154815e-03
1.330021819639503e-01 4.005258931139655e-02 1.282052142166218e-03
1.331505685658892e-01 4.191321428400809e-02 1.314934480725023e-03
1.332989549894304e-01 4.054927293153255e-02 1.306004142729127e-03
1.334473412343751e-01 3.892152629099891e-02 1.256186859450108e-03
1.335957273005250e-01 3.712941588889091e-02 1.245280640778301e-03
1.337441131876815e-01 3.947953133725311e-02 1.276192005175690e-03
1.338924988956463e-01 3.881227174953188e-02 1.265916722059935e-03
1.340408844242209e-01 3.830683702811739e-02 1.264314018753278e-03
1.341892697732067e-01 3.755039070123672e-02 1.238673094770312e-03
1.343376549424055e-01 3.928070501126309e-02 1.282560482986274e-03
1.344860399316185e-01 3.864736288800990e-02 1.263228573813231e-03
1.346344247406474e-01 3.808692665555598e-02 1.255688786416556e-03
1.347828093692938e-01 4.345276824081089e-02 1.344185802472641e-03
1.349311938173592e-01 3.839216791491776e-02 1.259606170279368e-03
1.350795780846451e-01 4.045404088981578e-02 1.305648555442087e-03
1.352279621709530e-01 3.996896470940250e-02 1.284651181046560e-03
1.353763460760846e-01 3.863703467570796e-02 1.266958277920487e-03
1.355247297998415e-01 3.786328523587157e-02 1.250355835438812e-03
1.356731133420249e-01 4.080308191140986e-02 1.301416199211425e-03
1.358214967024367e-01 4.032187693386621e-02 1.304102698723470e-03
1.359698798808782e-01 3.666604376741235e-02 1.230431864762062e-03
1.361182628771512e-01 4.042999616284678e-02 1.299469293186139e-03
1.362666456910571e-01 3.858835105970077e-02 1.266724681897001e-03
1.364150283223974e-01 3.911563608600564e-02 1.273105516089822e-03
1.365634107709738e-01 3.989057802397251e-02 1.294221251355277e-03
1.367117930365878e-01 4.004600720260734e-02 1.286463096689822e-03
1.368601751190411e-01 3.827671723728007e-02 1.266081275829137e-03
1.370085570181349e-01 3.827939773307790e-02 1.259981723889866e-03
1.371569387336711e-01 3.977141331845291e-02 1.291715454644367e-03
1.373053202654511e-01 3.993212034594423e-02 1.287463232554548e-03
1.374537016132766e-01 3.919125570766117e-02 1.281691113790405e-03
1.376020827769490e-01 4.137199649550350e-02 1.321579950411841e-03
1.377504637562700e-01 3.861556976808193e-02 1.268301716182902e-03
1.378988445510411e-01 4.207312856506532e-02 1.323866280246154e-03
1.380472251610639e-01 4.133360020519957e-02 1.311022189365737e-03
1.381956055861399e-01 3.986546323708428e-02 1.296138010062294e-03
1.383439858260708e-01 3.999589431199128e-02 1.301755481045568e-03
1.384923658806582e-01 3.981164640932271e-02 1.281582243340851e-03
1.386407457497034e-01 4.166484076775288e-02 1.321528502035562e-03
1.387891254330083e-01 3.868884532210829e-02 1.273458855444192e-03
1.389375049303744e-01 3.791805026332801e-02 1.261833702239170e-03
1.390858842416031e-01 4.004288672666796e-02 1.294402698658909e-03
1.392342633664962e-01 3.963117788074213e-02 1.287160819365771e-03
1.393826423048553e-01 4.053437694393691e-02 1.307560546578610e-03
1.395310210564817e-01 4.022269852657558e-02 1.296158345117462e-03
1.396793996211773e-01 3.934653239717491e-02 1.288838521136107e-03
1.398277779987435e-01 4.057437408574102e-02 1.300086805050722e-03
1.399761561889819e-01 4.284305811758372e-02 1.346095090607718e-03
1.401245341916943e-01 4.246666293245954e-02 1.339569048032575e-03
1.402729120066820e-01 3.870897676709555e-02 1.275504150759756e-03
1.404212896337468e-01 3.944406989600051e-02 1.285839929829555e-03
1.405696670726902e-01 4.057471649885054e-02 1.300097776674452e-03
1.407180443233139e-01 3.895643469918239e-02 1.289976456873963e-03
1.408664213854193e-01 3.956330371605263e-02 1.288358430449916e-03
1.410147982588082e-01 4.052160496454331e-02 1.300400187513589e-03
1.411631749432821e-01 4.128442131636612e-02 1.325562881189282e-03
1.413115514386427e-01 4.214047655192808e-02 1.327300251025599e-03
1.414599277446915e-01 3.700101092415831e-02 1.256620212785358e-03
1.416083038612301e-01 3.798975464129337e-02 1.252485119978291e-03
1.417566797880601e-01 4.053642450185217e-02 1.311727892623805e-03
1.419050555249833e-01 4.049404712587677e-02 1.311043182766431e-03
1.420534310718010e-01 4.089942596680377e-02 1.324167807336136e-03
1.422018064283151e-01 4.219054806035712e-02 1.400142513841900e-03
1.423501815943271e-01 4.092759254968232e-02 1.385189138115708e-03
1.424985565696385e-01 3.800792185527870e-02 1.367935040232757e-03
1.426469313540512e-01 3.867363821412548e-02 1.398248340550553e-03
1.427953059473665e-01 4.209520529958213e-02 1.461145906642713e-03
1.429436803493862e-01 4.135879797255453e-02 1.478042857739989e-03
1.430920545599118e-01 3.754502457541688e-02 1.409039664156806e-03
1.432404285787451e-01 3.926370252711805e-02 1.468379219772659e-03
1.433888024056876e-01 4.117793742853657e-02 1.518871103732316e-03
1.435371760405410e-01 3.792858746412907e-02 1.457714033135083e-03
1.436855494831068e-01 3.947614329338379e-02 1.511619652098250e-03
1.438339227331868e-01 3.916654470082325e-02 1.513135631233972e-03
1.439822957905825e-01 3.951925821195222e-02 1.525624042078825e-03
1.441306686550955e-01 4.075796306190841e-02 1.571104017880841e-03
1.442790413265275e-01 3.689522264341120e-02 1.493843899665779e-03
1.444274138046802e-01 3.973730963909770e-02 1.583172311287631e-03
1.445757860893551e-01 4.138500766753175e-02 1.614582924709525e-03
1.447241581803540e-01 4.157779811128966e-02 1.627064971761289e-03
1.448725300774784e-01 4.275703536266086e-02 1.668110823183783e-03
1.450209017805300e-01 4.076966000078377e-02 1.633401937237323e-03
1.451692732893104e-01 4.163872656776815e-02 1.688673349474647e-03
1.453176446036212e-01 3.840452114125431e-02 1.604371887059815e-03
1.454660157232642e-01 3.857587118636671e-02 1.630128083150851e-03
1.456143866480410e-01 3.919467911901740e-02 1.657758293709514e-03
1.457627573777532e-01 3.924142197967855e-02 1.661221858362414e-03
1.459111279122024e-01 4.017807059285024e-02 1.713198686436391e-03
1.460594982511903e-01 3.955318512872743e-02 1.688088805096827e-03
1.462078683945185e-01 4.358422848412230e-02 1.791300756318753e-03
1.463562383419889e-01 4.097557678726705e-02 1.751989150547627e-03
1.465046080934028e-01 4.045128056692223e-02 1.740745955205039e-03
1.466529776485621e-01 3.821228381461686e-02 1.705497692505356e-03
1.468013470072683e-01 3.916133354591195e-02 1.747855854991773e-03
1.469497161693232e-01 3.848010879617343e-02 1.738354120099828e-03
1.470980851345284e-01 3.806664330481727e-02 1.754018336212910e-03
1.472464539026855e-01 4.148053629692334e-02 1.827850821110338e-03
1.473948224735963e-01 3.682660061804485e-02 1.720794038992163e-03
1.475431908470624e-01 4.135609948434785e-02 1.872102660112024e-03
1.476915590228854e-01 4.199547093754423e-02 1.878094555269315e-03
1.478399270008671e-01 3.778087268086792e-02 1.799089175279425e-03
1.479882947808090e-01 3.999847794931476e-02 1.875157568917271e-03
1.481366623625130e-01 4.237273354965574e-02 1.912254695725461e-03
1.482850297457805e-01 4.204771017776320e-02 1.969064438099610e-03
1.484333969304134e-01 3.836734114877357e-02 1.841691310206034e-03
1.485817639162133e-01 4.180384716805745e-02 1.940694884243555e-03
1.487301307029819e-01 3.973371116339090e-02 1.927368094405227e-03
1.488784972905207e-01 3.856058331437245e-02 1.863896146444461e-03
1.490268636786317e-01 4.402986097922079e-02 2.061887153952633e-03
1.491752298671163e-01 3.588350981320790e-02 1.803214215324948e-03
1.493235958557763e-01 4.505893728650581e-02 2.054510695595055e-03
1.494719616444135e-01 3.950458758119134e-02 1.939203935515322e-03
1.496203272328294e-01 4.252293999969724e-02 2.018049425180820e-03
1.497686926208257e-01 4.036066735340252e-02 1.988427361477863e-03
1.499170578082042e-01 3.877697276123814e-02 1.917397900888609e-03
1.500654227947665e-01 4.791387412636970e-02 2.180156761984635e-03
1.502137875803144e-01 3.951085646882511e-02 1.963310242522895e-03
1.503621521646495e-01 4.057050332096096e-02 1.991527681288917e-03
1.505105165475735e-01 3.747538582153751e-02 1.940401925193634e-03
1.506588807288882e-01 4.056805138569900e-02 1.977165845857512e-03
1.508072447083951e-01 4.214458824722866e-02 2.068796471339695e-03
1.509556084858961e-01 3.836556350565402e-02 1.942715825126214e-03
1.511039720611928e-01 4.103442212795479e-02 2.007059192295046e-03
1.512523354340869e-01 4.377688561935690e-02 2.106216391384931e-03
1.514006986043802e-01 3.571278753642915e-02 1.882229170146495e-03
1.515490615718743e-01 3.798434915638865e-02 1.974712282042588e-03
1.516974243363709e-01 4.112038875966847e-02 2.011263957695996e-03
1.518457868976718e-01 3.923404139158931e-02 1.991806673482195e-03
1.519941492555787e-01 4.198833502092467e-02 2.076189544930273e-03
1.521425114098933e-01 3.794196251330360e-02 1.967199116478422e-03
1.522908733604172e-01 4.052453808965826e-02 2.059978040687355e-03
1.524392351069522e-01 3.938525330553335e-02 1.989255692220894e-03
1.525875966493001e-01 3.944579112834409e-02 2.050689032351802e-03
1.527359579872626e-01 3.991249114300712e-02 2.042100697760079e-03
1.528843191206413e-01 3.909216096953234e-02 2.032304675809819e-03
1.530326800492380e-01 3.791424394908014e-02 2.026601584800356e-03
1.531810407728545e-01 3.776007395248335e-02 1.981889896462404e-03
1.533294012912923e-01 4.085413155169931e-02 2.138402979080707e-03
1.534777616043534e-01 3.776162223060692e-02 2.004178812892721e-03
1.536261217118393e-01 3.776392880397474e-02 2.039060492736041e-03
1.537744816135519e-01 4.095687320006156e-02 2.123514953783148e-03
1.539228413092928e-01 4.376461261059988e-02 2.213271592712847e-03
1.540712007988639e-01 4.401940311292062e-02 2.249286426109033e-03
1.542195600820668e-01 4.083966126338705e-02 2.103349565695739e-03
1.543679191587032e-01 4.162706551080034e-02 2.206230059616711e-03
1.545162780285749e-01 3.666361039010574e-02 2.030609572443152e-03
1.546646366914837e-01 4.081608957768378e-02 2.203861683932381e-03
1.548129951472313e-01 3.644491013989955e-02 2.056705264475565e-03
1.549613533956194e-01 4.347193813448361e-02 2.227134857245499e-03
1.551097114364498e-01 4.167194111829031e-02 2.246800487777820e-03
1.552580692695243e-01 3.882118057380333e-02 2.130589078804832e-03
1.554064268946445e-01 4.121790002959669e-02 2.228808772942291e-03
1.555547843116122e-01 4.237551946598415e-02 2.242750318611115e-03
1.557031415202292e-01 3.969581970688861e-02 2.198548114196046e-03
1.558514985202972e-01 4.039170298239907e-02 2.243983499022171e-03
1.559998553116179e-01 3.726622448626628e-02 2.116579321468268e-03
1.561482118939933e-01 3.641386899709630e-02 2.141992293946841e-03
1.562965682672249e-01 4.217652600690644e-02 2.283986935736204e-03
1.564449244311146e-01 3.937585556678398e-02 2.236398315275813e-03
1.565932803854641e-01 3.602839516903707e-02 2.168654543867866e-03
1.567416361300751e-01 4.143465125099340e-02 2.263816829974538e-03
1.568899916647495e-01 3.850875609657671e-02 2.242066462149832e-03
1.570383469892890e-01 3.832091093821792e-02 2.227357705540015e-03
1.571867021034954e-01 4.101818548221123e-02 2.333443044290666e-03
1.573350570071704e-01 3.570438820593157e-02 2.164896527516372e-03
1.574834117001158e-01 3.806220202665172e-02 2.219832701238678e-03
1.576317661821335e-01 3.998044796957542e-02 2.343695366720258e-03
1.577801204530250e-01 3.788997685339694e-02 2.268413578847289e-03
1.579284745125923e-01 3.871450664550129e-02 2.273394109077471e-03
1.580768283606372e-01 3.959614468726104e-02 2.349598912501570e-03
1.582251819969613e-01 4.334427019949087e-02 2.419241249147715e-03
1.583735354213664e-01 4.280175865002617e-02 2.483609938859356e-03
1.585218886336544e-01 4.233053743041521e-02 2.408100138191760e-03
1.586702416336271e-01 3.612002756733148e-02 2.257501722958217e-03
1.588185944210862e-01 4.141769907120314e-02 2.462026655446652e-03
1.589669469958334e-01 3.955178297902651e-02 2.355274401519692e-03
1.591152993576707e-01 3.994457219081375e-02 2.444568118613913e-03
1.592636515063998e-01 3.884300878031709e-02 2.355203353206494e-03
1.594120034418224e-01 4.154704448200401e-02 2.469715442035303e-03
1.595603551637404e-01 4.091315212925332e-02 2.489895146648063e-03
1.597087066719556e-01 4.402364332206708e-02 2.550221184872747e-03
1.598570579662698e-01 3.871070138013897e-02 2.433720944102673e-03
1.600054090464846e-01 3.861304884147578e-02 2.422798164966722e-03
1.601537599124021e-01 4.045887296772622e-02 2.476042815016037e-03
1.603021105638239e-01 4.064251786964630e-02 2.535210609739835e-03
1.604504610005519e-01 3.847371222810503e-02 2.438172444665030e-03
1.605988112223878e-01 4.222410190389042e-02 2.584073071512166e-03
1.607471612291335e-01 4.141429967208798e-02 2.563480794324715e-03
1.608955110205908e-01 3.654724301655075e-02 2.420400296847047e-03
1.610438605965615e-01 3.315126579650512e-02 2.321052862758254e-03
1.611922099568474e-01 4.208918869533644e-02 2.615294933080156e-03
1.613405591012503e-01 3.910884989645493e-02 2.529741201164254e-03
1.614889080295720e-01 4.041859360474880e-02 2.603590490030118e-03
1.616372567416144e-01 3.800042572218045e-02 2.511138814242888e-03
1.617856052371793e-01 3.770180580965249e-02 2.541855229148357e-03
1.619339535160685e-01 3.899025283923220e-02 2.570941137495436e-03
1.620823015780837e-01 4.041952055718438e-02 2.636678795881208e-03
1.622306494230269e-01 3.530152283181841e-02 2.496194618059053e-03
1.623789970506999e-01 3.805119356303738e-02 2.577152019215316e-03
1.625273444609043e-01 4.232602527149568e-02 2.743588718414651e-03
1.626756916534423e-01 4.216698740911361e-02 2.733279824956468e-03
1.628240386281155e-01 3.705476247193268e-02 2.581727635092957e-03
1.629723853847257e-01 3.598532890190222e-02 2.563848527105197e-03
1.631207319230749e-01 3.493022896022804e-02 2.540800289720375e-03
1.632690782429647e-01 4.060847067758069e-02 2.750352680280529e-03
1.634174243441972e-01 4.247132806979934e-02 2.812732413798704e-03
1.635657702265741e-01 3.529857274042270e-02 2.595202681780067e-03
1.637141158898972e-01 3.850739821664962e-02 2.716102451023502e-03
1.638624613339684e-01 3.548951571306795e-02 2.602217546413200e-03
1.640108065585895e-01 3.534648257829046e-02 2.656804323384322e-03
1.641591515635625e-01 3.992310325340693e-02 2.788350481331641e-03
1.643074963486891e-01 4.297040354417497e-02 2.917021064862862e-03
1.644558409137711e-01 4.449941222553452e-02 3.000149760215049e-03
1.646041852586105e-01 3.850540905114514e-02 2.778888535116912e-03
1.647525293830090e-01 4.189254196393561e-02 2.962250050384088e-03
1.649008732867686e-01 4.108165059142772e-02 2.926946413273289e-03
1.650492169696911e-01 3.622164296157671e-02 2.730309068040170e-03
1.651975604315783e-01 3.804941617026547e-02 2.868082657473911e-03
1.653459036722321e-01 3.997590181372794e-02 2.900156734258936e-03
1.654942466914544e-01 3.605304130214729e-02 2.798258695997375e-03
1.656425894890469e-01 3.590832153615688e-02 2.838802075198300e-03
1.657909320648118e-01 4.235163306747215e-02 3.032863437947711e-03
1.659392744185506e-01 4.078545587820076e-02 3.039968394565842e-03
1.660876165500653e-01 3.975891879941947e-02 2.980056956037818e-03
1.662359584591579e-01 3.866494276109782e-02 2.974226366238295e-03
1.663843001456301e-01 3.665677782860134e-02 2.953887336146337e-03
1.665326416092838e-01 4.389580930266174e-02 3.184536712843921e-03
1.666809828499210e-01 3.737102072905821e-02 2.982532150302899e-03
1.668293238673434e-01 4.284584225222823e-02 3.193540527640500e-03
1.669776646613530e-01 3.644112461157657e-02 2.975405365051349e-03
1.671260052317516e-01 3.409448812350065e-02 2.923578237169216e-03
1.672743455783411e-01 3.804823006550268e-02 3.056107381914093e-03
1.674226857009234e-01 3.457966724790096e-02 2.976143897078100e-03
1.675710255993005e-01 3.503312943775970e-02 2.971471256115328e-03
1.677193652732740e-01 4.198006735301513e-02 3.288132644544740e-03
1.678677047226461e-01 3.959011648623933e-02 3.265337772939845e-03
1.680160439472184e-01 3.858542177711177e-02 3.161040918650048e-03
1.681643829467930e-01 4.165090010058710e-02 3.378334102846329e-03
1.683127217211718e-01 4.524612205251215e-02 3.490814102748152e-03
1.684610602701565e-01 4.658343228771047e-02 3.572786162501609e-03
1.686093985935492e-01 4.429231718007982e-02 3.546223488897762e-03
1.687577366911517e-01 3.753599586386300e-02 3.254783622957173e-03
1.689060745627659e-01 3.694897215892320e-02 3.278691096145525e-03
1.690544122081938e-01 4.540751944685806e-02 3.612428285229905e-03
1.692027496272371e-01 3.623268777655766e-02 3.266991435050788e-03
1.693510868196979e-01 3.795047989731652e-02 3.408053702009292e-03
1.694994237853780e-01 4.176265900465612e-02 3.529588894656132e-03
1.696477605240793e-01 3.534917995313481e-02 3.355195679581185e-03
1.697960970356038e-01 3.819875615659010e-02 3.430349568275746e-03
1.699444333197534e-01 4.116232446865560e-02 3.596368986986230e-03
1.700927693763299e-01 4.613677139812036e-02 3.913269875106120e-03
1.702411052051354e-01 3.911687294275853e-02 3.541475274723051e-03
1.703894408059716e-01 4.408096322734014e-02 3.866156229731693e-03
1.705377761786405e-01 4.238562853355404e-02 3.791085866803263e-03
1.706861113229442e-01 3.635967784337474e-02 3.498711631753412e-03
1.708344462386844e-01 3.534975945055913e-02 3.552784500812863e-03
1.709827809256630e-01 3.904309821998877e-02 3.705806885445251e-03
1.711311153836821e-01 3.711276110965731e-02 3.711276110965732e-03
1.712794496125435e-01 3.872969144521549e-02 3.761760175419688e-03
1.714277836120492e-01 3.836439612605802e-02 3.743981697804646e-03
1.715761173820012e-01 3.888513605961820e-02 3.908103219141589e-03
1.717244509222012e-01 3.649052565489010e-02 3.724298679184156e-03
1.718727842324513e-01 3.981984417518635e-02 4.022411691723703e-03
1.720211173125535e-01 4.550848753123597e-02 4.300147876797647e-03
1.721694501623096e-01 4.194117178672537e-02 4.093039260621225e-03
1.723177827815215e-01 3.470775333774975e-02 3.856417037527750e-03
1.724661151699914e-01 3.535056286430703e-02 3.857062623451950e-03
1.726144473275209e-01 3.735161569328849e-02 4.075395386747499e-03
1.727627792539122e-01 3.636073004008548e-02 4.040081115565052e-03
1.729111109489672e-01 3.700268906633566e-02 4.037324370557096e-03
1.730594424124878e-01 4.328676356437051e-02 4.562825513353313e-03
1.732077736442759e-01 3.569414349882294e-02 4.041565893717884e-03
1.733561046441336e-01 4.111748019434779e-02 4.540666086214104e-03
1.735044354118627e-01 4.412616842037768e-02 4.703865358626419e-03
1.736527659472653e-01 4.517091640456120e-02 4.709393583259093e-03
1.738010962501432e-01 4.177872150786811e-02 4.730508687928192e-03
1.739494263202985e-01 3.718433024095601e-02 4.412968110218962e-03
1.740977561575331e-01 4.436250845598590e-02 4.959879227999688e-03
1.742460857616490e-01 3.422917984628726e-02 4.382597390180584e-03
1.743944151324481e-01 4.545195713136059e-02 5.050217459040066e-03
1.745427442697323e-01 3.366818709695128e-02 4.539817422030252e-03
1.746910731733038e-01 4.360039392934640e-02 5.068442842586871e-03
1.748394018429644e-01 2.866357712307275e-02 4.272913795033234e-03
1.749877302785161e-01 3.680463404851068e-02 4.874892868719023e-03
1.751360584797609e-01 4.649016202249971e-02 5.478918137428475e-03
1.752843864465008e-01 3.869369696691169e-02 5.217457034657247e-03
1.754327141785377e-01 3.620595729746254e-02 4.973270712681607e-03
1.755810416756736e-01 4.414338530333174e-02 5.746979259647665e-03
1.757293689377105e-01 4.638806229407598e-02 5.891289802640397e-03
1.758776959644504e-01 4.018181217541128e-02 5.572214774596485e-03
1.760260227556953e-01 3.282717500528411e-02 5.256554928232645e-03
1.761743493112470e-01 3.195698734208743e-02 5.052843357908340e-03
1.763226756309078e-01 4.891539807372744e-02 6.595750930728356e-03
1.764710017144794e-01 3.988494772805466e-02 6.012882108949791e-03
1.766193275617640e-01 2.451116541663495e-02 4.807035029243162e-03
1.767676531725635e-01 3.209324719611859e-02 5.673338180667904e-03
1.769159785466800e-01 4.412830882354687e-02 6.652592863665203e-03
1.770643036839153e-01 3.591402481510828e-02 6.348762621616253e-03
1.772126285840715e-01 3.398267442364893e-02 6.103468503537027e-03
1.773609532469506e-01 3.867680710356965e-02 6.837158144394532e-03
1.775092776723547e-01 4.204151777877479e-02 7.318488867748912e-03
1.776576018600856e-01 4.190005340643403e-02 7.406952973942001e-03
1.778059258099455e-01 3.388019378699676e-02 7.064508755635774e-03
1.779542495217363e-01 4.105546999326529e-02 7.901128884106108e-03
1.781025729952601e-01 3.413431447865777e-02 7.448718090184585e-03
1.782508962303188e-01 2.967945877900167e-02 7.198326085705250e-03
1.783992192267145e-01 3.959597469999452e-02 8.640550060870535e-03
1.785475419842491e-01 2.785437104227959e-02 7.725412541441416e-03
1.786958645027247e-01 4.478135433753813e-02 1.027354726906398e-02
1.788441867819434e-01 3.721450196248986e-02 9.608743089208428e-03
1.789925088217071e-01 3.881991701867258e-02 1.037505923334769e-02
1.791408306218179e-01 2.538230814153786e-02 9.593610720474176e-03
1.792891521820777e-01 3.928222828705206e-02 1.242213129537791e-02
1.794374735022887e-01 3.856808921755948e-02 1.285602973918649e-02
1.795857945822528e-01 4.713887756052022e-02 1.781682101540851e-02
1.797341154217720e-01 4.713897949497192e-02 1.924440779303338e-02
1.798824360206485e-01 3.535431113527931e-02 2.041182105096729e-02
1.800307563786842e-01 2.356959180836092e-02 2.356959180836092e-02
