<X> <Y> <dY>
8.813602216919226e-04 1.197257530880559e+01 2.694060309745215e+00
1.028253589049351e-03 -5.973806399612543e+00 1.467238727629604e+00
1.175146955056984e-03 9.130306898610915e+00 1.115940384560625e+00
1.322040319521992e-03 1.595566175339867e+00 6.840028158151259e-01
1.468933682251548e-03 1.145611939290800e+00 4.961168203755741e-01
1.615827043052824e-03 1.309601728846479e+00 3.496313010424900e-01
1.762720401732992e-03 9.890673688119314e-01 3.028128946228017e-01
1.909613758099223e-03 1.234923162347041e-01 2.595467788866866e-01
2.056507111958691e-03 1.756477074458199e-01 2.186980927849000e-01
2.203400463118568e-03 1.214912914041172e+00 1.922871611722145e-01
2.350293811386024e-03 -7.621701378784747e-02 1.611510685556020e-01
2.497187156568232e-03 3.649137798704487e-01 1.449618916651690e-01
2.644080498472365e-03 1.378030783374161e-01 1.266053680835245e-01
2.790973836905595e-03 -5.860868782023954e-02 1.114273902965963e-01
2.937867171675094e-03 1.348124227541139e-01 1.030087011777499e-01
3.084760502588034e-03 1.258483717297113e-01 9.127600678951847e-02
3.231653829451588e-03 8.240504576209788e-02 8.348117977071834e-02
3.378547152072927e-03 3.201510838894410e-02 7.650328425768821e-02
3.525440470259224e-03 1.219147493811625e-02 6.900218305963784e-02
3.672333783817651e-03 -6.428076047277499e-03 6.434657088037245e-02
3.819227092555382e-03 -1.728774162464743e-02 5.795968415196406e-02
3.966120396279587e-03 -3.831302767721900e-02 5.530516604992713e-02
4.113013694797441e-03 -6.473754273382384e-02 4.998989398650603e-02
4.259906987916115e-03 3.561620283239950e-02 4.629561136792912e-02
4.406800275442781e-03 4.887849970117715e-03 4.376313297231306e-02
4.553693557184614e-03 -1.591587500895889e-02 4.041817482190996e-02
4.700586832948783e-03 -2.786067903474805e-02 3.782916216217315e-02
4.847480102542463e-03 3.781335817375475e-02 3.521596349677452e-02
4.994373365772829e-03 -1.933555618131276e-02 3.329740003345656e-02
5.141266622447048e-03 1.164389631585095e-02 3.131206954292688e-02
5.288159872372297e-03 -2.458169795994855e-02 2.897713552438990e-02
5.435053115355749e-03 2.967399160290371e-02 2.766702250841748e-02
5.581946351204576e-03 2.167844890902074e-03 2.606345277099691e-02
5.728839579725948e-03 -8.824684493469476e-03 2.432152327538653e-02
5.875732800727044e-03 5.311440716576043e-03 2.322533387171270e-02
6.022626014015034e-03 -3.255588886534146e-02 2.199952760794367e-02
6.169519219397089e-03 -1.406879829416062e-02 2.085935093764801e-02
6.316412416680385e-03 -3.489403069141702e-02 1.994310859614853e-02
6.463305605672094e-03 -1.740846591140950e-02 1.869905933871732e-02
6.610198786179393e-03 -5.010616561670305e-03 1.776735926084519e-02
6.757091958009447e-03 -3.508173144829477e-02 1.685200646914362e-02
6.903985120969439e-03 5.117631753706235e-03 1.611663618071084e-02
7.050878274866538e-03 -2.820768872595909e-02 1.547930958722012e-02
7.197771419507919e-03 2.286878494735334e-02 1.452977979354328e-02
7.344664554700750e-03 5.492643341552366e-03 1.397647401187350e-02
7.491557680252214e-03 1.224557075611585e-03 1.348374091979260e-02
7.638450795969478e-03 9.010333022687634e-03 1.277183083938416e-02
7.785343901659718e-03 -3.457576220646673e-04 1.229976775649992e-02
7.932236997130110e-03 -2.993270950082206e-03 1.165780906807596e-02
8.079130082187821e-03 7.836647233084391e-03 1.130473689392981e-02
8.226023156640037e-03 -3.037532303816222e-03 1.085038689651519e-02
8.372916220293923e-03 1.410392556446604e-02 1.028045726827404e-02
8.519809272956652e-03 1.085654293870047e-02 9.956370597137896e-03
8.666702314435403e-03 -2.063129159744306e-03 9.570706769503327e-03
8.813595344537354e-03 5.740210896535870e-03 9.243622810891514e-03
8.960488363069672e-03 2.979760018685368e-03 8.898766480637213e-03
9.107381369839535e-03 6.777347534464725e-03 8.448157065478291e-03
9.254274364654119e-03 -5.433969422822458e-03 8.246392679011774e-03
9.401167347320593e-03 2.144232129210181e-03 7.900057182025954e-03
9.548060317646137e-03 -2.486256260279135e-03 7.703615829119499e-03
9.694953275437929e-03 -1.748602673832054e-03 7.424624335997134e-03
9.841846220503138e-03 -6.979746006912579e-03 7.091309124992047e-03
9.988739152648940e-03 -8.558426957308910e-03 6.945163276128207e-03
1.013563207168251e-02 -1.257932852492419e-02 6.635505112323145e-03
1.028252497741103e-02 5.893828779452962e-03 6.404545985917691e-03
1.042941786964167e-02 3.237648010615146e-05 6.230149106941484e-03
1.057631074818160e-02 -2.523467360076709e-03 6.043615100472979e-03
1.072320361283801e-02 -1.151250423453391e-03 5.916577968889009e-03
1.087009646341806e-02 3.633605550210163e-03 5.600232205875465e-03
1.101698929972894e-02 2.349727338151880e-03 5.469797174134967e-03
1.116388212157781e-02 -3.181188181819750e-03 5.334580985074642e-03
1.131077492877186e-02 -6.012861765573661e-03 5.167500189709331e-03
1.145766772111827e-02 6.078785570113369e-03 5.057469259056533e-03
1.160456049842420e-02 3.045419694828261e-03 4.858698799552115e-03
1.175145326049683e-02 1.488558839513203e-03 4.732134877649071e-03
1.189834600714335e-02 1.260433436659176e-02 4.604250810952554e-03
1.204523873817092e-02 -3.026988439029687e-03 4.474983254079285e-03
1.219213145338673e-02 -7.304554914797799e-03 4.321919321054260e-03
1.233902415259795e-02 1.109535500151601e-03 4.237720317791351e-03
1.248591683561175e-02 -4.605180493510560e-03 4.131420207774484e-03
1.263280950223533e-02 -1.019063957067367e-03 4.034256366351029e-03
1.277970215227585e-02 2.640639767547285e-03 3.854001463537552e-03
1.292659478554047e-02 4.033597943529863e-03 3.798306496698786e-03
1.307348740183641e-02 2.546041773012520e-03 3.720047050638542e-03
1.322038000097082e-02 3.955490628452835e-03 3.605133009643664e-03
1.336727258275089e-02 4.932439220635864e-03 3.517035284278091e-03
1.351416514698378e-02 -6.065366277286231e-04 3.436730246499985e-03
1.366105769347668e-02 5.300651385900323e-05 3.348447053340234e-03
1.380795022203677e-02 4.316910011376577e-03 3.291655873419765e-03
1.395484273247122e-02 1.163699269091188e-02 3.183107441098018e-03
1.410173522458722e-02 -8.674152042144528e-04 3.109157869352462e-03
1.424862769819194e-02 4.860535898058856e-03 3.054310699127828e-03
1.439552015309257e-02 -1.288971214629093e-04 2.981248410978327e-03
1.454241258909627e-02 6.698102251712435e-04 2.917532023253636e-03
1.468930500601023e-02 1.943139505110114e-03 2.819841428370958e-03
1.483619740364163e-02 3.205823095668176e-03 2.762182612091539e-03
1.498308978179765e-02 9.798667475139447e-03 2.740868927212897e-03
1.512998214028546e-02 6.292507231438055e-03 2.655373441975330e-03
1.527687447891225e-02 4.878944774956228e-03 2.603470354089980e-03
1.542376679748520e-02 5.910764690739431e-03 2.556426224499955e-03
1.557065909581149e-02 3.504675775970107e-03 2.498240807944049e-03
1.571755137369829e-02 5.986851632446531e-03 2.448451155219960e-03
1.586444363095279e-02 4.372535881934354e-03 2.387850884851016e-03
1.601133586738216e-02 7.370802250157756e-03 2.363011682318628e-03
1.615822808279360e-02 7.045696381569137e-03 2.312883875967716e-03
1.630512027699426e-02 4.780289859822834e-03 2.259141100888733e-03
1.645201244979136e-02 6.662682239213542e-03 2.203846733629568e-03
1.659890460099205e-02 8.420801279245667e-03 2.160979196364517e-03
1.674579673040351e-02 7.154207128445496e-03 2.147364241279437e-03
1.689268883783294e-02 3.768384977401563e-03 2.091457733573437e-03
1.703958092308753e-02 5.058866463095957e-03 2.062369978560338e-03
1.718647298597442e-02 9.309793684838485e-03 1.995635179416983e-03
1.733336502630083e-02 7.654287642224631e-03 1.974194721833898e-03
1.748025704387393e-02 9.997474331530516e-03 1.962331312994738e-03
1.762714903850091e-02 7.397570899322851e-03 1.908179623734110e-03
1.777404100998893e-02 5.624117546619014e-03 1.886159705667748e-03
1.792093295814520e-02 8.539542305331441e-03 1.843974089549574e-03
1.806782488277687e-02 3.331737173280138e-03 1.821887622897808e-03
1.821471678369116e-02 6.810092352486952e-03 1.791458507866410e-03
1.836160866069522e-02 6.251688952156607e-03 1.745884726937247e-03
1.850850051359626e-02 6.415665725772143e-03 1.773954162440162e-03
1.865539234220144e-02 8.920494346313840e-03 1.755631961929753e-03
1.880228414631796e-02 7.245205021935561e-03 1.718917588042917e-03
1.894917592575301e-02 7.584037294711768e-03 1.724939406800200e-03
1.909606768031375e-02 6.696224015771062e-03 1.697498750211833e-03
1.924295940980738e-02 3.119411747551982e-03 1.709506312576008e-03
1.938985111404109e-02 1.000879909480440e-02 1.712357850148769e-03
1.953674279282204e-02 5.523311434762050e-03 1.715862392543389e-03
1.968363444595744e-02 9.199592060715267e-03 1.706117729032890e-03
1.983052607325447e-02 9.423119373171912e-03 1.688920732203373e-03
1.997741767452030e-02 8.493143450959100e-03 1.696895635542999e-03
2.012430924956213e-02 2.985393745096431e-03 1.676297035300836e-03
2.027120079818715e-02 7.317682685695402e-03 1.651380381830648e-03
2.041809232020253e-02 7.280322665902749e-03 1.661221544625542e-03
2.056498381541546e-02 7.667037530287195e-03 1.653141149249870e-03
2.071187528363314e-02 9.974999147184672e-03 1.628175808300698e-03
2.085876672466273e-02 8.055699465851040e-03 1.620256160517326e-03
2.100565813831145e-02 6.387706111534091e-03 1.613208534065406e-03
2.115254952438645e-02 8.745301993949775e-03 1.595866502310741e-03
2.129944088269494e-02 5.657632399232442e-03 1.592508272311643e-03
2.144633221304411e-02 5.212677525634526e-03 1.575396658438432e-03
2.159322351524114e-02 8.230932539230077e-03 1.579997322330615e-03
2.174011478909322e-02 8.286936100707146e-03 1.560401250814045e-03
2.188700603440753e-02 8.929558893904496e-03 1.544079558179877e-03
2.203389725099126e-02 8.678814797947151e-03 1.517748234243768e-03
2.218078843865161e-02 8.846183398155906e-03 1.483827961258094e-03
2.232767959719575e-02 8.684626908290635e-03 1.471355346677428e-03
2.247457072643089e-02 9.292683361321346e-03 1.437903578634636e-03
2.262146182616420e-02 1.107059390784338e-02 1.416615201855395e-03
2.276835289620287e-02 1.036090647116086e-02 1.391977947033988e-03
2.291524393635411e-02 9.754036011259017e-03 1.375215722520623e-03
2.306213494642509e-02 9.970973574021186e-03 1.379677540511079e-03
2.320902592622301e-02 1.082323962120716e-02 1.343362183663648e-03
2.335591687555505e-02 7.854124791318003e-03 1.337926767298894e-03
2.350280779422841e-02 9.528343078147553e-03 1.320900350477212e-03
2.364969868205026e-02 1.143970470316125e-02 1.301611481027312e-03
2.379658953882782e-02 9.461958516742296e-03 1.301705629008860e-03
2.394348036436827e-02 1.026196724550215e-02 1.282486686860512e-03
2.409037115847880e-02 1.286837408610443e-02 1.279231450467341e-03
2.423726192096658e-02 1.057784306887227e-02 1.259813344283911e-03
2.438415265163884e-02 1.016584360669637e-02 1.230512756763205e-03
2.453104335030275e-02 1.110295797780934e-02 1.243175207106581e-03
2.467793401676551e-02 1.188588148585118e-02 1.222119210533721e-03
2.482482465083430e-02 1.089817728966041e-02 1.214771215968030e-03
2.497171525231632e-02 1.037855382271162e-02 1.202628398160455e-03
2.511860582101877e-02 1.308038039165088e-02 1.196895813713812e-03
2.526549635674884e-02 1.265508451306386e-02 1.175397290246174e-03
2.541238685931370e-02 1.273590389698306e-02 1.167535995518988e-03
2.555927732852058e-02 1.246128857924165e-02 1.158441647870903e-03
2.570616776417666e-02 1.082241935857580e-02 1.149223640254740e-03
2.585305816608912e-02 1.090461608038771e-02 1.137404870768473e-03
2.599994853406517e-02 1.249562431741306e-02 1.134127200282049e-03
2.614683886791200e-02 1.313966375885931e-02 1.126163733734110e-03
2.629372916743681e-02 1.198389665033889e-02 1.114859425831521e-03
2.644061943244679e-02 1.410858323068999e-02 1.110029163758071e-03
2.658750966274912e-02 1.272901772769258e-02 1.092427295101539e-03
2.673439985815102e-02 1.084868047790068e-02 1.102671222161936e-03
2.688129001845969e-02 1.331643918971301e-02 1.077082984371406e-03
2.702818014348229e-02 1.302603435651851e-02 1.075069270530597e-03
2.717507023302605e-02 1.410988589351024e-02 1.068177323479336e-03
2.732196028689816e-02 1.305650231241029e-02 1.063654839684412e-03
2.746885030490582e-02 1.345709087607562e-02 1.056254265201953e-03
2.761574028685621e-02 1.254551557738491e-02 1.049056983639589e-03
2.776263023255653e-02 1.380323068822211e-02 1.036035263207806e-03
2.790952014181400e-02 1.365102951137292e-02 1.027166312559629e-03
2.805641001443581e-02 1.495795189168754e-02 1.028861740795929e-03
2.820329985022913e-02 1.244762396831244e-02 1.026102878439930e-03
2.835018964900120e-02 1.506047751032684e-02 1.012126914082123e-03
2.849707941055920e-02 1.430940111308907e-02 1.002758416938536e-03
2.864396913471031e-02 1.435294273519162e-02 1.011159626605905e-03
2.879085882126178e-02 1.539481263667512e-02 9.934629206205514e-04
2.893774847002075e-02 1.567495961953029e-02 9.860589684434872e-04
2.908463808079444e-02 1.577981217452428e-02 9.853375632399746e-04
2.923152765339008e-02 1.603239097780506e-02 9.805660869886173e-04
2.937841718761485e-02 1.684458916452834e-02 9.705851752963350e-04
2.952530668327594e-02 1.415731973959355e-02 9.696116543355779e-04
2.967219614018056e-02 1.453919268693687e-02 9.631919481941170e-04
2.981908555813591e-02 1.538181033410848e-02 9.617043520130966e-04
2.996597493694921e-02 1.590996545025760e-02 9.527131280999199e-04
3.011286427642763e-02 1.841140890955829e-02 9.484633225914092e-04
3.025975357637840e-02 1.755671949457346e-02 9.380107272029250e-04
3.040664283660871e-02 1.722301178314354e-02 9.403710033925435e-04
3.055353205692574e-02 1.645810528303276e-02 9.365546555743660e-04
3.070042123713675e-02 1.841180657187907e-02 9.343398400018368e-04
3.084731037704891e-02 1.787532623976629e-02 9.243630595083541e-04
3.099419947646940e-02 1.802194963260826e-02 9.237634468232410e-04
3.114108853520547e-02 1.787888672512983e-02 9.187201834781410e-04
3.128797755306430e-02 2.054392562227524e-02 9.204595408684030e-04
3.143486652985308e-02 1.980767132270912e-02 8.982944768418655e-04
3.158175546537905e-02 1.971612048874947e-02 9.136408020142053e-04
3.172864435944940e-02 1.815565014401390e-02 9.088690454461274e-04
3.187553321187133e-02 2.033080635500805e-02 8.955268987562669e-04
3.202242202245206e-02 1.874576971616049e-02 8.875701523350240e-04
3.216931079099877e-02 1.962893787963271e-02 8.886060649259826e-04
3.231619951731869e-02 2.046276005541967e-02 8.951819678558664e-04
3.246308820121902e-02 2.017766233884290e-02 8.859070088352351e-04
3.260997684250697e-02 2.171847993937111e-02 8.779309278074608e-04
3.275686544098974e-02 1.985976700955866e-02 8.756339895502008e-04
3.290375399647455e-02 2.239403151733012e-02 8.715822206256478e-04
3.305064250876859e-02 2.259650367091040e-02 8.842964678319462e-04
3.319753097767910e-02 2.212290052819434e-02 8.693863656946050e-04
3.334441940301325e-02 2.057209989362975e-02 8.638263095585152e-04
3.349130778457828e-02 2.092854711676535e-02 8.632033061579577e-04
3.363819612218139e-02 2.225330700950592e-02 8.644084785305997e-04
3.378508441562977e-02 2.332266006146408e-02 8.580649262566683e-04
3.393197266473066e-02 2.327653924903642e-02 8.526083296270267e-04
3.407886086929125e-02 2.510357815868119e-02 8.583564834707009e-04
3.422574902911878e-02 2.424152234702926e-02 8.556917951003666e-04
3.437263714402042e-02 2.406048431053446e-02 8.484835745835036e-04
3.451952521380341e-02 2.508883815895967e-02 8.471429127859891e-04
3.466641323827495e-02 2.479673616865378e-02 8.522870980470580e-04
3.481330121724226e-02 2.654319900501401e-02 8.708825880593181e-04
3.496018915051253e-02 2.459445613548426e-02 8.788802864784443e-04
3.510707703789302e-02 2.536695049403163e-02 8.782896020957577e-04
3.525396487919091e-02 2.787264463184850e-02 8.833884455698529e-04
3.540085267421340e-02 2.774668818927539e-02 8.714428081082213e-04
3.554774042276775e-02 2.602171435999096e-02 8.645658450536123e-04
3.569462812466112e-02 2.860377946941001e-02 8.574165919519097e-04
3.584151577970077e-02 2.796437068419563e-02 8.515660373519512e-04
3.598840338769389e-02 2.829074308671897e-02 8.531280753693403e-04
3.613529094844770e-02 2.898799303576844e-02 8.430026879049628e-04
3.628217846176941e-02 2.977912216208685e-02 8.501799735653858e-04
3.642906592746626e-02 2.887042102723853e-02 8.409046160284660e-04
3.657595334534545e-02 2.940402659350065e-02 8.422802472201148e-04
3.672284071521419e-02 2.947198357751381e-02 8.387233993393666e-04
3.686972803687972e-02 3.088189888251336e-02 8.412720725234011e-04
3.701661531014922e-02 3.257224208451641e-02 8.359884265741599e-04
3.716350253482994e-02 3.155125284873138e-02 8.339794045078625e-04
3.731038971072909e-02 3.250832396476935e-02 8.364012076972786e-04
3.745727683765387e-02 3.185094670585125e-02 8.597527891267681e-04
3.760416391541153e-02 3.375305046803845e-02 8.592879067397516e-04
3.775105094380928e-02 3.304792950743996e-02 8.207162136867242e-04
3.789793792265433e-02 3.441149202893921e-02 8.304624475964053e-04
3.804482485175390e-02 3.468083479168566e-02 8.231616121604997e-04
3.819171173091522e-02 3.637949760896535e-02 8.213110013529682e-04
3.833859855994550e-02 3.541723107944881e-02 8.240414236910840e-04
3.848548533865198e-02 3.813093621041942e-02 8.241356148048559e-04
3.863237206684186e-02 3.819533169101783e-02 8.220836014915552e-04
3.877925874432238e-02 3.620015417908352e-02 8.230359078764722e-04
3.892614537090076e-02 3.805729449253734e-02 8.146462951149107e-04
3.907303194638420e-02 3.837614094992696e-02 8.293245929379695e-04
3.921991847057994e-02 3.892447173312282e-02 8.125312443868044e-04
3.936680494329520e-02 3.901311546695060e-02 8.192165205439936e-04
3.951369136433722e-02 3.922697117852003e-02 8.138126252146813e-04
3.966057773351322e-02 4.052127399575547e-02 8.095882451484341e-04
3.980746405063040e-02 4.149046466630091e-02 8.177422119418253e-04
3.995435031549600e-02 4.071160281514725e-02 8.024291198393503e-04
4.010123652791726e-02 4.253426427956261e-02 8.082631112992093e-04
4.024812268770137e-02 4.250584124339198e-02 8.089597478338195e-04
4.039500879465560e-02 4.239983264626996e-02 8.049001559815812e-04
4.054189484858715e-02 4.545295216781342e-02 8.115571098423985e-04
4.068878084930326e-02 4.473243190240845e-02 8.042503815980237e-04
4.083566679661114e-02 4.474563261968229e-02 8.074014814934419e-04
4.098255269031803e-02 4.436416716880891e-02 8.078636882298984e-04
4.112943853023117e-02 4.702871554067968e-02 8.217762954252513e-04
4.127632431615776e-02 4.870811300702961e-02 8.405887224522313e-04
4.142321004790505e-02 4.913159611492385e-02 8.429258959188010e-04
4.157009572528026e-02 4.890768833567206e-02 8.502671452287508e-04
4.171698134809063e-02 4.795421536783235e-02 8.568682728542132e-04
4.186386691614337e-02 4.954249158992920e-02 8.585625552273014e-04
4.201075242924574e-02 5.137861748723889e-02 8.713469573012815e-04
4.215763788720495e-02 5.199075612204292e-02 8.647522990560475e-04
4.230452328982824e-02 5.255783719873427e-02 8.753473077625850e-04
4.245140863692285e-02 5.318645969271778e-02 8.747071058384611e-04
4.259829392829599e-02 5.316719350847812e-02 8.751197102261682e-04
4.274517916375490e-02 5.376661598268474e-02 8.746426258992103e-04
4.289206434310684e-02 5.441948436202582e-02 8.786071474214129e-04
4.303894946615900e-02 5.403028646444453e-02 8.818675206657525e-04
4.318583453271865e-02 5.644893908249465e-02 8.837298911515678e-04
4.333271954259301e-02 5.643006335310331e-02 8.909305268891858e-04
4.347960449558931e-02 5.821294697046950e-02 8.868253738507594e-04
4.362648939151479e-02 5.822203692407972e-02 8.903351219380586e-04
4.377337423017669e-02 5.916859418718954e-02 8.968822357351300e-04
4.392025901138226e-02 6.020012570140999e-02 9.021599513092802e-04
4.406714373493869e-02 6.216979733950224e-02 9.097673519714284e-04
4.421402840065326e-02 6.144725766083822e-02 9.012170509534042e-04
4.436091300833320e-02 6.287472896235036e-02 9.108959079960390e-04
4.450779755778574e-02 6.592994224963154e-02 9.152932087219910e-04
4.465468204881811e-02 6.563940394463834e-02 9.167038431454601e-04
4.480156648123757e-02 6.549406625806717e-02 9.250703651655137e-04
4.494845085485134e-02 6.506340962458278e-02 9.178457186063402e-04
4.509533516946668e-02 6.819875985283966e-02 9.336881003044017e-04
4.524221942489082e-02 6.647391393218742e-02 9.245454653232980e-04
4.538910362093100e-02 6.783762501113583e-02 9.266180148158233e-04
4.553598775739446e-02 6.939938898097696e-02 9.333526628968184e-04
4.568287183408844e-02 6.754727235515826e-02 9.218335514285626e-04
4.582975585082019e-02 7.145779058551231e-02 9.343752198380081e-04
4.597663980739693e-02 7.184838633385797e-02 9.354840575992603e-04
4.612352370362593e-02 7.303341833889532e-02 9.267471617510704e-04
4.627040753931443e-02 7.506559033544931e-02 9.360236200403523e-04
4.641729131426967e-02 7.528283487515365e-02 9.278732899920467e-04
4.656417502829888e-02 7.774954890032147e-02 9.460946657725709e-04
4.671105868120932e-02 7.715099532516688e-02 9.405341982083969e-04
4.685794227280822e-02 7.636863923054463e-02 9.385560589057716e-04
4.700482580290285e-02 7.847234017999320e-02 9.364852508274925e-04
4.715170927130044e-02 8.209972571209959e-02 9.470568607289643e-04
4.729859267780824e-02 8.263096621675878e-02 9.495214864916918e-04
4.744547602223349e-02 8.184856294902176e-02 9.511470112191636e-04
4.759235930438345e-02 8.266289229713010e-02 9.539472730982607e-04
4.773924252406536e-02 8.415988990948396e-02 9.505220966514421e-04
4.788612568108647e-02 8.503337025928626e-02 9.562271741310403e-04
4.803300877525407e-02 8.511854044811205e-02 9.558325394758747e-04
4.817989180637530e-02 8.550757947739672e-02 9.565779094423151e-04
4.832677477425752e-02 8.611309404605411e-02 9.579133879842495e-04
4.847365767870793e-02 8.774453301102045e-02 9.595042082633195e-04
4.862054051953379e-02 8.960511182241217e-02 9.657189407128025e-04
4.876742329654236e-02 9.091686288644796e-02 9.715792360173620e-04
4.891430600954088e-02 9.135657162508948e-02 9.644172872766387e-04
4.906118865833660e-02 9.186595115577084e-02 9.688331114579063e-04
4.920807124273676e-02 9.323698516205489e-02 9.710956226055169e-04
4.935495376254866e-02 9.569807700180034e-02 9.795960161966930e-04
4.950183621757952e-02 9.541192755700047e-02 9.739902373025083e-04
4.964871860763660e-02 9.536637312848868e-02 9.795315999336972e-04
4.979560093252714e-02 9.532933370034995e-02 9.718446429291215e-04
4.994248319205841e-02 9.753272419227729e-02 9.812627671789479e-04
5.008936538603768e-02 1.007842847357473e-01 9.914342623135780e-04
5.023624751427219e-02 1.013139776228764e-01 9.889912197065000e-04
5.038312957656918e-02 1.011290919497248e-01 9.970834078241958e-04
5.053001157273595e-02 1.022244024767897e-01 9.886345909985968e-04
5.067689350257971e-02 1.031450105722512e-01 9.945894522795488e-04
5.082377536590776e-02 1.058881766711063e-01 9.984132839592455e-04
5.097065716252732e-02 1.034350255836095e-01 9.877074794076275e-04
5.111753889224568e-02 1.074520655277824e-01 1.006130781612286e-03
5.126442055487009e-02 1.054899237443850e-01 9.977168003394541e-04
5.141130215020779e-02 1.073663734052939e-01 9.957026641353901e-04
5.155818367806608e-02 1.098010728557673e-01 1.010124831737224e-03
5.170506513825220e-02 1.109954745790007e-01 1.006655809394956e-03
5.185194653057341e-02 1.120798199546206e-01 1.015076606467360e-03
5.199882785483697e-02 1.108398710443729e-01 1.002989935389591e-03
5.214570911085015e-02 1.120180917648410e-01 1.009527097832529e-03
5.229259029842022e-02 1.121626397784099e-01 1.011428835336155e-03
5.243947141735442e-02 1.124314976223409e-01 1.008104689212993e-03
5.258635246746002e-02 1.129954116619204e-01 1.013564614748650e-03
5.273323344854430e-02 1.139396926073975e-01 1.009770623063228e-03
5.288011436041453e-02 1.151595475265010e-01 1.022574161346919e-03
5.302699520287798e-02 1.160972017870031e-01 1.010156428963554e-03
5.317387597574186e-02 1.169114892763834e-01 1.017800013002896e-03
5.332075667881350e-02 1.172576916595862e-01 1.017236794148452e-03
5.346763731190016e-02 1.183705664802720e-01 1.013129519452382e-03
5.361451787480907e-02 1.192271587586857e-01 1.026799942698692e-03
5.376139836734754e-02 1.178654814881887e-01 1.011005021513640e-03
5.390827878932278e-02 1.212027062404573e-01 1.017543469646552e-03
5.405515914054214e-02 1.220296285466540e-01 1.025992619140021e-03
5.420203942081284e-02 1.215695299083416e-01 1.017487599797310e-03
5.434891962994216e-02 1.202120653095532e-01 1.031343163873673e-03
5.449579976773735e-02 1.246124132279735e-01 1.012946554176650e-03
5.464267983400574e-02 1.218673944285332e-01 1.024288924296974e-03
5.478955982855453e-02 1.242948834013772e-01 1.028723129110533e-03
5.493643975119106e-02 1.229903247109983e-01 1.020248485861500e-03
5.508331960172257e-02 1.257853259411982e-01 1.028824717586022e-03
5.523019937995633e-02 1.252414361110092e-01 1.020504340349223e-03
5.537707908569962e-02 1.234466758759409e-01 1.028624942835506e-03
5.552395871875969e-02 1.258233011455049e-01 1.031053858322954e-03
5.567083827894388e-02 1.259613333134163e-01 1.023478492750274e-03
5.581771776605941e-02 1.264293213430987e-01 1.028523216390553e-03
5.596459717991355e-02 1.250945807453270e-01 1.023737413253030e-03
5.611147652031365e-02 1.262652835413255e-01 1.028088046273538e-03
5.625835578706691e-02 1.254085845447873e-01 1.030026080968994e-03
5.640523497998061e-02 1.269034629233352e-01 1.016345575539954e-03
5.655211409886209e-02 1.269293556988775e-01 1.028860866887766e-03
5.669899314351858e-02 1.274886072958879e-01 1.028978817954601e-03
5.684587211375740e-02 1.272335011978222e-01 1.020161304535284e-03
5.699275100938578e-02 1.290099999006234e-01 1.030270481752384e-03
5.713962983021098e-02 1.294812048538871e-01 1.024506045043876e-03
5.728650857604041e-02 1.300968950312218e-01 1.026526402813037e-03
5.743338724668124e-02 1.301140763925154e-01 1.025047149081941e-03
5.758026584194079e-02 1.278961156189864e-01 1.018368286924169e-03
5.772714436162631e-02 1.273544781323530e-01 1.028516360015855e-03
5.787402280554513e-02 1.278872827597004e-01 1.021680322206112e-03
5.802090117350451e-02 1.294831040866689e-01 1.028267410217900e-03
5.816777946531173e-02 1.305762451992875e-01 1.023564846693164e-03
5.831465768077408e-02 1.276201710758413e-01 1.014022394928611e-03
5.846153581969887e-02 1.289842256422075e-01 1.024109254776318e-03
5.860841388189336e-02 1.282929884557514e-01 1.018435032389792e-03
5.875529186716485e-02 1.290224805820589e-01 1.024873896463251e-03
5.890216977532061e-02 1.280908203150193e-01 1.014124702677750e-03
5.904904760616795e-02 1.271077836125659e-01 1.014441861615603e-03
5.919592535951414e-02 1.288233204016054e-01 1.013722648539294e-03
5.934280303516650e-02 1.284044289412046e-01 1.018542603269049e-03
5.948968063293228e-02 1.277996921517468e-01 1.005225047434100e-03
5.963655815261879e-02 1.286886143604191e-01 1.023833780176659e-03
5.978343559403334e-02 1.287871354002507e-01 1.037457677858392e-03
5.993031295698319e-02 1.257759157667562e-01 1.034963066962105e-03
6.007719024127564e-02 1.257136320887496e-01 1.046640273744138e-03
6.022406744671802e-02 1.269895641579309e-01 1.058744176936004e-03
6.037094457311754e-02 1.259623916087778e-01 1.068191328430800e-03
6.051782162028158e-02 1.251206279433402e-01 1.067420203590112e-03
6.066469858801743e-02 1.247627372155922e-01 1.068540001250483e-03
6.081157547613233e-02 1.234598874829225e-01 1.080242995872745e-03
6.095845228443361e-02 1.265647089051120e-01 1.087563033730870e-03
6.110532901272856e-02 1.267636823781130e-01 1.102288071874544e-03
6.125220566082447e-02 1.236441770103511e-01 1.091636944341923e-03
6.139908222852867e-02 1.235311121607893e-01 1.093847819445375e-03
6.154595871564840e-02 1.225857021834656e-01 1.106856401248388e-03
6.169283512199103e-02 1.239146401413116e-01 1.102745638748610e-03
6.183971144736379e-02 1.236056857448352e-01 1.111392113988487e-03
6.198658769157404e-02 1.228302604056920e-01 1.101826136754430e-03
6.213346385442904e-02 1.224539954692481e-01 1.122915415218688e-03
6.228033993573612e-02 1.198411552753623e-01 1.111688692699474e-03
6.242721593530259e-02 1.205400969899667e-01 1.114979710504472e-03
6.257409185293569e-02 1.218769937547952e-01 1.102319153772110e-03
6.272096768844279e-02 1.204454712848826e-01 1.082032225342698e-03
6.286784344163118e-02 1.223877782507254e-01 1.069182512194899e-03
6.301471911230812e-02 1.192497422161256e-01 1.061097910133781e-03
6.316159470028096e-02 1.189991296664228e-01 1.044078534748729e-03
6.330847020535701e-02 1.187767906977105e-01 1.052491930794802e-03
6.345534562734356e-02 1.174933049308033e-01 1.039266474627472e-03
6.360222096604792e-02 1.175086609234316e-01 1.038330637904727e-03
6.374909622127738e-02 1.164408024200185e-01 1.024416892720587e-03
6.389597139283930e-02 1.155789418765756e-01 1.025236993335751e-03
6.404284648054094e-02 1.151981045870586e-01 1.026407244087180e-03
6.418972148418961e-02 1.158705826039211e-01 1.010896860037119e-03
6.433659640359266e-02 1.138199814079223e-01 1.017458535434891e-03
6.448347123855734e-02 1.140080523723862e-01 9.980273178576305e-04
6.463034598889104e-02 1.154654165033342e-01 1.013648594757053e-03
6.477722065440102e-02 1.139090244841641e-01 1.006600579276044e-03
6.492409523489458e-02 1.128756989796840e-01 9.968859483181487e-04
6.507096973017908e-02 1.134219180680204e-01 9.994415808395436e-04
6.521784414006179e-02 1.132753666358293e-01 9.964003237063915e-04
6.536471846435006e-02 1.117277868525284e-01 9.887350683511419e-04
6.551159270285120e-02 1.120897141353250e-01 9.907371564504257e-04
6.565846685537249e-02 1.101456434956668e-01 9.758710984036158e-04
6.580534092172129e-02 1.118447839445802e-01 9.891227336628473e-04
6.595221490170489e-02 1.107044461343673e-01 9.771062951899477e-04
6.609908879513064e-02 1.100178907242377e-01 9.757065003701058e-04
6.624596260180583e-02 1.089724304390274e-01 9.677612522977350e-04
6.639283632153778e-02 1.102613804146126e-01 9.716915636703240e-04
6.653970995413383e-02 1.056223963089345e-01 9.754132656561875e-04
6.668658349940126e-02 1.083579404374703e-01 9.588939650219058e-04
6.683345695714746e-02 1.062075690333647e-01 9.596026619645300e-04
6.698033032717969e-02 1.039914985706229e-01 9.500890263149318e-04
6.712720360930530e-02 1.052652107671634e-01 9.572734377404264e-04
6.727407680333160e-02 1.062409826186596e-01 9.546717652934572e-04
6.742094990906593e-02 1.038634663623740e-01 9.484833353453783e-04
6.756782292631559e-02 1.043449374184770e-01 9.482427353085538e-04
6.771469585488793e-02 1.036755332395256e-01 9.419601504405426e-04
6.786156869459029e-02 1.013649232551318e-01 9.410841727675356e-04
6.800844144522995e-02 1.032527511510427e-01 9.410113112696296e-04
6.815531410661428e-02 1.028901136178504e-01 9.423081662967831e-04
6.830218667855054e-02 1.020193666163140e-01 9.406577376331775e-04
6.844905916084618e-02 1.018214782789306e-01 9.386880487920430e-04
6.859593155330840e-02 1.009985309399715e-01 9.330438759194273e-04
6.874280385574461e-02 1.016696291806355e-01 9.271334469362832e-04
6.888967606796213e-02 9.830693643154431e-02 9.266517946568499e-04
6.903654818976826e-02 9.852123277386024e-02 9.144167434971715e-04
6.918342022097036e-02 9.994339366084687e-02 9.186166970163883e-04
6.933029216137575e-02 9.804120698475260e-02 9.231234111401701e-04
6.947716401079176e-02 9.729306321186129e-02 9.067521450268896e-04
6.962403576902575e-02 9.659980094396430e-02 9.176181612185146e-04
6.977090743588503e-02 9.528521582533012e-02 9.048088269166684e-04
6.991777901117695e-02 9.690220821714403e-02 9.066339815476905e-04
7.006465049470884e-02 9.601447531241762e-02 9.069108597571090e-04
7.021152188628801e-02 9.456020845152389e-02 9.033612258767549e-04
7.035839318572186e-02 9.480985438164458e-02 9.045114521061227e-04
7.050526439281767e-02 9.512793443797166e-02 8.945148431347963e-04
7.065213550738278e-02 9.496658072047087e-02 8.966047568831126e-04
7.079900652922456e-02 9.421240256394185e-02 9.005975236122630e-04
7.094587745815036e-02 9.177064300968102e-02 8.811069057258519e-04
7.109274829396750e-02 9.231550060021705e-02 8.918322803914403e-04
7.123961903648333e-02 9.397730426927015e-02 8.832003675362793e-04
7.138648968550515e-02 9.131935747901898e-02 8.861449580665276e-04
7.153336024084035e-02 9.125117358005919e-02 8.897686878603555e-04
7.168023070229627e-02 9.226020513650100e-02 8.759196883663646e-04
7.182710106968025e-02 9.191730160574989e-02 8.877875337679370e-04
7.197397134279965e-02 9.113304505161822e-02 8.718947796457612e-04
7.212084152146177e-02 8.994144663243205e-02 8.762308543356624e-04
7.226771160547400e-02 8.959438180652123e-02 8.765342924150749e-04
7.241458159464363e-02 8.926675106911366e-02 8.686908664301396e-04
7.256145148877813e-02 8.916731520811524e-02 8.739553842401080e-04
7.270832128768472e-02 8.937910925412144e-02 8.695095437185859e-04
7.285519099117078e-02 8.740563903254150e-02 8.639889172006029e-04
7.300206059904372e-02 8.760450295992835e-02 8.644272739873882e-04
7.314893011111082e-02 8.651907671810427e-02 8.544357658430957e-04
7.329579952717949e-02 8.712282825517213e-02 8.619171212542279e-04
7.344266884705702e-02 8.641730691389322e-02 8.556141648794106e-04
7.358953807055085e-02 8.501590866806420e-02 8.549256198781413e-04
7.373640719746824e-02 8.541004586040109e-02 8.444200142586887e-04
7.388327622761658e-02 8.683748953188218e-02 8.522325843914742e-04
7.403014516080324e-02 8.393432805785778e-02 8.429346868174800e-04
7.417701399683559e-02 8.385269665489739e-02 8.471314273073240e-04
7.432388273552094e-02 8.270830743606392e-02 8.403469911176423e-04
7.447075137666670e-02 8.425195592438664e-02 8.327756710129931e-04
7.461761992008017e-02 8.366728201414944e-02 8.404425197917204e-04
7.476448836556873e-02 8.339799392552866e-02 8.271166824674595e-04
7.491135671293978e-02 8.237020463504173e-02 8.318750257292520e-04
7.505822496200062e-02 8.424161013644546e-02 8.296027062109588e-04
7.520509311255867e-02 8.274679547614772e-02 8.281212110961490e-04
7.535196116442125e-02 8.073558201633446e-02 8.280653906080185e-04
7.549882911739574e-02 8.185045984963288e-02 8.253159667034651e-04
7.564569697128951e-02 8.074595061834672e-02 8.256850935489414e-04
7.579256472590988e-02 8.160180914272445e-02 8.215449930859454e-04
7.593943238106428e-02 8.028218839211453e-02 8.189983550262994e-04
7.608629993656001e-02 8.282782981831333e-02 8.268822879296272e-04
7.623316739220451e-02 8.120476018076594e-02 8.115184068687516e-04
7.638003474780510e-02 8.118319209693234e-02 8.168130614692833e-04
7.652690200316913e-02 7.840488839358579e-02 8.168568295700677e-04
7.667376915810399e-02 7.940535723304012e-02 8.171246407292801e-04
7.682063621241707e-02 7.994981430414018e-02 8.191861054687751e-04
7.696750316591573e-02 7.814981508580227e-02 8.078241628882805e-04
7.711437001840733e-02 7.835869245859342e-02 8.149580786191385e-04
7.726123676969926e-02 7.942317594270078e-02 8.093863493214729e-04
7.740810341959885e-02 7.735559367849963e-02 8.053962918281780e-04
7.755496996791353e-02 7.765938749512932e-02 8.057486042690283e-04
7.770183641445062e-02 7.681160735657762e-02 8.043962530393517e-04
7.784870275901755e-02 7.624580627896216e-02 8.041427966987765e-04
7.799556900142161e-02 7.722193248446890e-02 7.996710483284440e-04
7.814243514147029e-02 7.589879671626407e-02 8.007280955191085e-04
7.828930117897089e-02 7.713586112565873e-02 7.994843187983762e-04
7.843616711373082e-02 7.617681337224974e-02 8.014003503191316e-04
7.858303294555745e-02 7.623258282383399e-02 7.985293300473515e-04
7.872989867425814e-02 7.516028449888157e-02 7.862746673956247e-04
7.887676429964030e-02 7.634543072259853e-02 7.914679202393841e-04
7.902362982151130e-02 7.436260256180163e-02 7.896891503385355e-04
7.917049523967849e-02 7.373423735016836e-02 7.908111120862756e-04
7.931736055394929e-02 7.555554709055971e-02 7.892234430279787e-04
7.946422576413109e-02 7.563567177041426e-02 7.902591432843686e-04
7.961109087003126e-02 7.259329384306655e-02 7.910907641782063e-04
7.975795587145719e-02 7.441769959233598e-02 7.838182955187394e-04
7.990482076821626e-02 7.388613720980000e-02 7.887027818769605e-04
8.005168556011584e-02 7.370534374767627e-02 7.829067450238068e-04
8.019855024696333e-02 7.299473629199725e-02 7.833680937778500e-04
8.034541482856614e-02 7.273285289408631e-02 7.834952361261290e-04
8.049227930473164e-02 7.117832266187084e-02 7.804058443472213e-04
8.063914367526719e-02 7.332280993676053e-02 7.806244572417440e-04
8.078600793998023e-02 7.271184195131897e-02 7.766476333852014e-04
8.093287209867814e-02 7.349529116345420e-02 7.810927737311026e-04
8.107973615116830e-02 7.329806282594113e-02 7.800190090787034e-04
8.122660009725811e-02 7.287835669350726e-02 7.676858034561290e-04
8.137346393675496e-02 7.253114628192243e-02 7.783525836172244e-04
8.152032766946624e-02 7.143782145932170e-02 7.703061030448021e-04
8.166719129519935e-02 7.298248932663313e-02 7.750009030167059e-04
8.181405481376169e-02 7.046654095120364e-02 7.650501062956619e-04
8.196091822496063e-02 7.109998877752322e-02 7.694721840849725e-04
8.210778152860361e-02 6.984658653888502e-02 7.719636118491722e-04
8.225464472449802e-02 6.932950849772974e-02 7.608901002815247e-04
8.240150781245126e-02 7.132987891004063e-02 7.707795057274373e-04
8.254837079227068e-02 7.068955263359353e-02 7.597634840251867e-04
8.269523366376372e-02 6.853722795916976e-02 7.647606630246375e-04
8.284209642673782e-02 6.988471808268290e-02 7.670686562595177e-04
8.298895908100032e-02 6.960807678414085e-02 7.656917832432005e-04
8.313582162635863e-02 6.922149391496360e-02 7.590697772228187e-04
8.328268406262020e-02 7.001350207564261e-02 7.567131421793503e-04
8.342954638959241e-02 7.032199646999299e-02 7.640889826076406e-04
8.357640860708263e-02 6.776450348100556e-02 7.563965472203093e-04
8.372327071489834e-02 6.957374937147068e-02 7.544894972543503e-04
8.387013271284686e-02 6.941068992775717e-02 7.604640460283072e-04
8.401699460073567e-02 6.985093160261036e-02 7.493374805711766e-04
8.416385637837218e-02 6.952275196919101e-02 7.563332385429599e-04
8.431071804556375e-02 6.730508248121506e-02 7.504595909343824e-04
8.445757960211780e-02 6.673285110818256e-02 7.480699072615660e-04
8.460444104784176e-02 6.682741596698592e-02 7.525974211431527e-04
8.475130238254304e-02 6.872088239767409e-02 7.498883529408199e-04
8.489816360602907e-02 6.670675372406844e-02 7.564116647908120e-04
8.504502471810724e-02 6.878128983962831e-02 7.481031115240602e-04
8.519188571858496e-02 6.817809200976302e-02 7.505007032278125e-04
8.533874660726967e-02 6.672644819525132e-02 7.465683074070903e-04
8.548560738396878e-02 6.730898592218662e-02 7.480293678823517e-04
8.563246804848969e-02 6.724001106916744e-02 7.446755411050220e-04
8.577932860063983e-02 6.626004130021623e-02 7.451776266860555e-04
8.592618904022660e-02 6.648184740946962e-02 7.403535078319756e-04
8.607304936705747e-02 6.683959461701888e-02 7.433409476811591e-04
8.621990958093982e-02 6.653155720538459e-02 7.361021526883187e-04
8.636676968168105e-02 6.633456454210303e-02 7.429920553082552e-04
8.651362966908867e-02 6.696962361756877e-02 7.428915008017650e-04
8.666048954297001e-02 6.659425198545736e-02 7.385361376081540e-04
8.680734930313255e-02 6.564080596836104e-02 7.368104855171470e-04
8.695420894938369e-02 6.627973209006670e-02 7.358229765798672e-04
8.710106848153085e-02 6.545821129869911e-02 7.399208084372788e-04
8.724792789938152e-02 6.546463792816544e-02 7.322104335581445e-04
8.739478720274303e-02 6.553931215939068e-02 7.344555633235477e-04
8.754164639142284e-02 6.510737270370599e-02 7.355553978829652e-04
8.768850546522844e-02 6.488985986281263e-02 7.307541547764528e-04
8.783536442396719e-02 6.393987188170140e-02 7.312850767373281e-04
8.798222326744658e-02 6.582995944695223e-02 7.351683960399325e-04
8.812908199547397e-02 6.427201767222576e-02 7.283667087720992e-04
8.827594060785686e-02 6.302804002850987e-02 7.306795528530252e-04
8.842279910440262e-02 6.422095201520528e-02 7.302747085870642e-04
8.856965748491875e-02 6.503517672081258e-02 7.293162764329997e-04
8.871651574921269e-02 6.445066630367660e-02 7.270859833828607e-04
8.886337389709180e-02 6.267595370660910e-02 7.253273453466667e-04
8.901023192836355e-02 6.313835819377064e-02 7.248946740460639e-04
8.915708984283539e-02 6.294234364281831e-02 7.246147672087465e-04
8.930394764031480e-02 6.426482794916072e-02 7.230089075156383e-04
8.945080532060913e-02 6.245853410951010e-02 7.260312736981589e-04
8.959766288352591e-02 6.394705218116481e-02 7.186970204428179e-04
8.974452032887251e-02 6.388064203429696e-02 7.240628533491570e-04
8.989137765645640e-02 6.411187817475977e-02 7.210688421244130e-04
9.003823486608507e-02 6.217157316785942e-02 7.116649960239658e-04
9.018509195756588e-02 6.311168095352912e-02 7.228697845794472e-04
9.033194893070630e-02 6.351251520809038e-02 7.152266374315663e-04
9.047880578531384e-02 6.084677099383724e-02 7.194979614460150e-04
9.062566252119587e-02 6.297905918622963e-02 7.148160622585324e-04
9.077251913815987e-02 6.331804050826977e-02 7.176315907936061e-04
9.091937563601328e-02 6.271632017362838e-02 7.203529796231005e-04
9.106623201456360e-02 6.320162974010152e-02 7.167569569903240e-04
9.121308827361818e-02 6.244496014088086e-02 7.128362062818726e-04
9.135994441298455e-02 6.252356522724445e-02 7.160860999720765e-04
9.150680043247014e-02 6.159909531284379e-02 7.068825040787495e-04
9.165365633188237e-02 6.261672538523783e-02 7.138468722532928e-04
9.180051211102878e-02 6.196008489023762e-02 7.076610098263555e-04
9.194736776971676e-02 6.119377603532442e-02 7.113936139212432e-04
9.209422330775377e-02 6.221113025673712e-02 7.138988724176087e-04
9.224107872494727e-02 6.148615098549712e-02 7.059077043003652e-04
9.238793402110473e-02 6.192540874639151e-02 7.088858272293837e-04
9.253478919603364e-02 6.065559979161358e-02 6.996134909089097e-04
9.268164424954135e-02 6.156838951021079e-02 7.089239179543065e-04
9.282849918143544e-02 6.121346116246469e-02 7.031834304801664e-04
9.297535399152332e-02 6.204085545802452e-02 7.076651971408516e-04
9.312220867961245e-02 6.070330847624287e-02 7.062186188001273e-04
9.326906324551029e-02 6.176244453886871e-02 7.026870949293849e-04
9.341591768902432e-02 6.073312523714743e-02 7.048030265514014e-04
9.356277200996202e-02 6.061233654351589e-02 7.041933801854146e-04
9.370962620813084e-02 5.971219331118336e-02 6.975538630355789e-04
9.385648028333822e-02 6.006969939535277e-02 7.044219949758087e-04
9.400333423539166e-02 6.205423030714947e-02 7.003869948418825e-04
9.415018806409861e-02 6.009005903404657e-02 7.015205927825908e-04
9.429704176926657e-02 6.036011873636029e-02 6.961415559738616e-04
9.444389535070297e-02 6.113380917200564e-02 6.973727626060184e-04
9.459074880821530e-02 5.991964001515603e-02 6.989869822088466e-04
9.473760214161106e-02 6.003814064976214e-02 6.980669101215827e-04
9.488445535069767e-02 5.869173340624851e-02 6.961712007755815e-04
9.503130843528265e-02 6.106285736244986e-02 6.974928266358323e-04
9.517816139517343e-02 6.014407793474903e-02 6.975494651664041e-04
9.532501423017756e-02 6.014423712146600e-02 6.921723756331637e-04
9.547186694010244e-02 5.889062830219409e-02 6.905525765897697e-04
9.561871952475558e-02 5.944969284620989e-02 6.933092721351249e-04
9.576557198394450e-02 5.888174741977345e-02 6.918103915032205e-04
9.591242431747660e-02 6.070745695894174e-02 6.971711399846331e-04
9.605927652515940e-02 5.967155773008231e-02 6.911340286151697e-04
9.620612860680040e-02 5.844891852289363e-02 6.838787816671413e-04
9.635298056220708e-02 5.867989269502499e-02 6.869825548648250e-04
9.649983239118688e-02 5.870702533499019e-02 6.914760118890068e-04
9.664668409354732e-02 5.835059216735315e-02 6.872239150495543e-04
9.679353566909588e-02 5.829703479244569e-02 6.842105788680319e-04
9.694038711764005e-02 5.897856371456659e-02 6.904791186860494e-04
9.708723843898734e-02 5.743663242497653e-02 6.819477644199962e-04
9.723408963294519e-02 5.862216473745087e-02 6.859124393956664e-04
9.738094069932111e-02 5.827599122390306e-02 6.862273755674371e-04
9.752779163792259e-02 5.847893359007569e-02 6.816463674079131e-04
9.767464244855714e-02 5.841853960685646e-02 6.858703682681995e-04
9.782149313103225e-02 5.832303981721532e-02 6.858195546189788e-04
9.796834368515536e-02 5.827431575761321e-02 6.842799758732504e-04
9.811519411073406e-02 5.753242155210454e-02 6.761849288130838e-04
9.826204440757576e-02 5.734255774199060e-02 6.794815300701037e-04
9.840889457548796e-02 5.877604357022177e-02 6.850978513101088e-04
9.855574461427828e-02 5.783369077097958e-02 6.775023746016341e-04
9.870259452375403e-02 5.766040204777377e-02 6.811328768390833e-04
9.884944430372282e-02 5.764444579000221e-02 6.753065260713056e-04
9.899629395399215e-02 5.713465964720545e-02 6.805855693154315e-04
9.914314347436951e-02 5.778192924237868e-02 6.811859632016150e-04
9.928999286466240e-02 5.623070157485949e-02 6.670776312391126e-04
9.943684212467831e-02 5.596635690698717e-02 6.773744227594309e-04
9.958369125422474e-02 5.576314791015503e-02 6.723221925879656e-04
9.973054025310922e-02 5.715498540058432e-02 6.777903696782077e-04
9.987738912113926e-02 5.775162623979167e-02 6.762514201961023e-04
1.000242378581224e-01 5.703346762755897e-02 6.729964631420428e-04
1.001710864638660e-01 5.679585543560667e-02 6.900224166832799e-04
1.003179349381778e-01 5.571135489268050e-02 6.894563858542764e-04
1.004647832808650e-01 5.629476653519943e-02 7.045516279144235e-04
1.006116314917355e-01 5.662094782461834e-02 7.034093668739348e-04
1.007584795705964e-01 5.619124228432708e-02 7.091045277412806e-04
1.009053275172555e-01 5.559598564461038e-02 7.184631222309490e-04
1.010521753315203e-01 5.623930990205626e-02 7.153221590307477e-04
1.011990230131982e-01 5.633483269123475e-02 7.182668338143722e-04
1.013458705620967e-01 5.591161520259910e-02 7.231007549076175e-04
1.014927179780235e-01 5.479587207163419e-02 7.268482657094864e-04
1.016395652607859e-01 5.442829124215554e-02 7.328908036187222e-04
1.017864124101916e-01 5.474616627585847e-02 7.197783006437933e-04
1.019332594260479e-01 5.591893986539406e-02 7.384038140376431e-04
1.020801063081626e-01 5.627217730093099e-02 7.359440798709540e-04
1.022269530563430e-01 5.587164123887271e-02 7.467710501167791e-04
1.023737996703967e-01 5.648184276021360e-02 7.451887605161924e-04
1.025206461501313e-01 5.486624852780542e-02 7.368811239141453e-04
1.026674924953542e-01 5.495418945308980e-02 7.484594912677037e-04
1.028143387058730e-01 5.444355702034134e-02 7.510692648235156e-04
1.029611847814952e-01 5.646604225522647e-02 7.354668860354857e-04
1.031080307220284e-01 5.407529279237156e-02 7.223857432298460e-04
1.032548765272800e-01 5.369278580084731e-02 7.185176662423756e-04
1.034017221970575e-01 5.479335462780729e-02 7.180503683697796e-04
1.035485677311687e-01 5.625812595708686e-02 7.132478815694989e-04
1.036954131294208e-01 5.440643265203154e-02 7.076995768502140e-04
1.038422583916216e-01 5.516228293061833e-02 7.106222695039060e-04
1.039891035175785e-01 5.377129755262122e-02 7.000419130221908e-04
1.041359485070990e-01 5.367280976592612e-02 7.021169886833402e-04
1.042827933599908e-01 5.485906455776124e-02 6.956201503853989e-04
1.044296380760613e-01 5.394409244680878e-02 6.968249785821541e-04
1.045764826551180e-01 5.401511521440257e-02 6.960287044693297e-04
1.047233270969686e-01 5.505483928544654e-02 6.972749908830730e-04
1.048701714014205e-01 5.335115962860662e-02 6.849762983418279e-04
1.050170155682814e-01 5.422763562506442e-02 6.941415766799125e-04
1.051638595973586e-01 5.366840085737495e-02 6.898085601599682e-04
1.053107034884598e-01 5.369309087838012e-02 6.866993762441881e-04
1.054575472413926e-01 5.395823710176379e-02 6.863058307122893e-04
1.056043908559644e-01 5.324894634661577e-02 6.812169429603479e-04
1.057512343319829e-01 5.446692993447581e-02 6.892170354711650e-04
1.058980776692555e-01 5.403100096872911e-02 6.803214575048633e-04
1.060449208675899e-01 5.331585500855688e-02 6.806234289684442e-04
1.061917639267934e-01 5.252066670637624e-02 6.728877949929146e-04
1.063386068466738e-01 5.276370066206919e-02 6.763028939852300e-04
1.064854496270386e-01 5.251041360136493e-02 6.774294769079883e-04
1.066322922676953e-01 5.276299674316068e-02 6.702316637063687e-04
1.067791347684515e-01 5.359712700162927e-02 6.768183879014384e-04
1.069259771291147e-01 5.190958775029334e-02 6.734021571647529e-04
1.070728193494925e-01 5.230098320326819e-02 6.702290361800397e-04
1.072196614293924e-01 5.230753335683119e-02 6.727956885944724e-04
1.073665033686221e-01 5.251026137910092e-02 6.649021883727598e-04
1.075133451669889e-01 5.159343533518449e-02 6.660089358057167e-04
1.076601868243007e-01 5.192076622417603e-02 6.718113846621886e-04
1.078070283403648e-01 5.249724390486664e-02 6.664707109595075e-04
1.079538697149888e-01 5.119094787926271e-02 6.643021612183228e-04
1.081007109479804e-01 5.128009354520288e-02 6.591075317203186e-04
1.082475520391470e-01 5.189609772114539e-02 6.694661970312840e-04
1.083943929882962e-01 5.125704755754273e-02 6.620202297227888e-04
1.085412337952357e-01 5.239626158522870e-02 6.576871526223947e-04
1.086880744597730e-01 5.062273676390459e-02 6.650115365591329e-04
1.088349149817155e-01 5.166743060065646e-02 6.534483707463175e-04
1.089817553608711e-01 5.135360973620886e-02 6.628849083933348e-04
1.091285955970470e-01 5.044902491801437e-02 6.552259214194235e-04
1.092754356900511e-01 5.054200556626866e-02 6.517376551452452e-04
1.094222756396908e-01 4.971780071704562e-02 6.533585401026304e-04
1.095691154457736e-01 5.126181490283677e-02 6.463744394607948e-04
1.097159551081073e-01 5.077664414017482e-02 6.497932663210668e-04
1.098627946264993e-01 5.064195871953294e-02 6.450840152254173e-04
1.100096340007572e-01 5.094440187224700e-02 6.495185880110932e-04
1.101564732306887e-01 5.041594794443608e-02 6.494613113367028e-04
1.103033123161012e-01 5.043629481009317e-02 6.437234945706243e-04
1.104501512568025e-01 4.976606455357456e-02 6.454160399166068e-04
1.105969900525999e-01 5.098234772077503e-02 6.379132043511765e-04
1.107438287033013e-01 4.976738008725678e-02 6.447794929494834e-04
1.108906672087140e-01 5.019031237680380e-02 6.441497779481850e-04
1.110375055686457e-01 4.968146466907228e-02 6.484103185208073e-04
1.111843437829041e-01 4.959511666623377e-02 6.598669491673070e-04
1.113311818512966e-01 4.951507878916810e-02 6.606183684116296e-04
1.114780197736309e-01 4.931783087281484e-02 6.718562362002172e-04
1.116248575497145e-01 4.950862810920196e-02 6.730904286445298e-04
1.117716951793551e-01 4.813746930146523e-02 6.732193843900313e-04
1.119185326623603e-01 4.907265481494408e-02 6.849838059922712e-04
1.120653699985375e-01 4.967094689703296e-02 6.816789845218728e-04
1.122122071876945e-01 4.960159107967985e-02 6.895068742941423e-04
1.123590442296388e-01 4.828799638067683e-02 6.827478371686742e-04
1.125058811241781e-01 4.864234111312091e-02 6.968828069323930e-04
1.126527178711198e-01 4.974609294551263e-02 6.997856757684273e-04
1.127995544702717e-01 4.762218321369170e-02 6.899049157964342e-04
1.129463909214413e-01 4.780449547134398e-02 6.930764413027151e-04
1.130932272244362e-01 4.925250503243503e-02 6.891711866567803e-04
1.132400633790640e-01 4.808724786726418e-02 6.890018715047360e-04
1.133868993851323e-01 4.915466811810650e-02 6.879304109683671e-04
1.135337352424488e-01 4.793305110065056e-02 6.943552659404584e-04
1.136805709508210e-01 4.746165181364777e-02 6.973255980113587e-04
1.138274065100565e-01 4.753142894734363e-02 6.868936413699376e-04
1.139742419199631e-01 4.740982965172240e-02 6.916773689129267e-04
1.141210771803480e-01 4.800929300749992e-02 6.920202351037978e-04
1.142679122910192e-01 4.658082571260910e-02 6.934927289732969e-04
1.144147472517842e-01 4.734714829862014e-02 6.966721379772055e-04
1.145615820624505e-01 4.717315003160399e-02 6.905493398324968e-04
1.147084167228259e-01 4.828709523021056e-02 7.015361395139677e-04
1.148552512327178e-01 4.696049665255838e-02 6.900236200521624e-04
1.150020855919340e-01 4.729362283845277e-02 6.938928378815363e-04
1.151489198002821e-01 4.613239447784635e-02 6.973688302930358e-04
1.152957538575695e-01 4.593846332973887e-02 6.922687888109902e-04
1.154425877636041e-01 4.648269626830001e-02 6.984044678935854e-04
1.155894215181933e-01 4.693761345122753e-02 6.881711326583994e-04
1.157362551211449e-01 4.593515356752033e-02 6.972271588734499e-04
1.158830885722664e-01 4.514379021534209e-02 6.982046249577194e-04
1.160299218713654e-01 4.394157581916745e-02 6.925525606619684e-04
1.161767550182498e-01 4.640115240079788e-02 7.045611083887389e-04
1.163235880127268e-01 4.438468496345645e-02 6.862663563604240e-04
1.164704208546044e-01 4.543786811824363e-02 7.001669417629608e-04
1.166172535436900e-01 4.535970546390115e-02 6.972366776086287e-04
1.167640860797913e-01 4.586030409320743e-02 6.950055976367264e-04
1.169109184627159e-01 4.464078588417339e-02 6.946202064015493e-04
1.170577506922715e-01 4.556104537246287e-02 6.991860520919288e-04
1.172045827682657e-01 4.476495311990900e-02 6.991947185918105e-04
1.173514146905061e-01 4.484209826505008e-02 6.946977274636235e-04
1.174982464588003e-01 4.511856209324202e-02 6.948702748111966e-04
1.176450780729561e-01 4.425844782707273e-02 7.002458204514912e-04
1.177919095327811e-01 4.417079284549247e-02 7.007766581973625e-04
1.179387408380827e-01 4.335986223351624e-02 6.946420364992521e-04
1.180855719886688e-01 4.295298000167809e-02 6.931517430219227e-04
1.182324029843469e-01 4.411240897138848e-02 7.033293254691456e-04
1.183792338249248e-01 4.441822766950296e-02 7.013277988216983e-04
1.185260645102099e-01 4.348273334849240e-02 6.958343432961214e-04
1.186728950400101e-01 4.278791467749089e-02 6.899656542491150e-04
1.188197254141328e-01 4.226335719282990e-02 6.948991894386031e-04
1.189665556323859e-01 4.198728396830687e-02 7.022368258046461e-04
1.191133856945769e-01 4.291074968881840e-02 6.946995390521883e-04
1.192602156005134e-01 4.256407702620696e-02 6.965727893606019e-04
1.194070453500032e-01 4.156909274332910e-02 6.911489038560304e-04
1.195538749428538e-01 4.273335049651825e-02 6.954813817287076e-04
1.197007043788729e-01 4.167090645631834e-02 6.995315597373742e-04
1.198475336578682e-01 4.206197833094749e-02 6.891085766730879e-04
1.199943627796474e-01 4.228669495762029e-02 7.018608766050811e-04
1.201411917440180e-01 4.200695872689641e-02 6.927052399196079e-04
1.202880205507879e-01 4.177383270139036e-02 6.968409070930011e-04
1.204348491997644e-01 4.176811499387914e-02 6.954033953294820e-04
1.205816776907555e-01 4.230766858183079e-02 6.965093573203690e-04
1.207285060235687e-01 4.137436131802154e-02 7.003993505070520e-04
1.208753341980116e-01 4.052423984463725e-02 6.933437180225435e-04
1.210221622138920e-01 4.146879156342469e-02 6.935548025905164e-04
1.211689900710175e-01 4.182355398964254e-02 6.908855670111383e-04
1.213158177691958e-01 4.181176781106544e-02 6.982612454831493e-04
1.214626453082345e-01 4.159802433618553e-02 7.031181932105724e-04
1.216094726879414e-01 4.093553324096293e-02 6.923720361615616e-04
1.217562999081240e-01 4.104127627705293e-02 6.951318761862056e-04
1.219031269685900e-01 4.056766331780320e-02 6.940319253055608e-04
1.220499538691473e-01 3.950220078901551e-02 6.939682683465219e-04
1.221967806096032e-01 4.199958916898656e-02 7.022960872385341e-04
1.223436071897657e-01 4.101393783837320e-02 6.866962581384729e-04
1.224904336094423e-01 4.090761957386605e-02 7.015136299578585e-04
1.226372598684407e-01 3.922383784192016e-02 6.929803121073923e-04
1.227840859665686e-01 3.959453635242783e-02 7.001834457647666e-04
1.229309119036337e-01 4.039742694422774e-02 6.934874563522714e-04
1.230777376794436e-01 3.988271216115189e-02 6.895832139876909e-04
1.232245632938061e-01 4.097540010169551e-02 7.059905315694643e-04
1.233713887465287e-01 4.087225469628639e-02 6.882672063351803e-04
1.235182140374194e-01 3.934869516072583e-02 6.969176134943637e-04
1.236650391662856e-01 3.792200199900143e-02 6.888873190819579e-04
1.238118641329350e-01 3.887651754157215e-02 6.926353113711088e-04
1.239586889371753e-01 3.860212600527384e-02 6.994379360582942e-04
1.241055135788144e-01 3.830694526204723e-02 6.909558521299433e-04
1.242523380576598e-01 3.774358331450645e-02 6.931727129203866e-04
1.243991623735193e-01 3.788732588218979e-02 6.877043100881703e-04
1.245459865262004e-01 3.846666917875030e-02 6.927202121941924e-04
1.246928105155109e-01 3.827627576107494e-02 6.931547430261795e-04
1.248396343412586e-01 3.887431421253617e-02 6.916646576666932e-04
1.249864580032510e-01 3.868084037204642e-02 6.935155640216630e-04
1.251332815012960e-01 3.747267306187937e-02 6.906901730755743e-04
1.252801048352011e-01 3.744350656947065e-02 6.919642995084614e-04
1.254269280047742e-01 3.687130443508312e-02 6.907246475617542e-04
1.255737510098228e-01 3.733482760666778e-02 6.900661864677947e-04
1.257205738501548e-01 3.715591949612673e-02 6.950695841414796e-04
1.258673965255777e-01 3.738848057657072e-02 6.916818919358891e-04
1.260142190358993e-01 3.730900171590785e-02 6.931122114222149e-04
1.261610413809274e-01 3.542427220017341e-02 6.878891231931264e-04
1.263078635604696e-01 3.843215234235240e-02 6.900138287931981e-04
1.264546855743336e-01 3.607939679957795e-02 6.922263974429797e-04
1.266015074223272e-01 3.733190563042246e-02 6.835393164285181e-04
1.267483291042580e-01 3.692491500959236e-02 6.876370866830751e-04
1.268951506199338e-01 3.588140996047473e-02 6.789593112741711e-04
1.270419719691622e-01 3.595482074843592e-02 6.857409762630852e-04
1.271887931517510e-01 3.726593985961623e-02 6.823296817598556e-04
1.273356141675080e-01 3.597329815924353e-02 6.825442492543149e-04
1.274824350162407e-01 3.649074607624030e-02 6.825299617609625e-04
1.276292556977570e-01 3.608426257571708e-02 6.811769554370096e-04
1.277760762118645e-01 3.476071648896178e-02 6.834100050676709e-04
1.279228965583711e-01 3.433802740306546e-02 6.734505823296669e-04
1.280697167370843e-01 3.452691455972833e-02 6.800639423653311e-04
1.282165367478119e-01 3.498798041398094e-02 6.833259837753633e-04
1.283633565903617e-01 3.661090232267492e-02 6.767935489821101e-04
1.285101762645414e-01 3.472409018283883e-02 6.797845999216218e-04
1.286569957701586e-01 3.631269370191810e-02 6.781116493866228e-04
1.288038151070212e-01 3.593683842024786e-02 6.811741461391211e-04
1.289506342749369e-01 3.518872923182522e-02 6.792266256259383e-04
1.290974532737133e-01 3.485809840900599e-02 6.753223884373317e-04
1.292442721031583e-01 3.467233137407866e-02 6.797633208153090e-04
1.293910907630794e-01 3.447474827310705e-02 6.744918142858914e-04
1.295379092532846e-01 3.548957073072334e-02 6.818999775767702e-04
1.296847275735815e-01 3.462360251120520e-02 6.782184858726535e-04
1.298315457237779e-01 3.327951456447952e-02 6.736258228505525e-04
1.299783637036815e-01 3.500830134791558e-02 6.883764492456948e-04
1.301251815131000e-01 3.340013937815041e-02 6.688972276344023e-04
1.302719991518412e-01 3.355225311581086e-02 6.771796676138040e-04
1.304188166197129e-01 3.276852500836322e-02 6.715762206370040e-04
1.305656339165226e-01 3.116062580788468e-02 6.753690959720381e-04
1.307124510420783e-01 3.337558885583135e-02 6.759883370400507e-04
1.308592679961877e-01 3.216535414239388e-02 6.732239285278612e-04
1.310060847786584e-01 3.225164964630019e-02 6.703661656891419e-04
1.311529013892983e-01 3.165252841568912e-02 6.708316709344149e-04
1.312997178279152e-01 3.229343667107541e-02 6.752095893912134e-04
1.314465340943166e-01 3.253631696356173e-02 6.720931190942354e-04
1.315933501883105e-01 3.278151424250219e-02 6.673273374615584e-04
1.317401661097045e-01 3.269206681278399e-02 6.737085554032754e-04
1.318869818583065e-01 3.184711002581977e-02 6.733335070309753e-04
1.320337974339242e-01 3.153786273289306e-02 6.749821843966002e-04
1.321806128363652e-01 3.286987176275905e-02 6.748395238903500e-04
1.323274280654375e-01 3.054442717918854e-02 6.688781149471901e-04
1.324742431209487e-01 3.169780121738872e-02 6.790926590028332e-04
1.326210580027065e-01 3.099063694530314e-02 6.641430683132427e-04
1.327678727105190e-01 3.207285576021492e-02 6.740095597901431e-04
1.329146872441935e-01 3.166091854121493e-02 6.698268126615759e-04
1.330615016035382e-01 3.136056249498131e-02 6.696899811174361e-04
1.332083157883606e-01 3.140013919226347e-02 6.679652482645911e-04
1.333551297984685e-01 3.052922593557161e-02 6.687092618270624e-04
1.335019436336697e-01 3.135385861769391e-02 6.745956413996500e-04
1.336487572937721e-01 3.058226874715292e-02 6.687210796891035e-04
1.337955707785833e-01 2.998166966215041e-02 6.750640048794437e-04
1.339423840879111e-01 2.943395814871614e-02 6.702470943292652e-04
1.340891972215633e-01 3.141956870607593e-02 6.687675586914835e-04
1.342360101793477e-01 3.090412571089040e-02 6.688083465877828e-04
1.343828229610720e-01 3.193571460700799e-02 6.653342910068193e-04
1.345296355665440e-01 2.928903543871994e-02 6.682132890476494e-04
1.346764479955716e-01 3.021279327910893e-02 6.657079489443109e-04
1.348232602479625e-01 3.026754768754289e-02 6.715548411823868e-04
1.349700723235245e-01 3.056605721642419e-02 6.703809127583124e-04
1.351168842220653e-01 2.993069434943052e-02 6.622110788707355e-04
1.352636959433928e-01 3.110776741652145e-02 6.716758423409248e-04
1.354105074873147e-01 2.918722277970123e-02 6.556313703344392e-04
1.355573188536388e-01 2.989649875924168e-02 6.724806291633517e-04
1.357041300421729e-01 2.993466567732627e-02 6.679344713295450e-04
1.358509410527249e-01 2.843542775646712e-02 6.667103924256157e-04
1.359977518851024e-01 2.822463511590389e-02 6.677533668811348e-04
1.361445625391133e-01 2.887637342335567e-02 6.582996521959467e-04
1.362913730145654e-01 2.897200730461073e-02 6.643052351798093e-04
1.364381833112665e-01 2.884831344646187e-02 6.594520811860594e-04
1.365849934290243e-01 2.862131587592828e-02 6.629450540538281e-04
1.367318033676468e-01 2.844843705920876e-02 6.708243476120303e-04
1.368786131269416e-01 2.804644553972518e-02 6.581179532673532e-04
1.370254227067166e-01 2.819987675132271e-02 6.618476143674853e-04
1.371722321067795e-01 2.761676139666200e-02 6.551895895542931e-04
1.373190413269383e-01 2.833082433074548e-02 6.619656877804024e-04
1.374658503670007e-01 2.847141522038233e-02 6.676699515158919e-04
1.376126592267744e-01 2.797997152457987e-02 6.620582070490197e-04
1.377594679060673e-01 2.722671653439071e-02 6.692329553438804e-04
1.379062764046873e-01 2.721619460711366e-02 6.548995998942555e-04
1.380530847224421e-01 2.747808191556348e-02 6.649875982861411e-04
1.381998928591395e-01 2.731859742238207e-02 6.680309290932486e-04
1.383467008145873e-01 2.674529607479322e-02 6.573865477881467e-04
1.384935085885935e-01 2.688895266481498e-02 6.628048105976952e-04
1.386403161809657e-01 2.713923428380095e-02 6.528766015114694e-04
1.387871235915119e-01 2.745043872959513e-02 6.620889798003521e-04
1.389339308200397e-01 2.711196816821361e-02 6.619611747771113e-04
1.390807378663571e-01 2.650712587910413e-02 6.556371281754638e-04
1.392275447302719e-01 2.670832474813209e-02 6.617543658210632e-04
1.393743514115918e-01 2.729137508652937e-02 6.577891133676225e-04
1.395211579101248e-01 2.546331492653390e-02 6.615141389688768e-04
1.396679642256785e-01 2.557552655704216e-02 6.589417300812230e-04
1.398147703580609e-01 2.688166312515279e-02 6.589795547292234e-04
1.399615763070799e-01 2.640663576057626e-02 6.612734360096580e-04
1.401083820725432e-01 2.611286937558099e-02 6.636368525015410e-04
1.402551876542587e-01 2.557080524605338e-02 6.628901779191643e-04
1.404019930520340e-01 2.511128867346053e-02 6.566401261017630e-04
1.405487982656773e-01 2.585539281614386e-02 6.642166910676729e-04
1.406956032949962e-01 2.537455466411490e-02 6.788348099387549e-04
1.408424081397986e-01 2.577068511593997e-02 6.949935758104695e-04
1.409892127998923e-01 2.497466407297165e-02 6.986800709722519e-04
1.411360172750852e-01 2.408203041312634e-02 7.081654974287294e-04
1.412828215651852e-01 2.576466186482082e-02 7.223961929395929e-04
1.414296256699999e-01 2.701450277224771e-02 7.233523607905756e-04
1.415764295893374e-01 2.446763181888018e-02 7.291960145141381e-04
1.417232333230055e-01 2.558854852208881e-02 7.328326833613230e-04
1.418700368708119e-01 2.520317836852365e-02 7.477991066943254e-04
1.420168402325645e-01 2.389359460787834e-02 7.542291226944708e-04
1.421636434080713e-01 2.517821634082841e-02 7.519883239757415e-04
1.423104463971400e-01 2.411580804089625e-02 7.673003070668687e-04
1.424572491995785e-01 2.458651272990150e-02 7.707215465818597e-04
1.426040518151946e-01 2.372993037836818e-02 7.819758335992323e-04
1.427508542437963e-01 2.475846439958122e-02 7.756358641691648e-04
1.428976564851913e-01 2.405869287888861e-02 7.872595510483018e-04
1.430444585391876e-01 2.375234939632644e-02 7.917955647707658e-04
1.431912604055929e-01 2.342197912130655e-02 7.979500505695289e-04
1.433380620842152e-01 2.429772419175381e-02 8.006540018189933e-04
1.434848635748623e-01 2.343830636519828e-02 7.995201834747503e-04
1.436316648773420e-01 2.337200287385811e-02 8.075098142669533e-04
1.437784659914622e-01 2.305897879944518e-02 8.190369691526419e-04
1.439252669170309e-01 2.298925830777665e-02 8.333407500745490e-04
1.440720676538558e-01 2.412236747968352e-02 8.195295671568726e-04
1.442188682017449e-01 2.300969920071365e-02 8.323775840331194e-04
1.443656685605060e-01 2.207051429605409e-02 8.387395565049818e-04
1.445124687299469e-01 2.307843653485117e-02 8.570566496913032e-04
1.446592687098756e-01 2.228449400874864e-02 8.431542198595655e-04
1.448060685000999e-01 2.152792922022774e-02 8.621621723567852e-04
1.449528681004278e-01 2.233241023756456e-02 8.533162060306952e-04
1.450996675106670e-01 2.413346631807645e-02 8.731725395958868e-04
1.452464667306255e-01 2.425076947124834e-02 8.684759823329296e-04
1.453932657601112e-01 2.091760925334830e-02 8.660937544307557e-04
1.455400645989318e-01 2.328955912290299e-02 8.887620780265998e-04
1.456868632468954e-01 2.168686634271249e-02 8.765566785614797e-04
1.458336617038097e-01 2.255952859077172e-02 8.888240101769439e-04
1.459804599694828e-01 2.108128761844074e-02 8.799747351550174e-04
1.461272580437224e-01 2.104848787798030e-02 9.020929710345616e-04
1.462740559263364e-01 2.214167702706716e-02 9.073015362621501e-04
1.464208536171328e-01 2.093116374965281e-02 9.153728872344226e-04
1.465676511159195e-01 2.213661545590585e-02 9.219419323244505e-04
1.467144484225043e-01 2.063406249732994e-02 9.113833528839758e-04
1.468612455366952e-01 2.193661266143060e-02 9.255541798950396e-04
1.470080424582999e-01 2.046779205784879e-02 9.316934932131277e-04
1.471548391871265e-01 2.100818158108527e-02 9.158307433366154e-04
1.473016357229828e-01 2.135305899352955e-02 9.507281547534624e-04
1.474484320656767e-01 2.108042151424600e-02 9.331061100433194e-04
1.475952282150162e-01 2.108237088420327e-02 9.453795923234415e-04
1.477420241708091e-01 1.964503771118026e-02 9.335925903746160e-04
1.478888199328633e-01 2.060559711383558e-02 9.451815095717279e-04
1.480356155009868e-01 2.170711218781395e-02 9.605935706457564e-04
1.481824108749874e-01 2.053216177210307e-02 9.414512922755657e-04
1.483292060546731e-01 2.018646672628003e-02 9.653560049647189e-04
1.484760010398518e-01 2.038324561040351e-02 9.389135497104040e-04
1.486227958303313e-01 1.880488033596420e-02 9.635649487227672e-04
1.487695904259196e-01 1.912572667166276e-02 9.735154733380567e-04
1.489163848264247e-01 2.084990701424738e-02 9.481359706071194e-04
1.490631790316544e-01 1.848358533794023e-02 9.780502712967176e-04
1.492099730414167e-01 2.030245632898348e-02 1.007904205786067e-03
1.493567668555194e-01 1.794541734314911e-02 9.774468930110877e-04
1.495035604737705e-01 1.995780406891608e-02 9.845103085991719e-04
1.496503538959780e-01 1.864351290854262e-02 9.510851178609633e-04
1.497971471219496e-01 1.874072142991930e-02 9.829235891892286e-04
1.499439401514935e-01 1.948589126946569e-02 9.593452264515066e-04
1.500907329844174e-01 1.891719565283522e-02 9.893571137829969e-04
1.502375256205293e-01 2.002111585426541e-02 9.741798764433148e-04
1.503843180596373e-01 2.081868287216152e-02 9.858605536493320e-04
1.505311103015491e-01 1.919037588876107e-02 1.005062697715653e-03
1.506779023460727e-01 1.751767879731013e-02 9.596054078166097e-04
1.508246941930161e-01 1.921744216217520e-02 9.924406435938052e-04
1.509714858421872e-01 1.825260529909436e-02 9.711582329439602e-04
1.511182772933938e-01 1.824184700572343e-02 9.753244802958212e-04
1.512650685464441e-01 1.808749977516613e-02 1.000492659899574e-03
1.514118596011459e-01 1.821611033857656e-02 9.766082846370020e-04
1.515586504573071e-01 1.827319947582841e-02 9.930035175436201e-04
1.517054411147357e-01 1.666138115042579e-02 9.750056319807930e-04
1.518522315732397e-01 1.663825562483551e-02 9.909136552643969e-04
1.519990218326269e-01 1.947026197406607e-02 1.008417671147162e-03
1.521458118927054e-01 1.651923436513703e-02 9.750065276626398e-04
1.522926017532831e-01 1.791526154726503e-02 1.015465879866200e-03
1.524393914141679e-01 1.826653372990935e-02 9.971189221473279e-04
1.525861808751677e-01 1.821571785007709e-02 1.025899570294907e-03
1.527329701360906e-01 1.648733004648317e-02 1.001015016686182e-03
1.528797591967446e-01 1.920064258805782e-02 1.014662366166714e-03
1.530265480569374e-01 1.737586056909838e-02 1.039437359122534e-03
1.531733367164773e-01 1.929457996567853e-02 9.933572131045260e-04
1.533201251751719e-01 1.889367625962919e-02 1.040528104547852e-03
1.534669134328294e-01 1.676204331336967e-02 1.001992539030018e-03
1.536137014892578e-01 1.757775175062315e-02 1.039493929967622e-03
1.537604893442648e-01 1.618269847314801e-02 1.038698627909013e-03
1.539072769976586e-01 1.773585224674249e-02 1.029626685696576e-03
1.540540644492471e-01 1.611737899316640e-02 1.049134817672616e-03
1.542008516988383e-01 1.729460998674739e-02 1.038334161746014e-03
1.543476387462401e-01 1.735098919212923e-02 1.068899284192704e-03
1.544944255912605e-01 1.676849627376226e-02 1.045268587520559e-03
1.546412122337075e-01 1.688111545034139e-02 1.053869273642761e-03
1.547879986733890e-01 1.810671825046014e-02 1.063566573371148e-03
1.549347849101131e-01 1.618897770970520e-02 1.048114321005736e-03
1.550815709436878e-01 1.667617916950688e-02 1.060829910675810e-03
1.552283567739209e-01 1.612742263638853e-02 1.054242993236364e-03
1.553751424006205e-01 1.618609829244370e-02 1.068924058920716e-03
1.555219278235946e-01 1.627522882119818e-02 1.076785576884904e-03
1.556687130426511e-01 1.604386623623918e-02 1.071076892538647e-03
1.558154980575980e-01 1.567220350354403e-02 1.078949609930301e-03
1.559622828682433e-01 1.587903414570769e-02 1.071991883748070e-03
1.561090674743951e-01 1.668714269958375e-02 1.092475641521117e-03
1.562558518758612e-01 1.610619052405832e-02 1.084602902116518e-03
1.564026360724498e-01 1.540875751623013e-02 1.095325061895894e-03
1.565494200639687e-01 1.723900629605422e-02 1.086524266709019e-03
1.566962038502260e-01 1.578636980764958e-02 1.094990537554613e-03
1.568429874310297e-01 1.700749059881519e-02 1.117177328423262e-03
1.569897708061878e-01 1.526801263475765e-02 1.108162365371106e-03
1.571365539755082e-01 1.557813083266484e-02 1.109452257222609e-03
1.572833369387990e-01 1.643069599394399e-02 1.116977629194315e-03
1.574301196958682e-01 1.717004424865572e-02 1.108721640504071e-03
1.575769022465238e-01 1.482830681652780e-02 1.123725892833237e-03
1.577236845905738e-01 1.743111359632520e-02 1.101813803170078e-03
1.578704667278262e-01 1.631841481672962e-02 1.135080220020126e-03
1.580172486580890e-01 1.643449267340552e-02 1.135710860047632e-03
1.581640303811701e-01 1.693167367428776e-02 1.133303572438791e-03
1.583108118968778e-01 1.486433769571497e-02 1.138741352152479e-03
1.584575932050198e-01 1.529757577480653e-02 1.146128968203202e-03
1.586043743054044e-01 1.468673710914156e-02 1.166073717214766e-03
1.587511551978395e-01 1.532064545441225e-02 1.168032012022651e-03
1.588979358821330e-01 1.516439044760333e-02 1.156045166245162e-03
1.590447163580930e-01 1.437934691985090e-02 1.158993041462181e-03
1.591914966255276e-01 1.628416163804044e-02 1.173324072201423e-03
1.593382766842448e-01 1.440346070300283e-02 1.163806673791298e-03
1.594850565340525e-01 1.605269979035716e-02 1.185390901925421e-03
1.596318361747588e-01 1.474828504708353e-02 1.168068153115716e-03
1.597786156061718e-01 1.403055339243759e-02 1.191243852801851e-03
1.599253948280995e-01 1.376171088543133e-02 1.172563624180540e-03
1.600721738403499e-01 1.324720597226200e-02 1.196205949940837e-03
1.602189526427309e-01 1.339741139022869e-02 1.187984203685390e-03
1.603657312350509e-01 1.247522230706661e-02 1.210305576121861e-03
1.605125096171175e-01 1.414085329266674e-02 1.197356579080214e-03
1.606592877887390e-01 1.423106530858872e-02 1.204554689228261e-03
1.608060657497234e-01 1.444335426644462e-02 1.231044459632866e-03
1.609528434998787e-01 1.390959301365504e-02 1.217557499867011e-03
1.610996210390131e-01 1.371459247711664e-02 1.215284489306069e-03
1.612463983669344e-01 1.471646363630465e-02 1.242721234922034e-03
1.613931754834508e-01 1.259247540674357e-02 1.216258243575033e-03
1.615399523883702e-01 1.240546729995618e-02 1.238568693124092e-03
1.616867290815008e-01 1.470448693799940e-02 1.242980196905030e-03
1.618335055626506e-01 1.159915344026317e-02 1.244915897313070e-03
1.619802818316277e-01 1.358362816264674e-02 1.259369217951899e-03
1.621270578882401e-01 1.243729199744362e-02 1.245471719012137e-03
1.622738337322958e-01 1.169362997726369e-02 1.245475512520796e-03
1.624206093636030e-01 1.371083598499373e-02 1.262104273161544e-03
1.625673847819697e-01 1.185724286094243e-02 1.279139714365686e-03
1.627141599872038e-01 1.412112408578854e-02 1.290436016318741e-03
1.628609349791136e-01 9.546841755956884e-03 1.276359588196371e-03
1.630077097575070e-01 1.410377026216577e-02 1.297087545967310e-03
1.631544843221922e-01 1.482704981951224e-02 1.277538935878187e-03
1.633012586729772e-01 1.386690942162729e-02 1.307090235047093e-03
1.634480328096700e-01 1.203879847475788e-02 1.308221280691520e-03
1.635948067320787e-01 1.423185450491273e-02 1.322589154659636e-03
1.637415804400115e-01 1.353117056080231e-02 1.306660067337223e-03
1.638883539332764e-01 1.330744910135077e-02 1.335025264742258e-03
1.640351272116813e-01 1.182245129874337e-02 1.323403611259154e-03
1.641819002750345e-01 1.131804934123185e-02 1.345154786719985e-03
1.643286731231440e-01 1.153770900282787e-02 1.331570015115202e-03
1.644754457558179e-01 1.288892911728006e-02 1.341943050195702e-03
1.646222181728642e-01 1.500936718263878e-02 1.376450676882405e-03
1.647689903740911e-01 1.161515045242068e-02 1.354718061134342e-03
1.649157623593066e-01 1.049532840447183e-02 1.412341777609229e-03
1.650625341283188e-01 1.074442848774938e-02 1.349543986593828e-03
1.652093056809359e-01 1.240171907178457e-02 1.375084776065486e-03
1.653560770169658e-01 1.196824091733259e-02 1.415526361503451e-03
1.655028481362167e-01 1.145857083105222e-02 1.405668675139578e-03
1.656496190384967e-01 1.337511125547829e-02 1.424901917488095e-03
1.657963897236138e-01 1.009759742254699e-02 1.395880164526166e-03
1.659431601913762e-01 1.182727175447442e-02 1.401175633822395e-03
1.660899304415920e-01 1.225244379565438e-02 1.431774454145939e-03
1.662367004740692e-01 1.151357303449287e-02 1.459651892634633e-03
1.663834702886159e-01 1.079564676792277e-02 1.444980484994101e-03
1.665302398850404e-01 1.239260813032903e-02 1.472124474784955e-03
1.666770092631506e-01 1.008287789166279e-02 1.453777315959949e-03
1.668237784227546e-01 1.156697514331731e-02 1.473038246655746e-03
1.669705473636607e-01 1.173826909735949e-02 1.464828251848995e-03
1.671173160856769e-01 1.157595003853340e-02 1.493079655272994e-03
1.672640845886112e-01 1.190167617769247e-02 1.487475650243327e-03
1.674108528722718e-01 1.068651153737143e-02 1.488285125501642e-03
1.675576209364669e-01 1.106581432596234e-02 1.559343389376183e-03
1.677043887810044e-01 1.063562978630312e-02 1.485669712611223e-03
1.678511564056927e-01 9.719505065674001e-03 1.537743021442362e-03
1.679979238103397e-01 1.010884697243955e-02 1.587108516909660e-03
1.681446909947535e-01 1.072510215400424e-02 1.545426622996510e-03
1.682914579587425e-01 1.073487965255341e-02 1.587377983915449e-03
1.684382247021145e-01 1.153436767671996e-02 1.562134497068665e-03
1.685849912246778e-01 1.034248424101124e-02 1.578744535363438e-03
1.687317575262405e-01 1.042014317625009e-02 1.617103335257494e-03
1.688785236066107e-01 9.635789172026817e-03 1.620920212126941e-03
1.690252894655966e-01 9.594905835878687e-03 1.624861562704352e-03
1.691720551030063e-01 9.585145992466453e-03 1.610189375856967e-03
1.693188205186478e-01 9.647682774916457e-03 1.653968965383889e-03
1.694655857123294e-01 1.065533435468443e-02 1.661604566806791e-03
1.696123506838591e-01 7.985456236956009e-03 1.678065631648291e-03
1.697591154330453e-01 1.144845241564138e-02 1.702469747149449e-03
1.699058799596958e-01 8.206228302848737e-03 1.680644535900679e-03
1.700526442636189e-01 1.009295715165705e-02 1.730328995485995e-03
1.701994083446229e-01 1.370506930440200e-02 1.713639268350453e-03
1.703461722025157e-01 8.765412814322115e-03 1.777899072840837e-03
1.704929358371055e-01 9.910560044654168e-03 1.702847719636858e-03
1.706396992482005e-01 7.610127682939958e-03 1.735353965259640e-03
1.707864624356089e-01 1.181365578162659e-02 1.798089510212289e-03
1.709332253991387e-01 9.845828546092695e-03 1.783169028161443e-03
1.710799881385982e-01 1.037810413268537e-02 1.849019580696019e-03
1.712267506537955e-01 7.986107290908031e-03 1.858881776189698e-03
1.713735129445388e-01 9.570199790982965e-03 1.865942940221306e-03
1.715202750106361e-01 9.918779852472666e-03 1.899388071652393e-03
1.716670368518958e-01 1.208292218309893e-02 1.928100709972365e-03
1.718137984681258e-01 1.006348033692823e-02 1.929872143263789e-03
1.719605598591345e-01 9.720412676463589e-03 1.900779610327769e-03
1.721073210247299e-01 1.129237942502750e-02 1.915904739527771e-03
1.722540819647203e-01 8.269932329748778e-03 1.970862341626186e-03
1.724008426789137e-01 7.419692803436484e-03 1.990338124274720e-03
1.725476031671185e-01 7.850524866693891e-03 1.954782240723745e-03
1.726943634291426e-01 5.982375109075083e-03 2.086259671972355e-03
1.728411234647944e-01 7.893534727557088e-03 2.093960896436685e-03
1.729878832738820e-01 9.324872660993916e-03 2.004140105930002e-03
1.731346428562135e-01 7.207652318446122e-03 2.133558947851194e-03
1.732814022115972e-01 7.580960897830681e-03 2.077968422741887e-03
1.734281613398412e-01 8.624402010090886e-03 2.195533176059070e-03
1.735749202407538e-01 9.749206573342441e-03 2.213073851638561e-03
1.737216789141430e-01 8.342921655493944e-03 2.228962464213654e-03
1.738684373598171e-01 9.021247919074079e-03 2.246079488763161e-03
1.740151955775843e-01 4.965581526159593e-03 2.165429234468630e-03
1.741619535672527e-01 6.840288984653498e-03 2.307372791735576e-03
1.743087113286306e-01 5.066430772242293e-03 2.347381560582852e-03
1.744554688615261e-01 9.141739361143009e-03 2.383026648874756e-03
1.746022261657475e-01 8.606197860388737e-03 2.447306298856262e-03
1.747489832411029e-01 7.904218473319529e-03 2.492730560173871e-03
1.748957400874005e-01 1.012122601405161e-02 2.514201077277967e-03
1.750424967044485e-01 8.273948766854992e-03 2.525953039158784e-03
1.751892530920552e-01 8.438857363419636e-03 2.726009435411647e-03
1.753360092500287e-01 6.952625935621415e-03 2.682857942679573e-03
1.754827651781772e-01 8.395718390999864e-03 2.648843713838379e-03
1.756295208763090e-01 1.037556540678292e-02 2.691371319919238e-03
1.757762763442323e-01 8.613580150488607e-03 2.791988877934789e-03
1.759230315817552e-01 5.465710777014932e-03 2.864163058025431e-03
1.760697865886859e-01 5.949687620059002e-03 2.995958111412983e-03
1.762165413648328e-01 1.286364997602587e-02 2.981745026276765e-03
1.763632959100039e-01 1.157314675432230e-02 3.169611433789455e-03
1.765100502240076e-01 8.841963623796984e-03 3.212328998277300e-03
1.766568043066521e-01 8.121116030247085e-03 3.359678627517757e-03
1.768035581577454e-01 6.068412683411006e-03 3.404152648196906e-03
1.769503117770959e-01 2.429955498312597e-04 3.429183343149851e-03
1.770970651645119e-01 6.707932290843638e-03 3.468177914862841e-03
1.772438183198014e-01 7.637579842252205e-03 3.552185273144586e-03
1.773905712427729e-01 3.849286179941267e-03 3.917347843612306e-03
1.775373239332344e-01 8.089680403427784e-03 3.814529622828966e-03
1.776840763909942e-01 5.997660823016704e-03 4.335390681583506e-03
1.778308286158606e-01 4.349345625445575e-03 4.500102291085090e-03
1.779775806076418e-01 4.525921350742636e-03 4.857901509508052e-03
1.781243323661459e-01 1.009431899552639e-02 5.237709182908486e-03
1.782710838911813e-01 3.643367338101154e-03 5.634335859627553e-03
1.784178351825563e-01 -1.750202751786500e-03 6.182466844862539e-03
1.785645862400790e-01 1.287120327906635e-02 8.199172887318166e-03
1.787113370635576e-01 8.371504392429181e-03 7.951209814986093e-03
1.788580876528005e-01 -6.473655537819764e-03 1.017328789345493e-02
1.790048380076158e-01 1.546247007465279e-03 1.147963436861099e-02
