<X> <Y> <dY>
8.813602216919226e-04 -2.431863881790812e+01 2.728092444794886e+00
1.028253589049351e-03 -3.927499160668244e+01 1.484634036147131e+00
1.175146955056984e-03 -1.710155686130440e+01 1.128473383458146e+00
1.322040319521992e-03 -1.137424201250750e+01 6.928324391751125e-01
1.468933682251548e-03 -5.810116141295479e+00 5.030258663222529e-01
1.615827043052824e-03 -2.442360839550902e+00 3.547264193743451e-01
1.762720401732992e-03 -1.029209558475106e+00 3.073658511431095e-01
1.909613758099223e-03 -1.276682735030309e+00 2.634868368555900e-01
2.056507111958691e-03 2.311872498852731e-01 2.222251828055884e-01
2.203400463118568e-03 7.737279861134627e-01 1.952939945572821e-01
2.350293811386024e-03 7.661595455533630e-01 1.639045124603591e-01
2.497187156568232e-03 1.101994425333027e+00 1.474451783542975e-01
2.644080498472365e-03 1.548013525678908e+00 1.289461780757526e-01
2.790973836905595e-03 1.478533467747033e+00 1.135663044041404e-01
2.937867171675094e-03 1.417831136360359e+00 1.049776730761730e-01
3.084760502588034e-03 1.378744542234744e+00 9.305907686546017e-02
3.231653829451588e-03 1.366814636732850e+00 8.516288644931025e-02
3.378547152072927e-03 1.180314131452756e+00 7.805181035586950e-02
3.525440470259224e-03 1.262581923757043e+00 7.046834933963232e-02
3.672333783817651e-03 1.189904943095176e+00 6.574192071175508e-02
3.819227092555382e-03 1.182868727456909e+00 5.926175177710532e-02
3.966120396279587e-03 1.113785060966152e+00 5.657423771476912e-02
4.113013694797441e-03 9.835681850304631e-01 5.114144554128730e-02
4.259906987916115e-03 1.026947166731414e+00 4.738189226768226e-02
4.406800275442781e-03 9.287823390652142e-01 4.480403015234379e-02
4.553693557184614e-03 8.990030179678123e-01 4.140968703367882e-02
4.700586832948783e-03 8.057947798659774e-01 3.875939283631430e-02
4.847480102542463e-03 8.887528551085412e-01 3.611998577443788e-02
4.994373365772829e-03 7.700059670716689e-01 3.415958373363581e-02
5.141266622447048e-03 7.851539368951721e-01 3.214893715487470e-02
5.288159872372297e-03 7.027575958047309e-01 2.976161971468240e-02
5.435053115355749e-03 6.633232168455878e-01 2.840077910487440e-02
5.581946351204576e-03 6.111520007193511e-01 2.676692802229932e-02
5.728839579725948e-03 6.001505285070697e-01 2.500302758001262e-02
5.875732800727044e-03 5.179420986394910e-01 2.385371151823155e-02
6.022626014015034e-03 4.621890853005019e-01 2.260689269508763e-02
6.169519219397089e-03 4.792515750220054e-01 2.145470591669349e-02
6.316412416680385e-03 4.128888863547299e-01 2.050790598546898e-02
6.463305605672094e-03 3.742747027365697e-01 1.921783193184266e-02
6.610198786179393e-03 3.802482438483741e-01 1.827270668100483e-02
6.757091958009447e-03 3.417275220391946e-01 1.734326327058557e-02
6.903985120969439e-03 3.160830649968168e-01 1.656354266487082e-02
7.050878274866538e-03 2.767780291372937e-01 1.591893068033928e-02
7.197771419507919e-03 2.824541894631807e-01 1.492655431082810e-02
7.344664554700750e-03 2.608738559273812e-01 1.436711607196737e-02
7.491557680252214e-03 2.057265935560547e-01 1.383798010217258e-02
7.638450795969478e-03 2.271548226373808e-01 1.312627287452449e-02
7.785343901659718e-03 1.904100921379084e-01 1.263179414651702e-02
7.932236997130110e-03 1.732948161583829e-01 1.197101871123447e-02
8.079130082187821e-03 1.852416279298277e-01 1.161718897922574e-02
8.226023156640037e-03 1.598550943155068e-01 1.114778262708720e-02
8.372916220293923e-03 1.415602030678900e-01 1.054247280174821e-02
8.519809272956652e-03 1.411103261568049e-01 1.021882420207572e-02
8.666702314435403e-03 1.075725572223861e-01 9.812699128805622e-03
8.813595344537354e-03 1.165171423714948e-01 9.483467476424996e-03
8.960488363069672e-03 9.577696432858733e-02 9.119782002976144e-03
9.107381369839535e-03 8.575502963889364e-02 8.650891656371265e-03
9.254274364654119e-03 6.584021126680768e-02 8.441725769619107e-03
9.401167347320593e-03 7.291359690739686e-02 8.089927973511640e-03
9.548060317646137e-03 7.605960884504115e-02 7.899434442617790e-03
9.694953275437929e-03 6.893199589153480e-02 7.609844714148881e-03
9.841846220503138e-03 5.520273118002445e-02 7.263726821208792e-03
9.988739152648940e-03 5.478871273367625e-02 7.118642185910432e-03
1.013563207168251e-02 4.566439644924269e-02 6.799517024999300e-03
1.028252497741103e-02 5.008353740018621e-02 6.551566048464208e-03
1.042941786964167e-02 3.813595730957486e-02 6.369207139588584e-03
1.057631074818160e-02 3.503113202734249e-02 6.179894425006779e-03
1.072320361283801e-02 3.233416138015608e-02 6.047571187179772e-03
1.087009646341806e-02 3.303767331548959e-02 5.721614309352789e-03
1.101698929972894e-02 2.486818321482690e-02 5.582365778492424e-03
1.116388212157781e-02 1.805210066614909e-02 5.444167950326520e-03
1.131077492877186e-02 2.012576324524454e-02 5.280292341624094e-03
1.145766772111827e-02 1.653383898816392e-02 5.150761137559619e-03
1.160456049842420e-02 1.574725149123163e-02 4.951620583692130e-03
1.175145326049683e-02 1.227366937544592e-02 4.821087853239743e-03
1.189834600714335e-02 1.560352441123942e-02 4.681637214553782e-03
1.204523873817092e-02 4.963728768565672e-03 4.556834244042653e-03
1.219213145338673e-02 7.615494694492446e-03 4.410163565287488e-03
1.233902415259795e-02 7.240442686793882e-03 4.313650154164341e-03
1.248591683561175e-02 4.145442529058090e-03 4.209325384944364e-03
1.263280950223533e-02 -1.868736427845068e-03 4.098059260216269e-03
1.277970215227585e-02 8.788270029693837e-03 3.923996993230110e-03
1.292659478554047e-02 6.462909934880696e-03 3.862551658014405e-03
1.307348740183641e-02 3.251341057190988e-03 3.780785345080687e-03
1.322038000097082e-02 1.264699996364262e-02 3.675112453765994e-03
1.336727258275089e-02 3.231121830142960e-03 3.571084886647162e-03
1.351416514698378e-02 2.608153370418255e-03 3.496603599151266e-03
1.366105769347668e-02 1.815069178838516e-03 3.404844598232319e-03
1.380795022203677e-02 -1.545479593592373e-03 3.335899086144912e-03
1.395484273247122e-02 1.131548221168900e-02 3.233475711610478e-03
1.410173522458722e-02 4.362241941037668e-03 3.167036317400040e-03
1.424862769819194e-02 1.695192062355553e-03 3.098449218357670e-03
1.439552015309257e-02 -3.777151593245461e-03 3.023611088620476e-03
1.454241258909627e-02 1.445789916103049e-03 2.965663355128383e-03
1.468930500601023e-02 4.148031493229500e-03 2.868598789259187e-03
1.483619740364163e-02 5.680206419139816e-03 2.810462995301567e-03
1.498308978179765e-02 2.907856082605253e-03 2.773365803677971e-03
1.512998214028546e-02 3.341219469351407e-03 2.693055793324552e-03
1.527687447891225e-02 7.770286952349462e-03 2.649967776906178e-03
1.542376679748520e-02 5.153398846182732e-03 2.596068081769740e-03
1.557065909581149e-02 6.103814229185334e-03 2.542709592859168e-03
1.571755137369829e-02 5.568442182857723e-03 2.486902843077583e-03
1.586444363095279e-02 4.799591952216761e-03 2.426839990784093e-03
1.601133586738216e-02 6.234043442640553e-03 2.398758155420947e-03
1.615822808279360e-02 4.701941198928188e-03 2.345701192700293e-03
1.630512027699426e-02 7.333021971358157e-03 2.299850175531272e-03
1.645201244979136e-02 7.504604195339061e-03 2.240571011514603e-03
1.659890460099205e-02 1.142203793429499e-02 2.200889954294911e-03
1.674579673040351e-02 7.003353340225548e-03 2.181341951631262e-03
1.689268883783294e-02 6.989294814981012e-03 2.130946291456898e-03
1.703958092308753e-02 1.007668122438193e-02 2.104791611782165e-03
1.718647298597442e-02 9.738919726606473e-03 2.028182470211325e-03
1.733336502630083e-02 6.963791807382203e-03 2.004329232287970e-03
1.748025704387393e-02 9.393415000295146e-03 1.992320679949378e-03
1.762714903850091e-02 9.403224694013067e-03 1.942466507834558e-03
1.777404100998893e-02 6.830896922381700e-03 1.918655617285028e-03
1.792093295814520e-02 9.187283371821099e-03 1.874564136867679e-03
1.806782488277687e-02 6.154314986139713e-03 1.856696090829175e-03
1.821471678369116e-02 9.275760178693117e-03 1.824972631012534e-03
1.836160866069522e-02 2.733183015277205e-03 1.766629459926259e-03
1.850850051359626e-02 5.094896445797260e-03 1.799429781545673e-03
1.865539234220144e-02 7.055441646715403e-03 1.779494243465612e-03
1.880228414631796e-02 9.902354406313960e-03 1.751956643172390e-03
1.894917592575301e-02 7.550337401330339e-03 1.752262751536632e-03
1.909606768031375e-02 6.518877099198578e-03 1.724100348009588e-03
1.924295940980738e-02 5.810704418091893e-03 1.742974441492960e-03
1.938985111404109e-02 7.097021415722837e-03 1.732606874543405e-03
1.953674279282204e-02 2.080257638317295e-03 1.734991152692383e-03
1.968363444595744e-02 3.315200218405220e-03 1.718804526143645e-03
1.983052607325447e-02 7.091151088567363e-03 1.709852345810250e-03
1.997741767452030e-02 6.689016187109188e-03 1.719218957853734e-03
2.012430924956213e-02 2.461545085256154e-03 1.701774781504999e-03
2.027120079818715e-02 5.321872363178493e-03 1.672417768608371e-03
2.041809232020253e-02 4.335376234926342e-03 1.679777057760406e-03
2.056498381541546e-02 2.644145094843347e-03 1.665910352568500e-03
2.071187528363314e-02 7.761047610388768e-03 1.647808654152741e-03
2.085876672466273e-02 4.172804462481240e-03 1.635259855400294e-03
2.100565813831145e-02 2.274899342438001e-03 1.627324293005507e-03
2.115254952438645e-02 6.923658149800660e-03 1.615888413134077e-03
2.129944088269494e-02 5.570303842928900e-04 1.603312227897343e-03
2.144633221304411e-02 2.351635222440625e-03 1.592256899543646e-03
2.159322351524114e-02 5.305663868698182e-03 1.596343397226096e-03
2.174011478909322e-02 3.121007771191035e-03 1.569826105887271e-03
2.188700603440753e-02 5.895253323883917e-03 1.559333012925373e-03
2.203389725099126e-02 7.760178768481816e-03 1.538893297730754e-03
2.218078843865161e-02 3.187393607773107e-03 1.490693373310444e-03
2.232767959719575e-02 6.187042712595434e-03 1.487132165977293e-03
2.247457072643089e-02 6.176414039865040e-03 1.451269250555707e-03
2.262146182616420e-02 4.975059535217769e-03 1.420657599793076e-03
2.276835289620287e-02 7.348086924414694e-03 1.404707375438387e-03
2.291524393635411e-02 4.864942954138048e-03 1.382260232617000e-03
2.306213494642509e-02 2.178494345169755e-03 1.377701846843518e-03
2.320902592622301e-02 5.218439114925671e-03 1.347447259758927e-03
2.335591687555505e-02 3.360704144208950e-03 1.345446579961136e-03
2.350280779422841e-02 5.408798459247395e-03 1.329102878344475e-03
2.364969868205026e-02 4.697564967473464e-03 1.301328912130608e-03
2.379658953882782e-02 5.103533108724178e-03 1.308712140505216e-03
2.394348036436827e-02 5.776131944004339e-03 1.288709527286212e-03
2.409037115847880e-02 5.026242734484291e-03 1.274490472387032e-03
2.423726192096658e-02 2.667307011066954e-03 1.254813724965841e-03
2.438415265163884e-02 3.809043386530609e-03 1.229851860721455e-03
2.453104335030275e-02 2.779476597132970e-03 1.236256429077398e-03
2.467793401676551e-02 3.315471853698725e-03 1.214360752522164e-03
2.482482465083430e-02 2.365288696596971e-03 1.206590311863522e-03
2.497171525231632e-02 4.266632282978794e-03 1.201923295242288e-03
2.511860582101877e-02 5.277167115089136e-03 1.190405736514270e-03
2.526549635674884e-02 6.634375815256122e-03 1.174145336764793e-03
2.541238685931370e-02 5.583636234391792e-03 1.162494151630095e-03
2.555927732852058e-02 5.793156596962313e-03 1.154561976540119e-03
2.570616776417666e-02 3.460626973747745e-03 1.143073323976361e-03
2.585305816608912e-02 3.852764787836460e-03 1.132137316090735e-03
2.599994853406517e-02 6.072598805969572e-03 1.130491608212511e-03
2.614683886791200e-02 4.994591840005254e-03 1.116745224430688e-03
2.629372916743681e-02 4.188190743800673e-03 1.106222962776218e-03
2.644061943244679e-02 5.502923686114963e-03 1.098711601598227e-03
2.658750966274912e-02 6.484826515234339e-03 1.088416821926297e-03
2.673439985815102e-02 1.948025918367853e-03 1.090080947787526e-03
2.688129001845969e-02 5.586316256928331e-03 1.067693751840124e-03
2.702818014348229e-02 4.909499774596981e-03 1.064272808385828e-03
2.717507023302605e-02 4.407261273740525e-03 1.051832458628988e-03
2.732196028689816e-02 4.452906641605982e-03 1.050999162949363e-03
2.746885030490582e-02 3.540382973153163e-03 1.038686852454947e-03
2.761574028685621e-02 4.583009347896997e-03 1.038065338492035e-03
2.776263023255653e-02 4.497730130024821e-03 1.020286911831645e-03
2.790952014181400e-02 5.471127037584906e-03 1.014634006340847e-03
2.805641001443581e-02 3.641891813768422e-03 1.005450925352723e-03
2.820329985022913e-02 3.368322530192408e-03 1.010665462839357e-03
2.835018964900120e-02 4.911407508158144e-03 9.927787117325955e-04
2.849707941055920e-02 5.224672079303814e-03 9.866066657606587e-04
2.864396913471031e-02 4.122428431930036e-03 9.911151371204364e-04
2.879085882126178e-02 5.467545573371396e-03 9.737453737174987e-04
2.893774847002075e-02 5.658158083971124e-03 9.661820901949055e-04
2.908463808079444e-02 5.628464782599087e-03 9.647233358852232e-04
2.923152765339008e-02 5.256530305663146e-03 9.577252180042919e-04
2.937841718761485e-02 7.070975450976213e-03 9.506559705254219e-04
2.952530668327594e-02 4.860696617556309e-03 9.518239453726980e-04
2.967219614018056e-02 4.220362009365757e-03 9.416184389831623e-04
2.981908555813591e-02 6.362010339555676e-03 9.444397780910208e-04
2.996597493694921e-02 4.711745746789096e-03 9.275708349010304e-04
3.011286427642763e-02 5.807694186325358e-03 9.176308804110663e-04
3.025975357637840e-02 5.732098606977418e-03 9.100846920784395e-04
3.040664283660871e-02 5.324680721841571e-03 9.119886936267426e-04
3.055353205692574e-02 5.062049840545088e-03 9.100217381817402e-04
3.070042123713675e-02 5.051933148475561e-03 9.005285522196599e-04
3.084731037704891e-02 5.451053621382708e-03 8.939223929033254e-04
3.099419947646940e-02 4.383720850726074e-03 8.889143809712710e-04
3.114108853520547e-02 5.532900849099879e-03 8.882399333521070e-04
3.128797755306430e-02 6.330238337672254e-03 8.825567367010062e-04
3.143486652985308e-02 6.356676638783817e-03 8.631165057850755e-04
3.158175546537905e-02 3.649066622297641e-03 8.692633314403219e-04
3.172864435944940e-02 4.286046764870939e-03 8.723553771529263e-04
3.187553321187133e-02 5.053707015682747e-03 8.536562964952543e-04
3.202242202245206e-02 5.356363802469178e-03 8.521395675276868e-04
3.216931079099877e-02 5.131067994769172e-03 8.496844294740968e-04
3.231619951731869e-02 4.546435315318714e-03 8.499276620530505e-04
3.246308820121902e-02 5.446074005564287e-03 8.455413704682080e-04
3.260997684250697e-02 5.757592205606179e-03 8.325025913311247e-04
3.275686544098974e-02 4.378637146085428e-03 8.322915608086374e-04
3.290375399647455e-02 5.811707263980571e-03 8.239001940017036e-04
3.305064250876859e-02 4.161337524739905e-03 8.297742631995250e-04
3.319753097767910e-02 4.968672014092512e-03 8.192896532286009e-04
3.334441940301325e-02 2.907436935997095e-03 8.125070544184069e-04
3.349130778457828e-02 4.057351867992667e-03 8.144120734557526e-04
3.363819612218139e-02 3.763445520226319e-03 8.095212004542202e-04
3.378508441562977e-02 3.833251546694227e-03 7.990390326451486e-04
3.393197266473066e-02 3.939743988604005e-03 7.946462262268367e-04
3.407886086929125e-02 5.577422079777216e-03 7.989049096862070e-04
3.422574902911878e-02 3.394407052929131e-03 7.914799759605518e-04
3.437263714402042e-02 4.633158455230925e-03 7.895831627309679e-04
3.451952521380341e-02 3.845350601240419e-03 7.819448760284340e-04
3.466641323827495e-02 4.213971497322947e-03 7.884738160864571e-04
3.481330121724226e-02 4.849192326549351e-03 8.011140350315907e-04
3.496018915051253e-02 4.415238461920295e-03 8.148429381849398e-04
3.510707703789302e-02 3.445561672132163e-03 8.079125307081037e-04
3.525396487919091e-02 4.222329338934408e-03 8.046775740779831e-04
3.540085267421340e-02 5.238004270170471e-03 7.979883269551166e-04
3.554774042276775e-02 4.814726382391750e-03 7.967929816226364e-04
3.569462812466112e-02 5.232372674039631e-03 7.817943052455834e-04
3.584151577970077e-02 5.177182443930143e-03 7.788519158353667e-04
3.598840338769389e-02 4.538164273939249e-03 7.765131618951001e-04
3.613529094844770e-02 4.777080043555296e-03 7.637706836660769e-04
3.628217846176941e-02 3.791744042800013e-03 7.657827795510558e-04
3.642906592746626e-02 4.309932524490325e-03 7.625413305460142e-04
3.657595334534545e-02 4.511830723981348e-03 7.616212371839924e-04
3.672284071521419e-02 4.740106642683464e-03 7.593462182329316e-04
3.686972803687972e-02 3.607463889173286e-03 7.528043951881733e-04
3.701661531014922e-02 4.796614683839916e-03 7.451786940004997e-04
3.716350253482994e-02 5.929201851622596e-03 7.511381502909048e-04
3.731038971072909e-02 4.269691703371668e-03 7.437264632873846e-04
3.745727683765387e-02 3.299597932920023e-03 7.710855514279306e-04
3.760416391541153e-02 3.508679138142999e-03 7.639167623239111e-04
3.775105094380928e-02 4.782134015026329e-03 7.288583736711463e-04
3.789793792265433e-02 3.845264313104477e-03 7.293101431351679e-04
3.804482485175390e-02 4.814454611660884e-03 7.241106507937396e-04
3.819171173091522e-02 4.509694860408821e-03 7.160515742377036e-04
3.833859855994550e-02 4.678946011589104e-03 7.225166725855881e-04
3.848548533865198e-02 4.419818299646223e-03 7.124178610190197e-04
3.863237206684186e-02 4.435845336394576e-03 7.090770160964999e-04
3.877925874432238e-02 3.933493737223286e-03 7.162824056126879e-04
3.892614537090076e-02 4.945730414749314e-03 7.058693561098431e-04
3.907303194638420e-02 3.416343921409674e-03 7.141192962119442e-04
3.921991847057994e-02 5.457016596285942e-03 7.026745210828417e-04
3.936680494329520e-02 5.547724956485528e-03 7.093295254991041e-04
3.951369136433722e-02 3.444915180052723e-03 6.951157006284183e-04
3.966057773351322e-02 4.837704110211489e-03 6.921159702138984e-04
3.980746405063040e-02 4.130125216284270e-03 6.936165478852652e-04
3.995435031549600e-02 4.271230987044276e-03 6.832592011952355e-04
4.010123652791726e-02 3.666122575714467e-03 6.804719189723427e-04
4.024812268770137e-02 2.962648150193012e-03 6.782436454861313e-04
4.039500879465560e-02 2.999050003697857e-03 6.748707406246525e-04
4.054189484858715e-02 3.952061717203148e-03 6.744477627330340e-04
4.068878084930326e-02 4.695235261099657e-03 6.728888740251343e-04
4.083566679661114e-02 4.685768739754730e-03 6.766893665863663e-04
4.098255269031803e-02 2.670286184733506e-03 6.715532953242873e-04
4.112943853023117e-02 4.187171975906967e-03 6.788018214022930e-04
4.127632431615776e-02 4.439557454335564e-03 6.905421640351633e-04
4.142321004790505e-02 4.167714998284115e-03 6.897021540655328e-04
4.157009572528026e-02 4.235646677907001e-03 6.963602145923688e-04
4.171698134809063e-02 3.544213913954981e-03 7.042788191192339e-04
4.186386691614337e-02 3.240623694960745e-03 6.987050353182664e-04
4.201075242924574e-02 4.527057409822304e-03 7.090004201079003e-04
4.215763788720495e-02 4.668014108043086e-03 7.002884239120685e-04
4.230452328982824e-02 3.233399832233839e-03 7.032894011926651e-04
4.245140863692285e-02 3.266954302481236e-03 7.001474392948839e-04
4.259829392829599e-02 3.972125898649963e-03 7.030424930342645e-04
4.274517916375490e-02 3.848179932160059e-03 7.015869145730160e-04
4.289206434310684e-02 3.249363861889055e-03 6.995998367844843e-04
4.303894946615900e-02 2.889425968119893e-03 7.032839700133673e-04
4.318583453271865e-02 4.796140768455502e-03 7.023875729997419e-04
4.333271954259301e-02 3.729124791669034e-03 7.061499973865614e-04
4.347960449558931e-02 5.104069891462683e-03 6.996382016862866e-04
4.362648939151479e-02 3.256148953032112e-03 6.968621818514689e-04
4.377337423017669e-02 3.588503494404308e-03 7.022999847483094e-04
4.392025901138226e-02 4.198812180435936e-03 7.047951771935830e-04
4.406714373493869e-02 4.891414456247485e-03 7.062834858908179e-04
4.421402840065326e-02 4.325058809358121e-03 6.986418926635550e-04
4.436091300833320e-02 4.847782888380598e-03 7.039449400077360e-04
4.450779755778574e-02 5.180285865924872e-03 7.003881666035016e-04
4.465468204881811e-02 4.132790759020366e-03 6.981907491988568e-04
4.480156648123757e-02 4.951499729002800e-03 7.080534551296112e-04
4.494845085485134e-02 4.146131335995992e-03 7.011565798633718e-04
4.509533516946668e-02 4.635985809634951e-03 7.075709920590987e-04
4.524221942489082e-02 3.280704167484131e-03 7.002582754498889e-04
4.538910362093100e-02 4.439403917079863e-03 7.020805007027433e-04
4.553598775739446e-02 4.320182478572574e-03 7.029259841309021e-04
4.568287183408844e-02 3.742213339432996e-03 6.971627678812148e-04
4.582975585082019e-02 5.484023398022309e-03 6.989678102869727e-04
4.597663980739693e-02 3.786000492491154e-03 6.972376074689438e-04
4.612352370362593e-02 4.524565111563956e-03 6.856346206336174e-04
4.627040753931443e-02 4.300129822713478e-03 6.883303840615764e-04
4.641729131426967e-02 5.227086471634209e-03 6.838988824555845e-04
4.656417502829888e-02 4.841593053459973e-03 6.912964415865356e-04
4.671105868120932e-02 2.971167071081020e-03 6.821252185786045e-04
4.685794227280822e-02 3.555863944983109e-03 6.839360223130143e-04
4.700482580290285e-02 4.802205408520097e-03 6.791418352474977e-04
4.715170927130044e-02 4.620088708851185e-03 6.777707940435846e-04
4.729859267780824e-02 4.335789676943575e-03 6.766296175382112e-04
4.744547602223349e-02 4.032638189245145e-03 6.825994096643891e-04
4.759235930438345e-02 3.864841043287694e-03 6.800997841029460e-04
4.773924252406536e-02 4.123226826285251e-03 6.737102247753203e-04
4.788612568108647e-02 3.764478446939767e-03 6.750846128595842e-04
4.803300877525407e-02 4.041468010509110e-03 6.760983350818895e-04
4.817989180637530e-02 3.618377321656750e-03 6.766561002661782e-04
4.832677477425752e-02 4.102971568925495e-03 6.753856518639923e-04
4.847365767870793e-02 2.949600461215267e-03 6.658092183606041e-04
4.862054051953379e-02 3.846015453486123e-03 6.702627272662745e-04
4.876742329654236e-02 4.577635773677642e-03 6.755145745508495e-04
4.891430600954088e-02 4.301578681121885e-03 6.669397615540977e-04
4.906118865833660e-02 3.707129045375135e-03 6.687046614190895e-04
4.920807124273676e-02 4.654601156815686e-03 6.676611127976199e-04
4.935495376254866e-02 4.583876915551917e-03 6.670709309231190e-04
4.950183621757952e-02 4.059479973426856e-03 6.630986435105511e-04
4.964871860763660e-02 3.042446903384865e-03 6.660041707107911e-04
4.979560093252714e-02 4.925267165167315e-03 6.652369252754787e-04
4.994248319205841e-02 4.381148626314011e-03 6.648392067086235e-04
5.008936538603768e-02 3.708791986069901e-03 6.652415795473999e-04
5.023624751427219e-02 3.943144769869907e-03 6.610352931784679e-04
5.038312957656918e-02 3.615823656480678e-03 6.661252586075649e-04
5.053001157273595e-02 3.719119169320821e-03 6.594951790876653e-04
5.067689350257971e-02 3.466009376846088e-03 6.603942225405626e-04
5.082377536590776e-02 4.214105159560839e-03 6.564840102313505e-04
5.097065716252732e-02 3.819723395488708e-03 6.535801397384493e-04
5.111753889224568e-02 4.058041713833629e-03 6.570985529100690e-04
5.126442055487009e-02 3.264896306214276e-03 6.567610924074171e-04
5.141130215020779e-02 4.373039645928983e-03 6.533544624426252e-04
5.155818367806608e-02 3.692380009545393e-03 6.571252989528184e-04
5.170506513825220e-02 5.347631203581272e-03 6.573859008304369e-04
5.185194653057341e-02 4.533517232800669e-03 6.550467742766355e-04
5.199882785483697e-02 4.252719742630628e-03 6.513348569117402e-04
5.214570911085015e-02 3.260046536399489e-03 6.493124308732898e-04
5.229259029842022e-02 4.457810568665783e-03 6.564282315628739e-04
5.243947141735442e-02 3.836168204998086e-03 6.496726995166590e-04
5.258635246746002e-02 3.869711966436937e-03 6.525971654872130e-04
5.273323344854430e-02 3.949258866817266e-03 6.495816350314332e-04
5.288011436041453e-02 3.079571390166720e-03 6.509575442278404e-04
5.302699520287798e-02 4.415101441578710e-03 6.456554005935187e-04
5.317387597574186e-02 3.999783025380799e-03 6.476098324673891e-04
5.332075667881350e-02 4.135021430415107e-03 6.462577009575485e-04
5.346763731190016e-02 4.504983811217981e-03 6.402973540605900e-04
5.361451787480907e-02 3.611001687471990e-03 6.476939086615906e-04
5.376139836734754e-02 5.257741789328545e-03 6.408487002755581e-04
5.390827878932278e-02 4.293008539155140e-03 6.376119318543074e-04
5.405515914054214e-02 4.220700752081635e-03 6.385859321142100e-04
5.420203942081284e-02 4.304550273000380e-03 6.364541823192110e-04
5.434891962994216e-02 3.891212228635534e-03 6.482462334819159e-04
5.449579976773735e-02 5.402324830357776e-03 6.290139529367433e-04
5.464267983400574e-02 2.943729772631939e-03 6.362270268233764e-04
5.478955982855453e-02 4.368503660017731e-03 6.379165216243479e-04
5.493643975119106e-02 3.433525652587058e-03 6.345915059708403e-04
5.508331960172257e-02 4.250809034683713e-03 6.319585048441317e-04
5.523019937995633e-02 4.535179613287560e-03 6.319307733527983e-04
5.537707908569962e-02 4.068750319321874e-03 6.423626734662806e-04
5.552395871875969e-02 3.381399121363750e-03 6.366234324238876e-04
5.567083827894388e-02 3.395951679639840e-03 6.314260759725537e-04
5.581771776605941e-02 3.496296625612277e-03 6.312622242973707e-04
5.596459717991355e-02 3.263717002916010e-03 6.319314822066680e-04
5.611147652031365e-02 4.192727361868807e-03 6.359124225029766e-04
5.625835578706691e-02 4.111334508554863e-03 6.399027650866084e-04
5.640523497998061e-02 3.704335837887383e-03 6.229635708885777e-04
5.655211409886209e-02 3.305792889270551e-03 6.320292125180947e-04
5.669899314351858e-02 4.261511259602962e-03 6.333577442504411e-04
5.684587211375740e-02 3.937607948125871e-03 6.246998282926030e-04
5.699275100938578e-02 3.488439962741804e-03 6.286881199216549e-04
5.713962983021098e-02 4.132722223984035e-03 6.234416412070241e-04
5.728650857604041e-02 4.026986794694213e-03 6.225907514861776e-04
5.743338724668124e-02 4.320974124128657e-03 6.240068617326127e-04
5.758026584194079e-02 4.083108329485792e-03 6.236257938993904e-04
5.772714436162631e-02 2.276800214717998e-03 6.288913612148789e-04
5.787402280554513e-02 3.746713989854876e-03 6.240607460696148e-04
5.802090117350451e-02 3.618729591912879e-03 6.281177273614290e-04
5.816777946531173e-02 3.708091992312013e-03 6.238031679982114e-04
5.831465768077408e-02 4.148586703293311e-03 6.204251474045016e-04
5.846153581969887e-02 3.558438710936940e-03 6.257189139081264e-04
5.860841388189336e-02 4.138556084685666e-03 6.227611457228794e-04
5.875529186716485e-02 2.374335091829421e-03 6.244307709385856e-04
5.890216977532061e-02 3.541759010528809e-03 6.180032472900401e-04
5.904904760616795e-02 3.232349153961567e-03 6.225745258691227e-04
5.919592535951414e-02 4.892156826704160e-03 6.193985192029301e-04
5.934280303516650e-02 2.443304523957112e-03 6.177674795335760e-04
5.948968063293228e-02 4.064186150776593e-03 6.137738402073108e-04
5.963655815261879e-02 3.717422954365242e-03 6.303960011540871e-04
5.978343559403334e-02 3.763080591804035e-03 6.358485228052119e-04
5.993031295698319e-02 3.161480923485661e-03 6.352839402118813e-04
6.007719024127564e-02 3.894264839369708e-03 6.460164060155026e-04
6.022406744671802e-02 3.551798286704730e-03 6.467026199043378e-04
6.037094457311754e-02 4.449194104061155e-03 6.562842336107817e-04
6.051782162028158e-02 4.142764581845965e-03 6.544410996751325e-04
6.066469858801743e-02 4.296114177048829e-03 6.556224876479359e-04
6.081157547613233e-02 2.566044759754193e-03 6.658653203363411e-04
6.095845228443361e-02 3.088710414338591e-03 6.646096902819055e-04
6.110532901272856e-02 4.133046003879102e-03 6.747964905540323e-04
6.125220566082447e-02 3.773265494271868e-03 6.722485158658486e-04
6.139908222852867e-02 3.806340826074096e-03 6.740077971270264e-04
6.154595871564840e-02 3.075132533763049e-03 6.847693539783752e-04
6.169283512199103e-02 3.744448875025345e-03 6.787027518835568e-04
6.183971144736379e-02 4.561770357312661e-03 6.841325748733821e-04
6.198658769157404e-02 3.482985735674744e-03 6.791576341414371e-04
6.213346385442904e-02 3.121096560590763e-03 6.929050131121721e-04
6.228033993573612e-02 3.886755195252706e-03 6.916136330811858e-04
6.242721593530259e-02 4.086237813017186e-03 6.917629456421072e-04
6.257409185293569e-02 3.423918891137551e-03 6.809477533710655e-04
6.272096768844279e-02 2.579368640110669e-03 6.698909357885069e-04
6.286784344163118e-02 5.269868983347426e-03 6.606686973535426e-04
6.301471911230812e-02 3.392797071034968e-03 6.595848176156221e-04
6.316159470028096e-02 3.671883603600151e-03 6.445605927466657e-04
6.330847020535701e-02 3.889294783015202e-03 6.558707340976530e-04
6.345534562734356e-02 3.660488768277578e-03 6.539827348474115e-04
6.360222096604792e-02 4.465848887933434e-03 6.509754631871128e-04
6.374909622127738e-02 3.617817411224677e-03 6.414256131909767e-04
6.389597139283930e-02 2.933503875203339e-03 6.414685137413911e-04
6.404284648054094e-02 3.653951121302610e-03 6.456970431729653e-04
6.418972148418961e-02 3.652711924632259e-03 6.337742292330868e-04
6.433659640359266e-02 2.079228122987357e-03 6.373125701478262e-04
6.448347123855734e-02 3.669274201550921e-03 6.259099816726295e-04
6.463034598889104e-02 3.577280955055865e-03 6.361125282984748e-04
6.477722065440102e-02 3.790072336889560e-03 6.342529655364675e-04
6.492409523489458e-02 3.993478060474370e-03 6.296752277474549e-04
6.507096973017908e-02 3.573928601391806e-03 6.294783322137935e-04
6.521784414006179e-02 3.169406357084650e-03 6.299447909187369e-04
6.536471846435006e-02 3.544020778104262e-03 6.241318549008620e-04
6.551159270285120e-02 4.444348590824178e-03 6.252816740389365e-04
6.565846685537249e-02 4.656030305898931e-03 6.245797547136538e-04
6.580534092172129e-02 3.919420720062289e-03 6.254236524858008e-04
6.595221490170489e-02 4.157779006415618e-03 6.218520908376162e-04
6.609908879513064e-02 3.933353006113339e-03 6.202612239700759e-04
6.624596260180583e-02 4.409241871612074e-03 6.180069767324430e-04
6.639283632153778e-02 4.876478608142173e-03 6.206173631328225e-04
6.653970995413383e-02 3.264735216203982e-03 6.292162476548781e-04
6.668658349940126e-02 4.414932855369127e-03 6.129211708994230e-04
6.683345695714746e-02 4.563480899058996e-03 6.198692866444279e-04
6.698033032717969e-02 3.689023515812192e-03 6.151997832625204e-04
6.712720360930530e-02 3.295071258826647e-03 6.161359123165737e-04
6.727407680333160e-02 3.898778394304897e-03 6.129082593935134e-04
6.742094990906593e-02 3.513646790783868e-03 6.106677961251478e-04
6.756782292631559e-02 3.646882545303314e-03 6.122227212990248e-04
6.771469585488793e-02 3.595652533276199e-03 6.084208243810761e-04
6.786156869459029e-02 3.373264294883067e-03 6.121299366055843e-04
6.800844144522995e-02 2.858281767046334e-03 6.089917874940712e-04
6.815531410661428e-02 3.474790885329417e-03 6.089583156877771e-04
6.830218667855054e-02 2.194658150768366e-03 6.088944175300698e-04
6.844905916084618e-02 3.280594430715248e-03 6.109631044962018e-04
6.859593155330840e-02 3.463244950131548e-03 6.085574707369513e-04
6.874280385574461e-02 3.665988066146682e-03 6.020356096399856e-04
6.888967606796213e-02 4.169003083791225e-03 6.103113906017953e-04
6.903654818976826e-02 4.473737265472432e-03 6.010306574215101e-04
6.918342022097036e-02 4.391729681408981e-03 5.973562715522315e-04
6.933029216137575e-02 2.501137271763056e-03 6.038992441283540e-04
6.947716401079176e-02 3.709652131822969e-03 5.984396665354142e-04
6.962403576902575e-02 3.225862366600459e-03 6.052359972724741e-04
6.977090743588503e-02 2.631226629235518e-03 5.980693721454876e-04
6.991777901117695e-02 3.535144668094438e-03 5.942449270288993e-04
7.006465049470884e-02 3.023997941082771e-03 5.979389492968139e-04
7.021152188628801e-02 2.024301712316563e-03 5.978823790365695e-04
7.035839318572186e-02 3.679862266185093e-03 6.019535051957634e-04
7.050526439281767e-02 4.322913627360432e-03 5.925948332307161e-04
7.065213550738278e-02 4.419507714396329e-03 5.947704500623708e-04
7.079900652922456e-02 3.018642178268927e-03 5.971352673839403e-04
7.094587745815036e-02 4.479883419320837e-03 5.922260050951664e-04
7.109274829396750e-02 4.838619641785777e-03 5.961802624277741e-04
7.123961903648333e-02 3.272886837202608e-03 5.852534563719167e-04
7.138648968550515e-02 3.349519283316902e-03 5.929147586257150e-04
7.153336024084035e-02 3.630631002933117e-03 5.975158809302520e-04
7.168023070229627e-02 3.185691238896647e-03 5.789305094590952e-04
7.182710106968025e-02 3.662878794488729e-03 5.902049580704085e-04
7.197397134279965e-02 4.184564780527122e-03 5.833489595789571e-04
7.212084152146177e-02 4.484019819146800e-03 5.889858334643202e-04
7.226771160547400e-02 3.883662883188066e-03 5.897629320758403e-04
7.241458159464363e-02 4.104296315156909e-03 5.831942933249292e-04
7.256145148877813e-02 3.118356020688298e-03 5.850667688601096e-04
7.270832128768472e-02 2.383617081141685e-03 5.816707109269731e-04
7.285519099117078e-02 3.473485998884162e-03 5.841428745311682e-04
7.300206059904372e-02 4.084977079749012e-03 5.852446884292079e-04
7.314893011111082e-02 4.087452434474846e-03 5.822051077390447e-04
7.329579952717949e-02 4.338812084735160e-03 5.872201567323241e-04
7.344266884705702e-02 3.150431560806081e-03 5.807832165719238e-04
7.358953807055085e-02 2.955145612067205e-03 5.821261090584667e-04
7.373640719746824e-02 3.297588728673682e-03 5.734496527139024e-04
7.388327622761658e-02 3.572193760888529e-03 5.784623820439008e-04
7.403014516080324e-02 2.999073950586741e-03 5.759983987048839e-04
7.417701399683559e-02 1.686377310965858e-03 5.759309542693932e-04
7.432388273552094e-02 2.550966408952853e-03 5.736574653490897e-04
7.447075137666670e-02 3.712930791211055e-03 5.700531534338779e-04
7.461761992008017e-02 2.325601935801198e-03 5.708287492711164e-04
7.476448836556873e-02 3.246138687637496e-03 5.643670387589161e-04
7.491135671293978e-02 3.494066176095261e-03 5.714264390439537e-04
7.505822496200062e-02 4.300732099886369e-03 5.677693744939806e-04
7.520509311255867e-02 4.135716988309749e-03 5.697856027169979e-04
7.535196116442125e-02 2.542048197355627e-03 5.713303189976002e-04
7.549882911739574e-02 3.040184560272429e-03 5.671112095280764e-04
7.564569697128951e-02 2.858896224409691e-03 5.704818026524825e-04
7.579256472590988e-02 4.000461583761104e-03 5.676561434110819e-04
7.593943238106428e-02 3.312848011512557e-03 5.643599541589154e-04
7.608629993656001e-02 4.533023479912741e-03 5.692399369081968e-04
7.623316739220451e-02 4.309362110889178e-03 5.614313821177827e-04
7.638003474780510e-02 4.153457918776663e-03 5.627227909108589e-04
7.652690200316913e-02 2.966587444304108e-03 5.715600602670211e-04
7.667376915810399e-02 3.083905582386791e-03 5.668572829697631e-04
7.682063621241707e-02 3.050632935922613e-03 5.666424068515720e-04
7.696750316591573e-02 3.292609564958308e-03 5.635524812218111e-04
7.711437001840733e-02 3.338487503428627e-03 5.688694540435925e-04
7.726123676969926e-02 3.194674989667221e-03 5.611587293326703e-04
7.740810341959885e-02 3.792319961581331e-03 5.635414734634794e-04
7.755496996791353e-02 2.852395096832208e-03 5.612541908080325e-04
7.770183641445062e-02 2.761490999807705e-03 5.627146243588195e-04
7.784870275901755e-02 3.200319600951032e-03 5.631597010748280e-04
7.799556900142161e-02 2.676231544040880e-03 5.552021092415077e-04
7.814243514147029e-02 2.455149576824254e-03 5.614387165744045e-04
7.828930117897089e-02 3.316001514067614e-03 5.576784806276788e-04
7.843616711373082e-02 2.635367390306226e-03 5.604466332902488e-04
7.858303294555745e-02 3.459343910207039e-03 5.581007081733913e-04
7.872989867425814e-02 3.801203619834105e-03 5.523655058241536e-04
7.887676429964030e-02 4.791993487168886e-03 5.565960689406890e-04
7.902362982151130e-02 3.456111215966246e-03 5.575758397901176e-04
7.917049523967849e-02 3.199597817436800e-03 5.590782700007286e-04
7.931736055394929e-02 4.110278918811125e-03 5.545621591173161e-04
7.946422576413109e-02 3.096898581428960e-03 5.543147208298235e-04
7.961109087003126e-02 2.173106907668192e-03 5.598122731956575e-04
7.975795587145719e-02 3.749129232951950e-03 5.541009478881461e-04
7.990482076821626e-02 2.151035792301164e-03 5.537461318547801e-04
8.005168556011584e-02 2.874984901801884e-03 5.507054144862220e-04
8.019855024696333e-02 3.722347553975141e-03 5.580756333477773e-04
8.034541482856614e-02 3.092718483853936e-03 5.548723955819428e-04
8.049227930473164e-02 1.868578982031755e-03 5.551930516145545e-04
8.063914367526719e-02 3.193631854579639e-03 5.512604483241282e-04
8.078600793998023e-02 3.285245277523069e-03 5.505369231144423e-04
8.093287209867814e-02 3.551142062615006e-03 5.531702688201283e-04
8.107973615116830e-02 3.273776321747269e-03 5.500840209042338e-04
8.122660009725811e-02 4.494709517762284e-03 5.454396250165203e-04
8.137346393675496e-02 3.402774962069257e-03 5.502238411588975e-04
8.152032766946624e-02 3.198589766276331e-03 5.467448466936562e-04
8.166719129519935e-02 3.166924762826666e-03 5.472172022214483e-04
8.181405481376169e-02 3.682846769147409e-03 5.474492845625544e-04
8.196091822496063e-02 3.185711648000795e-03 5.469004820511803e-04
8.210778152860361e-02 2.678067403696258e-03 5.513894601316467e-04
8.225464472449802e-02 2.871409335895365e-03 5.453014902248969e-04
8.240150781245126e-02 3.349995808458967e-03 5.487344305791210e-04
8.254837079227068e-02 3.103806704855161e-03 5.409585412796618e-04
8.269523366376372e-02 2.754186551145036e-03 5.490559437358869e-04
8.284209642673782e-02 2.931702128695009e-03 5.483725900339183e-04
8.298895908100032e-02 2.416387298181406e-03 5.479023255046157e-04
8.313582162635863e-02 3.295060779428833e-03 5.446295621332216e-04
8.328268406262020e-02 3.272730078813409e-03 5.382671518051698e-04
8.342954638959241e-02 3.239297647486543e-03 5.459669636104915e-04
8.357640860708263e-02 2.711121117997530e-03 5.446689621954012e-04
8.372327071489834e-02 3.384477931798106e-03 5.386653078692461e-04
8.387013271284686e-02 3.673475745864976e-03 5.462920324050898e-04
8.401699460073567e-02 4.570521127707606e-03 5.368415396797887e-04
8.416385637837218e-02 3.866488230989230e-03 5.411053002461505e-04
8.431071804556375e-02 2.299650483962774e-03 5.395818650615466e-04
8.445757960211780e-02 2.871349777124979e-03 5.408363501860497e-04
8.460444104784176e-02 2.910706079376935e-03 5.439319253414918e-04
8.475130238254304e-02 3.288704700000735e-03 5.379638683714245e-04
8.489816360602907e-02 2.222619385371950e-03 5.470890607813604e-04
8.504502471810724e-02 3.310466057352500e-03 5.367080105026098e-04
8.519188571858496e-02 3.638661833046858e-03 5.403982051506111e-04
8.533874660726967e-02 2.858949159207403e-03 5.409249958891337e-04
8.548560738396878e-02 2.687478089448753e-03 5.384830592368814e-04
8.563246804848969e-02 3.652807391773442e-03 5.382829816930633e-04
8.577932860063983e-02 2.501161402051192e-03 5.396170864580342e-04
8.592618904022660e-02 3.415457337273855e-03 5.348965770233446e-04
8.607304936705747e-02 3.950899606242362e-03 5.382190830037684e-04
8.621990958093982e-02 3.366797745127123e-03 5.328465075221049e-04
8.636676968168105e-02 2.608187269377274e-03 5.368298133147806e-04
8.651362966908867e-02 3.296890548306235e-03 5.356196425749365e-04
8.666048954297001e-02 3.591723193837273e-03 5.349697038206443e-04
8.680734930313255e-02 2.942370248509210e-03 5.340164977729263e-04
8.695420894938369e-02 3.191115465323697e-03 5.325759055265546e-04
8.710106848153085e-02 2.949275740155474e-03 5.372260625019271e-04
8.724792789938152e-02 2.925377708049335e-03 5.298996826080608e-04
8.739478720274303e-02 3.316586707167638e-03 5.331774792566422e-04
8.754164639142284e-02 2.677907498506880e-03 5.335519290203142e-04
8.768850546522844e-02 3.282547048713103e-03 5.318136323233002e-04
8.783536442396719e-02 3.184705315645268e-03 5.352854636839605e-04
8.798222326744658e-02 3.468416653049632e-03 5.343931799158735e-04
8.812908199547397e-02 2.458510104128187e-03 5.297642489196124e-04
8.827594060785686e-02 1.862138151352850e-03 5.332438638554956e-04
8.842279910440262e-02 2.313087616927334e-03 5.313309148696978e-04
8.856965748491875e-02 3.191009217960856e-03 5.297755533880183e-04
8.871651574921269e-02 3.423456356025240e-03 5.314466748441921e-04
8.886337389709180e-02 2.757147325878422e-03 5.325896221411983e-04
8.901023192836355e-02 3.174208614012137e-03 5.317554210528594e-04
8.915708984283539e-02 2.803654986832532e-03 5.306882671644843e-04
8.930394764031480e-02 2.962756127398161e-03 5.272249393913149e-04
8.945080532060913e-02 1.796337802746070e-03 5.311961356347010e-04
8.959766288352591e-02 3.898157215300995e-03 5.252097277165032e-04
8.974452032887251e-02 3.614681532047361e-03 5.293160724812167e-04
8.989137765645640e-02 3.277226299096897e-03 5.248451039864147e-04
9.003823486608507e-02 3.344611479114197e-03 5.233762631431315e-04
9.018509195756588e-02 3.440884554955448e-03 5.297108603646683e-04
9.033194893070630e-02 2.796625471967892e-03 5.208008314456800e-04
9.047880578531384e-02 1.844425771848230e-03 5.285698012529444e-04
9.062566252119587e-02 3.227587679700814e-03 5.235457062562177e-04
9.077251913815987e-02 2.202068246691746e-03 5.231841318105775e-04
9.091937563601328e-02 2.484097721062993e-03 5.267315944577351e-04
9.106623201456360e-02 2.434191457720922e-03 5.224221378181822e-04
9.121308827361818e-02 2.988201334472445e-03 5.221427496436539e-04
9.135994441298455e-02 3.035966521934818e-03 5.244330704501905e-04
9.150680043247014e-02 3.213656054174490e-03 5.209095831689577e-04
9.165365633188237e-02 3.893867478404671e-03 5.241346961875026e-04
9.180051211102878e-02 2.457591047715237e-03 5.189684835525309e-04
9.194736776971676e-02 2.751148721442683e-03 5.240628438355138e-04
9.209422330775377e-02 2.420851344000990e-03 5.214371144721206e-04
9.224107872494727e-02 3.246106248290865e-03 5.197727698023787e-04
9.238793402110473e-02 3.521617910283932e-03 5.213451582104579e-04
9.253478919603364e-02 2.987109918131192e-03 5.158389005352199e-04
9.268164424954135e-02 2.993064707916299e-03 5.207437921416867e-04
9.282849918143544e-02 3.444526399677817e-03 5.178395586896557e-04
9.297535399152332e-02 2.115764805432809e-03 5.164187820444113e-04
9.312220867961245e-02 2.390659746848127e-03 5.201541069197974e-04
9.326906324551029e-02 3.174233647272465e-03 5.162681168987982e-04
9.341591768902432e-02 2.198586291663969e-03 5.169447477425267e-04
9.356277200996202e-02 2.358129168620688e-03 5.192756811200395e-04
9.370962620813084e-02 2.846001828210998e-03 5.165256340653806e-04
9.385648028333822e-02 2.443842117860414e-03 5.204020597826545e-04
9.400333423539166e-02 3.479151302524585e-03 5.139175347277627e-04
9.415018806409861e-02 2.717877875030037e-03 5.180223032241963e-04
9.429704176926657e-02 2.288849328283112e-03 5.127734257426464e-04
9.444389535070297e-02 3.671766174410142e-03 5.138098110791136e-04
9.459074880821530e-02 2.518509205918139e-03 5.162421559851111e-04
9.473760214161106e-02 3.096907214212399e-03 5.167489686846736e-04
9.488445535069767e-02 2.142072291640558e-03 5.167393454744081e-04
9.503130843528265e-02 2.579752890620807e-03 5.130037343052553e-04
9.517816139517343e-02 3.150651178913701e-03 5.154809382884626e-04
9.532501423017756e-02 3.269461873576711e-03 5.112503735258880e-04
9.547186694010244e-02 2.060228213097743e-03 5.107356082263043e-04
9.561871952475558e-02 2.475636811234838e-03 5.118483856869407e-04
9.576557198394450e-02 2.280965430501168e-03 5.124143107421545e-04
9.591242431747660e-02 3.491065106433150e-03 5.156974056763181e-04
9.605927652515940e-02 3.151490878450933e-03 5.117244628439542e-04
9.620612860680040e-02 2.807778552734965e-03 5.072370231426872e-04
9.635298056220708e-02 2.771193590362212e-03 5.096951630884682e-04
9.649983239118688e-02 2.926771148092642e-03 5.143553003852043e-04
9.664668409354732e-02 2.943226835526144e-03 5.110611169419820e-04
9.679353566909588e-02 2.250931221145793e-03 5.075515464435938e-04
9.694038711764005e-02 2.440446333028825e-03 5.119235458617497e-04
9.708723843898734e-02 2.132479125233031e-03 5.079769965090917e-04
9.723408963294519e-02 2.747891147819418e-03 5.072176141545139e-04
9.738094069932111e-02 2.989459481957417e-03 5.115718090608741e-04
9.752779163792259e-02 2.533632662172971e-03 5.056074770619860e-04
9.767464244855714e-02 2.673742256809144e-03 5.089651976722053e-04
9.782149313103225e-02 2.310311338526252e-03 5.100680133157821e-04
9.796834368515536e-02 2.980715501103079e-03 5.093126766080061e-04
9.811519411073406e-02 3.191749279229562e-03 5.053868663405145e-04
9.826204440757576e-02 2.991648018084183e-03 5.073435079133607e-04
9.840889457548796e-02 2.463800395631654e-03 5.065996181682433e-04
9.855574461427828e-02 3.068113753293082e-03 5.050876781033979e-04
9.870259452375403e-02 2.218749511330709e-03 5.059831025235966e-04
9.884944430372282e-02 2.303300709478712e-03 5.018139573983413e-04
9.899629395399215e-02 2.235244978484385e-03 5.073654553809202e-04
9.914314347436951e-02 2.381220643234149e-03 5.057362160464447e-04
9.928999286466240e-02 2.469451045108202e-03 4.988391590195976e-04
9.943684212467831e-02 2.722189901217040e-03 5.088468407054538e-04
9.958369125422474e-02 1.560937893852223e-03 5.020744481477205e-04
9.973054025310922e-02 2.300353223618851e-03 5.056553353722679e-04
9.987738912113926e-02 2.776685101298382e-03 5.036166104237034e-04
1.000242378581224e-01 2.134418996534444e-03 5.024455744156661e-04
1.001710864638660e-01 2.558324234365454e-03 5.167786065024371e-04
1.003179349381778e-01 3.049341752913084e-03 5.200847540315334e-04
1.004647832808650e-01 2.114331598005761e-03 5.271041662167800e-04
1.006116314917355e-01 2.333490741366413e-03 5.250736637388584e-04
1.007584795705964e-01 1.926761698684774e-03 5.299784495656746e-04
1.009053275172555e-01 2.154202784716351e-03 5.383465286750161e-04
1.010521753315203e-01 2.692741158813982e-03 5.360362674515893e-04
1.011990230131982e-01 2.641236904293200e-03 5.375138913313633e-04
1.013458705620967e-01 2.097220188207463e-03 5.402427445167093e-04
1.014927179780235e-01 1.441423788520489e-03 5.450118320277177e-04
1.016395652607859e-01 1.653454038798225e-03 5.495394722259146e-04
1.017864124101916e-01 2.442059370632082e-03 5.420619163231165e-04
1.019332594260479e-01 2.710613919387065e-03 5.539938179987346e-04
1.020801063081626e-01 2.755034781515605e-03 5.492468686033011e-04
1.022269530563430e-01 2.341767646164646e-03 5.605771267854322e-04
1.023737996703967e-01 2.540120988971382e-03 5.573856401296148e-04
1.025206461501313e-01 2.299996674156562e-03 5.537440341134492e-04
1.026674924953542e-01 2.109120913490225e-03 5.604372427805186e-04
1.028143387058730e-01 1.701726246733532e-03 5.649372702515364e-04
1.029611847814952e-01 2.888396206430552e-03 5.479055806743338e-04
1.031080307220284e-01 2.187247438310191e-03 5.447112470747275e-04
1.032548765272800e-01 1.956303251029011e-03 5.427865995058377e-04
1.034017221970575e-01 2.280160031209704e-03 5.413225772839504e-04
1.035485677311687e-01 3.077243443588472e-03 5.350412592677602e-04
1.036954131294208e-01 2.097652549297277e-03 5.339085588670074e-04
1.038422583916216e-01 1.804165400234910e-03 5.340977622837468e-04
1.039891035175785e-01 2.741939194542316e-03 5.298731962961511e-04
1.041359485070990e-01 2.110871754692877e-03 5.307155482920290e-04
1.042827933599908e-01 2.594298539422743e-03 5.246156583348701e-04
1.044296380760613e-01 2.371128153011792e-03 5.262062018404066e-04
1.045764826551180e-01 2.014669289027637e-03 5.253364926372880e-04
1.047233270969686e-01 3.079110986623924e-03 5.254269781523737e-04
1.048701714014205e-01 1.814630507628259e-03 5.178177205109459e-04
1.050170155682814e-01 2.043860128446907e-03 5.229695489914664e-04
1.051638595973586e-01 2.184250314967229e-03 5.219590304414288e-04
1.053107034884598e-01 1.821775843141429e-03 5.181961150089365e-04
1.054575472413926e-01 2.476442179883883e-03 5.184043730268712e-04
1.056043908559644e-01 2.598155461975779e-03 5.178696444117228e-04
1.057512343319829e-01 2.010275821999793e-03 5.173473603960634e-04
1.058980776692555e-01 2.545119883630648e-03 5.119042575416605e-04
1.060449208675899e-01 1.855515415225422e-03 5.156681578617648e-04
1.061917639267934e-01 2.607611027375993e-03 5.114377360818271e-04
1.063386068466738e-01 2.374883493550050e-03 5.143315357581811e-04
1.064854496270386e-01 2.402572691168529e-03 5.143321350444090e-04
1.066322922676953e-01 2.630947266726608e-03 5.085445625423321e-04
1.067791347684515e-01 1.658089118054491e-03 5.115509640200150e-04
1.069259771291147e-01 2.786330089338119e-03 5.151435846842623e-04
1.070728193494925e-01 1.940926687320877e-03 5.099819583978705e-04
1.072196614293924e-01 2.873785382700845e-03 5.136466751255014e-04
1.073665033686221e-01 2.576336182694657e-03 5.055149853592734e-04
1.075133451669889e-01 2.214164201293686e-03 5.077115481240402e-04
1.076601868243007e-01 1.554477016557135e-03 5.094066756705012e-04
1.078070283403648e-01 2.262512317508086e-03 5.066177464469660e-04
1.079538697149888e-01 2.332641307943523e-03 5.082956915918125e-04
1.081007109479804e-01 1.883560432303844e-03 5.027402144147598e-04
1.082475520391470e-01 1.842626193052205e-03 5.100245250548499e-04
1.083943929882962e-01 2.626697251185725e-03 5.065192734680885e-04
1.085412337952357e-01 2.311260484558791e-03 4.987424583369880e-04
1.086880744597730e-01 1.224251564012824e-03 5.088557191534254e-04
1.088349149817155e-01 2.226232359621651e-03 4.971508191685585e-04
1.089817553608711e-01 1.255892508690077e-03 5.039102971013215e-04
1.091285955970470e-01 1.668105747032121e-03 5.007418772245447e-04
1.092754356900511e-01 1.750434842548421e-03 4.982262057539241e-04
1.094222756396908e-01 1.534071424117677e-03 5.009769670661983e-04
1.095691154457736e-01 2.808358130171368e-03 4.941611294332915e-04
1.097159551081073e-01 2.355371312187700e-03 4.967410240666573e-04
1.098627946264993e-01 2.087663695174289e-03 4.942475443424109e-04
1.100096340007572e-01 1.817025376249983e-03 4.944207960349381e-04
1.101564732306887e-01 1.538859421650674e-03 4.961323016418935e-04
1.103033123161012e-01 1.780027689570924e-03 4.926781688449800e-04
1.104501512568025e-01 1.737846726650680e-03 4.956232224210279e-04
1.105969900525999e-01 2.325157148435117e-03 4.865262694434197e-04
1.107438287033013e-01 1.262451200192812e-03 4.943448761998605e-04
1.108906672087140e-01 2.278110029324806e-03 4.960714934782350e-04
1.110375055686457e-01 1.413065865166222e-03 4.970970799245205e-04
1.111843437829041e-01 1.030292329265439e-03 5.042712934424882e-04
1.113311818512966e-01 2.710301720991861e-03 5.101238697702397e-04
1.114780197736309e-01 1.886397091187018e-03 5.163889666957584e-04
1.116248575497145e-01 9.758861468248636e-04 5.142238131764147e-04
1.117716951793551e-01 1.731257197363852e-03 5.205561721204314e-04
1.119185326623603e-01 2.225377792271121e-03 5.293680201292587e-04
1.120653699985375e-01 2.287336243082521e-03 5.245118610570333e-04
1.122122071876945e-01 2.453270621425500e-03 5.308448782056598e-04
1.123590442296388e-01 2.618363740618341e-03 5.297489922617337e-04
1.125058811241781e-01 8.352131164436407e-04 5.356463207591190e-04
1.126527178711198e-01 1.893460806655490e-03 5.379839098438210e-04
1.127995544702717e-01 2.338084487216712e-03 5.373404089070185e-04
1.129463909214413e-01 1.023248193647297e-03 5.338881009683851e-04
1.130932272244362e-01 1.638299805920304e-03 5.286736956409151e-04
1.132400633790640e-01 2.505413791852019e-03 5.342840029420432e-04
1.133868993851323e-01 2.537448397536049e-03 5.303335201795802e-04
1.135337352424488e-01 7.056991439929611e-04 5.337447307160803e-04
1.136805709508210e-01 1.156771831063683e-03 5.396860300322070e-04
1.138274065100565e-01 2.295849245712223e-03 5.340017087030594e-04
1.139742419199631e-01 2.745562327140908e-03 5.383558308224808e-04
1.141210771803480e-01 1.524199946429350e-03 5.321027959507350e-04
1.142679122910192e-01 1.108844719235567e-03 5.397769767074565e-04
1.144147472517842e-01 1.871269342644682e-03 5.414751283350383e-04
1.145615820624505e-01 1.849196592340769e-03 5.352071191249366e-04
1.147084167228259e-01 2.282676230727110e-03 5.425238543171263e-04
1.148552512327178e-01 2.106429817587865e-03 5.379725878432427e-04
1.150020855919340e-01 2.417318891541822e-03 5.398072396221859e-04
1.151489198002821e-01 1.765384474534499e-03 5.449530267033679e-04
1.152957538575695e-01 2.840872149163279e-03 5.438144124055663e-04
1.154425877636041e-01 2.005808984859326e-03 5.449062552675101e-04
1.155894215181933e-01 3.146491492363001e-03 5.381214417799770e-04
1.157362551211449e-01 1.226886894638712e-03 5.414784216649277e-04
1.158830885722664e-01 2.639729235490004e-03 5.524910568035014e-04
1.160299218713654e-01 1.553676288552544e-03 5.474408102844128e-04
1.161767550182498e-01 1.871079800842672e-03 5.511144026330347e-04
1.163235880127268e-01 1.774080908547650e-03 5.382320870153083e-04
1.164704208546044e-01 8.858792576727753e-04 5.449846290016191e-04
1.166172535436900e-01 1.426597030996913e-03 5.457264680829470e-04
1.167640860797913e-01 1.922285204209230e-03 5.424010826751998e-04
1.169109184627159e-01 1.790737833700812e-03 5.439796839031416e-04
1.170577506922715e-01 1.395730390942673e-03 5.451365393300567e-04
1.172045827682657e-01 1.036631474279015e-03 5.456528514934137e-04
1.173514146905061e-01 1.712139927631927e-03 5.463675149385557e-04
1.174982464588003e-01 1.716179918540891e-03 5.425389992348982e-04
1.176450780729561e-01 1.693700951020641e-03 5.512315840372426e-04
1.177919095327811e-01 1.690479995894792e-03 5.531986187849373e-04
1.179387408380827e-01 9.205180440903426e-04 5.466163149756508e-04
1.180855719886688e-01 5.098421104100096e-04 5.457275870116416e-04
1.182324029843469e-01 1.122917054379030e-03 5.521039296281493e-04
1.183792338249248e-01 1.977241175635689e-03 5.522369542360555e-04
1.185260645102099e-01 2.089082645856972e-03 5.516564057382110e-04
1.186728950400101e-01 1.907517152543744e-03 5.462305589601793e-04
1.188197254141328e-01 1.306069444995784e-03 5.510568282142643e-04
1.189665556323859e-01 4.702996047295511e-04 5.566289007469911e-04
1.191133856945769e-01 1.828631905028505e-03 5.510967118375894e-04
1.192602156005134e-01 1.561554044600129e-03 5.521232284604503e-04
1.194070453500032e-01 1.042426226459122e-03 5.486421339239175e-04
1.195538749428538e-01 1.995698784074813e-03 5.507643689412961e-04
1.197007043788729e-01 3.031490874708606e-04 5.534596642910702e-04
1.198475336578682e-01 1.493754679821944e-03 5.467903610511979e-04
1.199943627796474e-01 1.614235187796873e-03 5.575752932384157e-04
1.201411917440180e-01 7.558631603583100e-04 5.468139873679702e-04
1.202880205507879e-01 1.779189533960821e-03 5.540016751354204e-04
1.204348491997644e-01 8.480255113428556e-04 5.517653209719589e-04
1.205816776907555e-01 9.354406167300453e-04 5.507942369766713e-04
1.207285060235687e-01 1.313160821029584e-03 5.576156498869698e-04
1.208753341980116e-01 1.559941373857573e-03 5.555932048237325e-04
1.210221622138920e-01 1.794138024455918e-03 5.518811482399672e-04
1.211689900710175e-01 1.634418333278122e-03 5.489761019221707e-04
1.213158177691958e-01 2.247661423943673e-03 5.572366325283688e-04
1.214626453082345e-01 1.045104128695849e-03 5.584105119983725e-04
1.216094726879414e-01 1.761873791847385e-03 5.545571044623163e-04
1.217562999081240e-01 1.608477272598597e-03 5.545546126142292e-04
1.219031269685900e-01 1.458211632612963e-03 5.557215818838968e-04
1.220499538691473e-01 1.942854825354733e-03 5.590598629560069e-04
1.221967806096032e-01 1.221585981406475e-03 5.547721149844556e-04
1.223436071897657e-01 1.540991045603694e-03 5.473714408724300e-04
1.224904336094423e-01 7.003871818261422e-04 5.569585182275158e-04
1.226372598684407e-01 1.885644480762719e-03 5.611403932506459e-04
1.227840859665686e-01 1.402551184672501e-03 5.640197813429580e-04
1.229309119036337e-01 1.849542500258590e-03 5.562724242775595e-04
1.230777376794436e-01 2.688517756983018e-03 5.566662917542714e-04
1.232245632938061e-01 5.364092544966173e-04 5.603734621762838e-04
1.233713887465287e-01 2.189584244245955e-03 5.502078607089278e-04
1.235182140374194e-01 1.296972904835836e-03 5.617404911974482e-04
1.236650391662856e-01 1.659450535143023e-03 5.584276093690811e-04
1.238118641329350e-01 1.119751948684847e-03 5.579785546013463e-04
1.239586889371753e-01 1.579216672239510e-03 5.653022156861636e-04
1.241055135788144e-01 1.982284079176642e-04 5.564865412325167e-04
1.242523380576598e-01 1.328146583586907e-03 5.633770831201154e-04
1.243991623735193e-01 1.325802181162211e-03 5.550692368935505e-04
1.245459865262004e-01 1.752293004589128e-03 5.606248662290893e-04
1.246928105155109e-01 1.394855394933940e-03 5.597723474363848e-04
1.248396343412586e-01 1.162470293348660e-03 5.567851763195216e-04
1.249864580032510e-01 1.328241125996526e-03 5.587271247377352e-04
1.251332815012960e-01 9.359271825980918e-04 5.593031059222168e-04
1.252801048352011e-01 1.528156737139446e-03 5.626433913397068e-04
1.254269280047742e-01 9.911956052350891e-04 5.618212673727428e-04
1.255737510098228e-01 7.646652482555686e-04 5.583831391682960e-04
1.257205738501548e-01 1.633004043347331e-03 5.662304888219301e-04
1.258673965255777e-01 5.537978127376731e-04 5.591567164186085e-04
1.260142190358993e-01 1.086690784630280e-03 5.637522194264349e-04
1.261610413809274e-01 7.680129439007943e-04 5.633453203019692e-04
1.263078635604696e-01 1.723063430548103e-03 5.566289268790745e-04
1.264546855743336e-01 4.262794003484225e-04 5.632657268708601e-04
1.266015074223272e-01 1.459496464407114e-03 5.540310958818469e-04
1.267483291042580e-01 1.618804432556441e-03 5.605015865612319e-04
1.268951506199338e-01 4.828817875983643e-04 5.517228505298992e-04
1.270419719691622e-01 2.001973753407081e-03 5.629605841963240e-04
1.271887931517510e-01 1.223426577954865e-03 5.518947698273068e-04
1.273356141675080e-01 1.440531115048256e-03 5.585240532052717e-04
1.274824350162407e-01 6.136764826620911e-04 5.532104477816986e-04
1.276292556977570e-01 1.519771039459157e-03 5.578194081457025e-04
1.277760762118645e-01 9.972088848436290e-04 5.613438961628909e-04
1.279228965583711e-01 6.350199431321598e-04 5.530529310701183e-04
1.280697167370843e-01 1.378381139187827e-03 5.600788784410636e-04
1.282165367478119e-01 4.491337343656421e-04 5.578668746925495e-04
1.283633565903617e-01 1.806245422581003e-03 5.512023426875587e-04
1.285101762645414e-01 9.111080580982312e-04 5.573466845066234e-04
1.286569957701586e-01 1.702693899936002e-03 5.532129044001586e-04
1.288038151070212e-01 1.746346747110638e-03 5.574907422116278e-04
1.289506342749369e-01 1.058869423854869e-03 5.547067326009402e-04
1.290974532737133e-01 9.772371983552222e-04 5.525785953442103e-04
1.292442721031583e-01 1.069648316769199e-03 5.566753508100788e-04
1.293910907630794e-01 1.316871124017206e-03 5.546941634887764e-04
1.295379092532846e-01 7.961378376823480e-04 5.558677305136511e-04
1.296847275735815e-01 3.832425006196596e-04 5.545767822087553e-04
1.298315457237779e-01 1.065949357040749e-03 5.575228986290896e-04
1.299783637036815e-01 8.513165322758231e-04 5.633577910050772e-04
1.301251815131000e-01 1.530795000544212e-03 5.538274797609356e-04
1.302719991518412e-01 1.096398108064369e-03 5.584165789671221e-04
1.304188166197129e-01 1.027819523332199e-03 5.568114468672534e-04
1.305656339165226e-01 3.300878488439050e-04 5.642624316062130e-04
1.307124510420783e-01 1.316314099747641e-03 5.587966935351360e-04
1.308592679961877e-01 -8.524217831613442e-05 5.557370943734494e-04
1.310060847786584e-01 1.343447180231135e-03 5.579947903946291e-04
1.311529013892983e-01 -2.588591298128953e-04 5.553676199046742e-04
1.312997178279152e-01 1.038910920075058e-03 5.604479060428490e-04
1.314465340943166e-01 1.221044521286260e-03 5.573833464551844e-04
1.315933501883105e-01 1.996768715091256e-03 5.553002332293866e-04
1.317401661097045e-01 1.392682613034750e-03 5.594500970091170e-04
1.318869818583065e-01 7.102368293461979e-04 5.602392997759797e-04
1.320337974339242e-01 6.920601820358662e-04 5.623818538052833e-04
1.321806128363652e-01 1.190096673609721e-03 5.596735942814077e-04
1.323274280654375e-01 3.158626734352939e-04 5.591285427603332e-04
1.324742431209487e-01 7.003885340507492e-04 5.664362527888347e-04
1.326210580027065e-01 1.493216965374720e-03 5.559613533951721e-04
1.327678727105190e-01 4.646594840209475e-04 5.576710252760735e-04
1.329146872441935e-01 9.779646538199700e-04 5.579950567802330e-04
1.330615016035382e-01 1.213693814913499e-03 5.587731393053235e-04
1.332083157883606e-01 8.560145235584567e-04 5.558391209300215e-04
1.333551297984685e-01 1.275773521648738e-03 5.619968919950243e-04
1.335019436336697e-01 4.543972073115125e-04 5.614344203486613e-04
1.336487572937721e-01 5.704872640746694e-04 5.598615258611856e-04
1.337955707785833e-01 7.219997127513408e-04 5.684520929747222e-04
1.339423840879111e-01 6.913344402125844e-04 5.655207393757516e-04
1.340891972215633e-01 8.945440403285024e-04 5.571550534066960e-04
1.342360101793477e-01 1.754653581169887e-03 5.610444711832365e-04
1.343828229610720e-01 1.515193510240059e-03 5.544822895245864e-04
1.345296355665440e-01 7.550715521952068e-04 5.622539999128480e-04
1.346764479955716e-01 7.065250496846588e-04 5.582630096689034e-04
1.348232602479625e-01 9.331625594580546e-04 5.641316858496845e-04
1.349700723235245e-01 7.029230647196969e-04 5.601104132535632e-04
1.351168842220653e-01 1.411435548100833e-03 5.574953496520248e-04
1.352636959433928e-01 1.238016655459234e-03 5.610362070290327e-04
1.354105074873147e-01 1.559192532313613e-03 5.546970124577009e-04
1.355573188536388e-01 1.355184554119702e-03 5.671592631002878e-04
1.357041300421729e-01 6.160043611076666e-04 5.600093207469323e-04
1.358509410527249e-01 7.458558544743445e-04 5.658617583841140e-04
1.359977518851024e-01 -5.264973952371886e-06 5.640293057246543e-04
1.361445625391133e-01 1.431622387434327e-03 5.575036517161054e-04
1.362913730145654e-01 1.276784486726327e-03 5.612084476835555e-04
1.364381833112665e-01 1.808282460764221e-03 5.603525162168544e-04
1.365849934290243e-01 1.375106212358055e-03 5.627564682871047e-04
1.367318033676468e-01 3.266052340936188e-04 5.667741247360410e-04
1.368786131269416e-01 9.188558793397663e-04 5.589497735793995e-04
1.370254227067166e-01 1.694561871628397e-03 5.630080766189143e-04
1.371722321067795e-01 1.529482119025655e-03 5.605591841704386e-04
1.373190413269383e-01 1.920394652383488e-03 5.648324956714898e-04
1.374658503670007e-01 1.245091526814574e-03 5.676283913488427e-04
1.376126592267744e-01 6.684351380667098e-04 5.612378379808407e-04
1.377594679060673e-01 3.273286078744197e-04 5.702073154745808e-04
1.379062764046873e-01 1.344389469844328e-03 5.612751546084281e-04
1.380530847224421e-01 6.713125063600371e-04 5.658738886920301e-04
1.381998928591395e-01 -6.504313230976002e-05 5.675894077230694e-04
1.383467008145873e-01 3.553835059640287e-04 5.601443862585092e-04
1.384935085885935e-01 1.394686477173064e-03 5.679153998735641e-04
1.386403161809657e-01 1.555817209511421e-03 5.597996593125956e-04
1.387871235915119e-01 1.056515698740052e-03 5.633275148042405e-04
1.389339308200397e-01 1.645102121181742e-03 5.688403460976595e-04
1.390807378663571e-01 6.338809514567249e-04 5.607246440705309e-04
1.392275447302719e-01 1.059120602189986e-03 5.668108554075120e-04
1.393743514115918e-01 4.309747349626287e-04 5.575467183985712e-04
1.395211579101248e-01 1.458414414944191e-04 5.676876413450498e-04
1.396679642256785e-01 -1.372054382536186e-04 5.651856630733721e-04
1.398147703580609e-01 9.858837535930648e-04 5.634956585535588e-04
1.399615763070799e-01 2.015978561459781e-04 5.642210842711510e-04
1.401083820725432e-01 -5.496443025026908e-04 5.655278189421918e-04
1.402551876542587e-01 1.426816151718028e-04 5.690457065414240e-04
1.404019930520340e-01 2.598179614078511e-04 5.659032305014916e-04
1.405487982656773e-01 2.535913887398188e-04 5.706742412049291e-04
1.406956032949962e-01 7.512870425431269e-04 5.871735421089339e-04
1.408424081397986e-01 5.987652566319171e-04 5.973605406972617e-04
1.409892127998923e-01 6.800912700835923e-04 6.032328803576390e-04
1.411360172750852e-01 3.754739329380624e-04 6.146733916340715e-04
1.412828215651852e-01 -1.504619112981380e-04 6.168079689364182e-04
1.414296256699999e-01 1.021960267915363e-03 6.163534922558982e-04
1.415764295893374e-01 1.536476290904612e-03 6.354783401033361e-04
1.417232333230055e-01 1.506700658774565e-03 6.321756082403936e-04
1.418700368708119e-01 1.282197155522809e-03 6.461062670886319e-04
1.420168402325645e-01 -1.561953199939678e-04 6.522462659385359e-04
1.421636434080713e-01 8.786795537884495e-04 6.481665258919625e-04
1.423104463971400e-01 -5.125578447635653e-04 6.609530821841282e-04
1.424572491995785e-01 5.487450835563164e-04 6.664655896497636e-04
1.426040518151946e-01 -4.174910050684012e-04 6.755763613198758e-04
1.427508542437963e-01 7.818721052348387e-04 6.697562374661194e-04
1.428976564851913e-01 5.006663027574708e-04 6.824659194424714e-04
1.430444585391876e-01 7.784676663244856e-04 6.888437402584568e-04
1.431912604055929e-01 1.866670132757512e-04 6.929413018595071e-04
1.433380620842152e-01 1.058108057045142e-03 6.946531717624986e-04
1.434848635748623e-01 1.686567129630691e-03 6.991271985054633e-04
1.436316648773420e-01 1.177584640570211e-03 7.059824674325754e-04
1.437784659914622e-01 -2.693873068234096e-04 7.092554984717039e-04
1.439252669170309e-01 2.406871429499724e-04 7.262662399512037e-04
1.440720676538558e-01 1.083580936246635e-03 7.105782353617044e-04
1.442188682017449e-01 7.367934825623853e-04 7.266602898641786e-04
1.443656685605060e-01 -3.263982450539384e-04 7.332102832508870e-04
1.445124687299469e-01 -4.512692850091164e-04 7.409321001854444e-04
1.446592687098756e-01 6.247097081830420e-05 7.359050431564970e-04
1.448060685000999e-01 -2.423042112801329e-04 7.566109213768878e-04
1.449528681004278e-01 1.205060681879869e-03 7.502446302058731e-04
1.450996675106670e-01 2.958700548724854e-04 7.546120486118658e-04
1.452464667306255e-01 4.423435700492576e-04 7.479771062862790e-04
1.453932657601112e-01 8.740045046735147e-04 7.667931793915036e-04
1.455400645989318e-01 1.576294410733052e-03 7.776697586581796e-04
1.456868632468954e-01 9.166041803623989e-04 7.714784385505306e-04
1.458336617038097e-01 1.107811199578764e-03 7.787504453720783e-04
1.459804599694828e-01 5.036918699977237e-04 7.743455935507153e-04
1.461272580437224e-01 4.216327633412191e-04 7.949899590202954e-04
1.462740559263364e-01 9.997965075360356e-04 7.953538282703266e-04
1.464208536171328e-01 -4.791466389227715e-04 8.028362083842346e-04
1.465676511159195e-01 -1.163140902613441e-04 8.035658535913964e-04
1.467144484225043e-01 6.645834186757490e-04 8.067727048277461e-04
1.468612455366952e-01 2.286418992020408e-04 8.078983100173820e-04
1.470080424582999e-01 9.295738304384917e-04 8.259865576602086e-04
1.471548391871265e-01 -9.069154902505541e-04 7.999186632226858e-04
1.473016357229828e-01 1.359636970453499e-04 8.359424293887221e-04
1.474484320656767e-01 2.461034696512316e-04 8.214772506296061e-04
1.475952282150162e-01 -2.111306569348764e-04 8.277989654937443e-04
1.477420241708091e-01 1.609788778357565e-04 8.298819166357075e-04
1.478888199328633e-01 5.655365972457620e-04 8.374183178213415e-04
1.480356155009868e-01 1.345523793549930e-03 8.472741685527741e-04
1.481824108749874e-01 -3.409506584815604e-04 8.279347796435339e-04
1.483292060546731e-01 6.955410744596946e-04 8.590481942140206e-04
1.484760010398518e-01 1.093923174559967e-03 8.322347411169991e-04
1.486227958303313e-01 -7.142886782858296e-04 8.559082138339091e-04
1.487695904259196e-01 7.353853300647887e-04 8.714328920165176e-04
1.489163848264247e-01 1.270171714041202e-03 8.396722393871717e-04
1.490631790316544e-01 -2.017290066928673e-03 8.629235715701263e-04
1.492099730414167e-01 6.273150864264826e-04 9.061828185780328e-04
1.493567668555194e-01 -3.120058394388395e-04 8.746419251161291e-04
1.495035604737705e-01 6.377640187682682e-04 8.741762254468039e-04
1.496503538959780e-01 4.803617440594950e-04 8.494728782125675e-04
1.497971471219496e-01 4.827343352711377e-04 8.786624883829686e-04
1.499439401514935e-01 9.305977388145638e-04 8.544318856342754e-04
1.500907329844174e-01 -1.231703920416736e-04 8.795257093713241e-04
1.502375256205293e-01 8.063291140923122e-05 8.610739821470390e-04
1.503843180596373e-01 2.572194358677892e-04 8.683080566689752e-04
1.505311103015491e-01 4.687005821866783e-04 8.984155379812797e-04
1.506779023460727e-01 5.488175436347787e-04 8.645006886079233e-04
1.508246941930161e-01 5.165611591928992e-04 8.851080157379635e-04
1.509714858421872e-01 2.582629650462316e-04 8.699283823223883e-04
1.511182772933938e-01 7.317800035065073e-04 8.734768920563399e-04
1.512650685464441e-01 4.528790892051599e-04 8.991022191788702e-04
1.514118596011459e-01 -1.829911155620970e-04 8.723959820358080e-04
1.515586504573071e-01 -1.341529080642860e-04 8.856262816921807e-04
1.517054411147357e-01 -1.475174378613252e-04 8.795635857865596e-04
1.518522315732397e-01 -9.780116714277057e-04 8.878541798978373e-04
1.519990218326269e-01 3.036361339152956e-04 8.942740228524574e-04
1.521458118927054e-01 -1.823401674156307e-04 8.798057552417555e-04
1.522926017532831e-01 9.958099356448583e-04 9.147428863650086e-04
1.524393914141679e-01 -1.392953480761753e-03 8.812820441158343e-04
1.525861808751677e-01 2.125925750698588e-04 9.182947188940566e-04
1.527329701360906e-01 -1.187071950505456e-03 8.967772061345589e-04
1.528797591967446e-01 -6.263373404264100e-04 8.962118336778168e-04
1.530265480569374e-01 4.956836012689319e-04 9.364969123274912e-04
1.531733367164773e-01 1.573998046529131e-03 8.871804866813439e-04
1.533201251751719e-01 6.677465635004432e-04 9.292327120288341e-04
1.534669134328294e-01 3.704370886444715e-04 9.038845119005756e-04
1.536137014892578e-01 -3.255531950511640e-04 9.306071542562515e-04
1.537604893442648e-01 2.198119704714170e-04 9.416909047193611e-04
1.539072769976586e-01 7.431757004623596e-04 9.271842710538927e-04
1.540540644492471e-01 -2.166964933790432e-04 9.486735404367354e-04
1.542008516988383e-01 -1.396442227609645e-03 9.241893508769237e-04
1.543476387462401e-01 4.868711482100526e-04 9.658136473911225e-04
1.544944255912605e-01 9.286137008848994e-04 9.478653887039454e-04
1.546412122337075e-01 -1.112945516174938e-03 9.439572051026427e-04
1.547879986733890e-01 1.760170249144489e-03 9.598288103745152e-04
1.549347849101131e-01 -7.678883989788352e-04 9.424901755919902e-04
1.550815709436878e-01 -5.914456451204446e-04 9.483492280532869e-04
1.552283567739209e-01 -9.043694328654335e-04 9.486371474700965e-04
1.553751424006205e-01 -1.015708891352385e-05 9.670828643666262e-04
1.555219278235946e-01 -2.285919313411385e-04 9.716113331488155e-04
1.556687130426511e-01 8.118901419302963e-04 9.743209977473305e-04
1.558154980575980e-01 -1.033342530895249e-03 9.719278085131386e-04
1.559622828682433e-01 -6.739893499883798e-04 9.665218818742282e-04
1.561090674743951e-01 -5.167357859106712e-04 9.784877506309371e-04
1.562558518758612e-01 4.989510519926010e-04 9.847555066225555e-04
1.564026360724498e-01 -7.637068709984777e-04 9.898036634744451e-04
1.565494200639687e-01 1.092863206383821e-03 9.800004027215596e-04
1.566962038502260e-01 -6.814834320993053e-04 9.873773937823724e-04
1.568429874310297e-01 1.367409976383996e-03 1.013857882992873e-03
1.569897708061878e-01 7.874779333722456e-04 1.015976364672901e-03
1.571365539755082e-01 7.698846770620648e-04 1.012716236063540e-03
1.572833369387990e-01 5.688382997210332e-04 1.012336133513034e-03
1.574301196958682e-01 1.292957966541084e-03 1.001875655058959e-03
1.575769022465238e-01 1.271106498236032e-03 1.033824055469198e-03
1.577236845905738e-01 1.219388471443363e-03 9.911920802765169e-04
1.578704667278262e-01 3.405432162708377e-04 1.026533398696718e-03
1.580172486580890e-01 9.819091811671778e-04 1.029935701826944e-03
1.581640303811701e-01 5.881427924500453e-04 1.021784553828183e-03
1.583108118968778e-01 -5.780329276486191e-04 1.030870021027485e-03
1.584575932050198e-01 -1.919217619228717e-03 1.028725512553225e-03
1.586043743054044e-01 -1.421063491244171e-03 1.054299954387181e-03
1.587511551978395e-01 -9.760972781342244e-04 1.055283855772553e-03
1.588979358821330e-01 -1.010542415912544e-04 1.051571424816303e-03
1.590447163580930e-01 8.374888435778124e-04 1.066014745678634e-03
1.591914966255276e-01 -1.283256157752465e-03 1.049502910883233e-03
1.593382766842448e-01 1.307381709252998e-03 1.072520281638285e-03
1.594850565340525e-01 -2.601164010286337e-04 1.067419113643175e-03
1.596318361747588e-01 9.001213351610696e-04 1.072747461156560e-03
1.597786156061718e-01 -7.220595741230097e-04 1.086654362517191e-03
1.599253948280995e-01 8.956296123542877e-04 1.082914174658309e-03
1.600721738403499e-01 -4.255261432322629e-04 1.100489431475118e-03
1.602189526427309e-01 -1.217873591852396e-03 1.082486930253872e-03
1.603657312350509e-01 -7.284752325722564e-04 1.117193290028016e-03
1.605125096171175e-01 1.003327437075269e-03 1.102953732555013e-03
1.606592877887390e-01 -1.184569254698148e-03 1.092675890125745e-03
1.608060657497234e-01 -1.199151644497368e-03 1.115266313764571e-03
1.609528434998787e-01 2.592026205723157e-03 1.138107032184448e-03
1.610996210390131e-01 -2.706271131566637e-04 1.111086102468896e-03
1.612463983669344e-01 -3.627429873760128e-04 1.130483979498952e-03
1.613931754834508e-01 -9.981318410024239e-04 1.115071741331149e-03
1.615399523883702e-01 -6.546430976117804e-04 1.142681220717287e-03
1.616867290815008e-01 -1.291477984240090e-05 1.132019486977858e-03
1.618335055626506e-01 4.961453689376384e-04 1.165647205143469e-03
1.619802818316277e-01 5.079208747748195e-04 1.160420704621419e-03
1.621270578882401e-01 -9.092292783638522e-05 1.151668017525001e-03
1.622738337322958e-01 2.727034216644231e-04 1.159976375995875e-03
1.624206093636030e-01 7.409247401919069e-04 1.163983725714624e-03
1.625673847819697e-01 -2.484151745815533e-03 1.167339315361539e-03
1.627141599872038e-01 -8.306839276833146e-04 1.173284446587243e-03
1.628609349791136e-01 -1.645015094909317e-03 1.193238019586251e-03
1.630077097575070e-01 -1.358548952694325e-04 1.182972022450640e-03
1.631544843221922e-01 3.073404708500578e-03 1.186741705132244e-03
1.633012586729772e-01 -1.917907656739562e-04 1.194928728976312e-03
1.634480328096700e-01 -2.567704054282660e-04 1.211651377624760e-03
1.635948067320787e-01 -3.412741278833217e-04 1.206174198094597e-03
1.637415804400115e-01 2.624335616220500e-04 1.198796529935216e-03
1.638883539332764e-01 -5.878459350343060e-04 1.220889939206174e-03
1.640351272116813e-01 -6.038634785615454e-04 1.224074261772587e-03
1.641819002750345e-01 8.788546347782951e-04 1.263014629570783e-03
1.643286731231440e-01 4.757766375821467e-04 1.245701153408521e-03
1.644754457558179e-01 1.041727043390127e-03 1.245862328681121e-03
1.646222181728642e-01 2.813123260267912e-04 1.250724577036631e-03
1.647689903740911e-01 5.134829512558742e-04 1.265714595278152e-03
1.649157623593066e-01 -1.192572354875858e-03 1.318047323432551e-03
1.650625341283188e-01 4.167596840182170e-04 1.267081920178637e-03
1.652093056809359e-01 9.435560779216510e-04 1.279340801667667e-03
1.653560770169658e-01 -4.672629412699091e-04 1.312290493401394e-03
1.655028481362167e-01 -5.240542024423420e-04 1.304872938746455e-03
1.656496190384967e-01 2.871228939956053e-04 1.312167674119786e-03
1.657963897236138e-01 2.058922417955838e-04 1.315882639590386e-03
1.659431601913762e-01 2.064599756382411e-04 1.299147965179435e-03
1.660899304415920e-01 1.147850044309696e-03 1.336682425940612e-03
1.662367004740692e-01 -1.652557946989388e-03 1.344794804688987e-03
1.663834702886159e-01 -8.613423563625937e-04 1.343605230352983e-03
1.665302398850404e-01 -1.199411352124426e-03 1.349976972973419e-03
1.666770092631506e-01 4.124739968980168e-04 1.371485742359177e-03
1.668237784227546e-01 2.992381802101127e-04 1.373204498494255e-03
1.669705473636607e-01 7.270234254159849e-04 1.366288125493446e-03
1.671173160856769e-01 5.280369631639664e-04 1.394998984774467e-03
1.672640845886112e-01 1.342271226631774e-03 1.392859994538978e-03
1.674108528722718e-01 1.203666715812900e-03 1.405658383820836e-03
1.675576209364669e-01 -1.022233982756366e-03 1.448037800570446e-03
1.677043887810044e-01 1.207446510322893e-03 1.402149130515550e-03
1.678511564056927e-01 -4.530369687964452e-04 1.445246798986524e-03
1.679979238103397e-01 -2.566614485590645e-03 1.468776903592752e-03
1.681446909947535e-01 1.665537898175091e-03 1.465716512622725e-03
1.682914579587425e-01 -2.447521073216757e-03 1.456846312589151e-03
1.684382247021145e-01 1.552108011208152e-04 1.455002617223303e-03
1.685849912246778e-01 1.278803009218725e-03 1.495075065433065e-03
1.687317575262405e-01 -5.403926284114260e-04 1.511427733726220e-03
1.688785236066107e-01 -3.146196279271683e-03 1.494456625493837e-03
1.690252894655966e-01 1.954283649767139e-03 1.557684739580207e-03
1.691720551030063e-01 -4.860236429299396e-04 1.514085428762397e-03
1.693188205186478e-01 7.522675218826629e-04 1.569931959106821e-03
1.694655857123294e-01 1.992022222559758e-03 1.580110880122312e-03
1.696123506838591e-01 -2.341788780397947e-03 1.576895998723502e-03
1.697591154330453e-01 9.404505086507938e-04 1.597490614160429e-03
1.699058799596958e-01 1.127939734352560e-04 1.605409637464605e-03
1.700526442636189e-01 -2.160758683423390e-03 1.598940871163704e-03
1.701994083446229e-01 2.708033744475290e-03 1.597413166245771e-03
1.703461722025157e-01 -3.009741669094713e-03 1.653646121512787e-03
1.704929358371055e-01 1.591996749801629e-03 1.618476305561920e-03
1.706396992482005e-01 -1.789420714964088e-04 1.658856684762062e-03
1.707864624356089e-01 1.320881632449764e-03 1.683726307382763e-03
1.709332253991387e-01 1.106849418432514e-03 1.692269836649575e-03
1.710799881385982e-01 -3.023635598166106e-03 1.694011993040488e-03
1.712267506537955e-01 -2.689921651106247e-03 1.744121138560101e-03
1.713735129445388e-01 4.875681942373325e-04 1.772236338040630e-03
1.715202750106361e-01 3.282963978266327e-04 1.795459977886003e-03
1.716670368518958e-01 2.549370424036568e-03 1.824353012295728e-03
1.718137984681258e-01 -3.628139796811897e-04 1.811251247802198e-03
1.719605598591345e-01 1.125828447095864e-03 1.805158229990720e-03
1.721073210247299e-01 -3.949881537838559e-04 1.771508902730961e-03
1.722540819647203e-01 -8.702664808252402e-04 1.865621224259846e-03
1.724008426789137e-01 -1.424837799371178e-03 1.890184280146093e-03
1.725476031671185e-01 8.921057809289443e-04 1.878062685566730e-03
1.726943634291426e-01 -5.861989393456688e-04 2.020814014147481e-03
1.728411234647944e-01 -3.064032398228274e-03 1.962934673023169e-03
1.729878832738820e-01 7.727305444824648e-04 1.895486533370331e-03
1.731346428562135e-01 -3.795370632735179e-03 1.992018200240973e-03
1.732814022115972e-01 -7.805172299749171e-04 1.974653388013746e-03
1.734281613398412e-01 -2.963560737451284e-03 2.041304461047089e-03
1.735749202407538e-01 -1.134577683003115e-03 2.069734768560425e-03
1.737216789141430e-01 -8.040548155524776e-04 2.110564673684870e-03
1.738684373598171e-01 -8.750192265638417e-04 2.111595614706142e-03
1.740151955775843e-01 1.297689843943470e-03 2.134676023458346e-03
1.741619535672527e-01 -2.003524641664168e-04 2.219135067907788e-03
1.743087113286306e-01 -1.764156612782558e-03 2.266459768283459e-03
1.744554688615261e-01 2.152113689120547e-03 2.294671217016035e-03
1.746022261657475e-01 -8.595380916390688e-04 2.308753119428494e-03
1.747489832411029e-01 -2.998793351791147e-03 2.331486923279876e-03
1.748957400874005e-01 3.596264156520085e-04 2.369513234456633e-03
1.750424967044485e-01 -4.232058927740229e-05 2.405212594352606e-03
1.751892530920552e-01 -4.039246295469876e-03 2.527689512781066e-03
1.753360092500287e-01 -1.787943662046519e-03 2.548828252517297e-03
1.754827651781772e-01 7.320710896198001e-04 2.533627802272934e-03
1.756295208763090e-01 3.159088311199599e-03 2.575455993455869e-03
1.757762763442323e-01 2.262064953537865e-03 2.702714653869463e-03
1.759230315817552e-01 -1.729808487397516e-03 2.750167029963131e-03
1.760697865886859e-01 -6.787464148764192e-04 2.893260674637293e-03
1.762165413648328e-01 -1.556648320878845e-03 2.697208203705572e-03
1.763632959100039e-01 -2.055131640244493e-03 2.896637765073803e-03
1.765100502240076e-01 3.247860876080563e-04 3.056787812923294e-03
1.766568043066521e-01 -2.632834128735611e-03 3.140549643938390e-03
1.768035581577454e-01 8.505886802616108e-04 3.329840840742762e-03
1.769503117770959e-01 -6.253008171778462e-03 3.312360558090334e-03
1.770970651645119e-01 1.038114858797757e-03 3.355794469503960e-03
1.772438183198014e-01 4.245815005913740e-03 3.506113493137569e-03
1.773905712427729e-01 -5.458684218286406e-03 3.707954541563316e-03
1.775373239332344e-01 1.711087238947629e-04 3.601871219490945e-03
1.776840763909942e-01 -7.418436867627348e-03 3.976029901903494e-03
1.778308286158606e-01 -2.610429214615959e-03 4.327035114694865e-03
1.779775806076418e-01 -2.185143641326066e-03 4.704875376705768e-03
1.781243323661459e-01 1.270984027629066e-03 4.972868223129294e-03
1.782710838911813e-01 -8.135717744010626e-03 5.221767548887819e-03
1.784178351825563e-01 -7.071941658643330e-03 6.065379639343530e-03
1.785645862400790e-01 -3.912505337852461e-03 7.472826518758450e-03
1.787113370635576e-01 4.552986713449726e-03 7.845647207617162e-03
1.788580876528005e-01 -9.591457272850264e-03 1.013369126488640e-02
1.790048380076158e-01 1.814915071459182e-02 1.336998535097764e-02
