<X> <Y> <dY>
8.813602216919226e-04 -6.253642075679252e+01 2.751880618546378e+00
1.028253589049351e-03 -6.345003363859773e+01 1.498279525524166e+00
1.175146955056984e-03 -3.193079650171547e+01 1.139314323157807e+00
1.322040319521992e-03 -2.471818204764178e+01 6.991173707420942e-01
1.468933682251548e-03 -1.738509185816939e+01 5.074377145716100e-01
1.615827043052824e-03 -1.155147470764848e+01 3.578226660205909e-01
1.762720401732992e-03 -8.651949716262953e+00 3.099644398989702e-01
1.909613758099223e-03 -6.960376379087418e+00 2.657825758673983e-01
2.056507111958691e-03 -5.277564471328716e+00 2.240060390539057e-01
2.203400463118568e-03 -3.164187083593871e+00 1.969801413438815e-01
2.350293811386024e-03 -3.308322533496312e+00 1.651474488458960e-01
2.497187156568232e-03 -2.223408002848175e+00 1.485757874370863e-01
2.644080498472365e-03 -1.871731739011728e+00 1.297976283702556e-01
2.790973836905595e-03 -1.659797384973196e+00 1.142591351294136e-01
2.937867171675094e-03 -1.335605904045907e+00 1.056008029830029e-01
3.084760502588034e-03 -9.858118155063195e-01 9.361199057878654e-02
3.231653829451588e-03 -9.200398414127013e-01 8.560843066295172e-02
3.378547152072927e-03 -7.083115839252399e-01 7.849182263139877e-02
3.525440470259224e-03 -6.399235869788893e-01 7.079478332309891e-02
3.672333783817651e-03 -5.494323169398148e-01 6.602831959330906e-02
3.819227092555382e-03 -4.570564703424740e-01 5.948683282565383e-02
3.966120396279587e-03 -4.145911349592026e-01 5.676794831550502e-02
4.113013694797441e-03 -4.321917200140420e-01 5.130188557167642e-02
4.259906987916115e-03 -2.430151769899710e-01 4.752814835004737e-02
4.406800275442781e-03 -3.041731631331330e-01 4.490527172247164e-02
4.553693557184614e-03 -2.285874361516678e-01 4.149884546786706e-02
4.700586832948783e-03 -1.370827790578160e-01 3.887411566335500e-02
4.847480102542463e-03 -1.550881562006011e-01 3.614976840613179e-02
4.994373365772829e-03 -1.862055157816744e-01 3.418377795675907e-02
5.141266622447048e-03 -9.083121441665608e-02 3.216733933920462e-02
5.288159872372297e-03 -1.171862789194750e-01 2.976891578090471e-02
5.435053115355749e-03 -1.092223136140867e-01 2.839731682257829e-02
5.581946351204576e-03 -1.139459049071923e-01 2.675708211880582e-02
5.728839579725948e-03 -9.872902641060562e-02 2.497683984755401e-02
5.875732800727044e-03 -7.816734776402666e-02 2.385054641067403e-02
6.022626014015034e-03 -6.891688924563938e-02 2.261330238463148e-02
6.169519219397089e-03 -6.850673248955340e-02 2.142982389760430e-02
6.316412416680385e-03 -8.932387617255375e-02 2.048615140379423e-02
6.463305605672094e-03 -5.991690997879181e-02 1.921258337125800e-02
6.610198786179393e-03 -3.365957263893327e-02 1.826173215936886e-02
6.757091958009447e-03 -7.490344940558338e-02 1.731274263725604e-02
6.903985120969439e-03 -3.377883096630380e-02 1.655606110719847e-02
7.050878274866538e-03 -6.783427296985418e-02 1.589896582815385e-02
7.197771419507919e-03 -2.770145892498766e-02 1.491484730587061e-02
7.344664554700750e-03 -3.826546760491443e-02 1.434908902542122e-02
7.491557680252214e-03 -3.922471572955404e-02 1.384351913822539e-02
7.638450795969478e-03 -8.671851376887212e-03 1.312689063102143e-02
7.785343901659718e-03 -3.251331283423581e-02 1.263019001987437e-02
7.932236997130110e-03 -3.895058717151816e-02 1.196659303655129e-02
8.079130082187821e-03 -3.069588198563094e-02 1.160049342079830e-02
8.226023156640037e-03 -1.570499194012336e-03 1.116388452563482e-02
8.372916220293923e-03 -1.538196264107872e-02 1.055305880979361e-02
8.519809272956652e-03 -4.941485826353825e-03 1.023005589004611e-02
8.666702314435403e-03 -2.365055802102257e-02 9.828114716322275e-03
8.813595344537354e-03 3.065258098931841e-03 9.507438398227087e-03
8.960488363069672e-03 -1.315977674965553e-02 9.140790884149562e-03
9.107381369839535e-03 -1.394368804906215e-02 8.673037904418797e-03
9.254274364654119e-03 -2.024546130606407e-02 8.470198170322669e-03
9.401167347320593e-03 3.695898314697561e-03 8.128920184468627e-03
9.548060317646137e-03 -6.961083747945683e-03 7.921093011567229e-03
9.694953275437929e-03 -2.968512352853602e-03 7.637177523047664e-03
9.841846220503138e-03 -1.146442008856580e-02 7.291029179991422e-03
9.988739152648940e-03 -1.690303201496945e-02 7.136580574798487e-03
1.013563207168251e-02 -1.249249965620140e-02 6.826550253391523e-03
1.028252497741103e-02 7.228360056285837e-04 6.583563065757613e-03
1.042941786964167e-02 3.784715861578054e-03 6.413498534492901e-03
1.057631074818160e-02 -5.844676832161433e-03 6.213985065056796e-03
1.072320361283801e-02 -5.949767775263215e-03 6.081555920011445e-03
1.087009646341806e-02 4.960843709438802e-03 5.762943726534289e-03
1.101698929972894e-02 4.667782578561036e-03 5.629923215862143e-03
1.116388212157781e-02 -1.052482535026557e-03 5.490598366682867e-03
1.131077492877186e-02 -3.025619495689141e-04 5.322948912749261e-03
1.145766772111827e-02 -4.136223427863086e-03 5.190788430009011e-03
1.160456049842420e-02 5.348367151925464e-03 5.001393959537896e-03
1.175145326049683e-02 7.660368527465934e-04 4.867478359879537e-03
1.189834600714335e-02 1.082268809018165e-02 4.734625537683234e-03
1.204523873817092e-02 -5.856038998687386e-03 4.600181934476546e-03
1.219213145338673e-02 -4.446566958517562e-03 4.449975226707243e-03
1.233902415259795e-02 4.637870718321671e-04 4.358867977033504e-03
1.248591683561175e-02 -4.453840246468530e-03 4.250526438513917e-03
1.263280950223533e-02 -2.993078709471235e-04 4.151358096797465e-03
1.277970215227585e-02 2.139186512926300e-03 3.964283666369329e-03
1.292659478554047e-02 -1.294382817569284e-03 3.900248657996836e-03
1.307348740183641e-02 1.856822110817550e-03 3.826175224906578e-03
1.322038000097082e-02 6.655817471860557e-03 3.712852374173898e-03
1.336727258275089e-02 4.743995506572097e-03 3.618043087115651e-03
1.351416514698378e-02 4.124489426147266e-03 3.542658411475593e-03
1.366105769347668e-02 1.351512267407796e-03 3.446775438533415e-03
1.380795022203677e-02 -1.043129971162639e-03 3.378307684868781e-03
1.395484273247122e-02 1.147801219625387e-02 3.274588959681170e-03
1.410173522458722e-02 2.649181722509858e-04 3.200418495456239e-03
1.424862769819194e-02 4.490439272417410e-03 3.141684411583484e-03
1.439552015309257e-02 -3.577426079388984e-03 3.061571377120412e-03
1.454241258909627e-02 1.452183416408703e-03 3.002801409278220e-03
1.468930500601023e-02 5.213243759472061e-03 2.906365908682193e-03
1.483619740364163e-02 2.286224220416778e-03 2.840195411496913e-03
1.498308978179765e-02 6.836194998685052e-03 2.814834945217783e-03
1.512998214028546e-02 4.755717056000540e-03 2.729265705936848e-03
1.527687447891225e-02 9.017942376901405e-03 2.685576199282167e-03
1.542376679748520e-02 3.848241620343387e-03 2.626481251049818e-03
1.557065909581149e-02 7.135226150956188e-03 2.576583034585962e-03
1.571755137369829e-02 7.947681470291370e-03 2.522469249133230e-03
1.586444363095279e-02 6.112312141051640e-03 2.459743793679459e-03
1.601133586738216e-02 1.042069494112521e-02 2.436670681769722e-03
1.615822808279360e-02 5.930432466579028e-03 2.377489804138969e-03
1.630512027699426e-02 6.501406556826748e-03 2.327408578046330e-03
1.645201244979136e-02 7.900670775538561e-03 2.269669234964471e-03
1.659890460099205e-02 9.569492015949820e-03 2.225441557811780e-03
1.674579673040351e-02 6.943345675031760e-03 2.208843141938803e-03
1.689268883783294e-02 4.389789991037544e-03 2.152903680493942e-03
1.703958092308753e-02 6.846247927769173e-03 2.125292713421320e-03
1.718647298597442e-02 1.035563345218008e-02 2.055237424450106e-03
1.733336502630083e-02 7.207752424464002e-03 2.030218681947589e-03
1.748025704387393e-02 7.868823448718937e-03 2.014640186637408e-03
1.762714903850091e-02 9.513612903170278e-03 1.967462585356654e-03
1.777404100998893e-02 1.018759430358477e-02 1.949865643985029e-03
1.792093295814520e-02 1.171807165423965e-02 1.903665888054332e-03
1.806782488277687e-02 6.944826385087697e-03 1.881870515782264e-03
1.821471678369116e-02 1.041104623423257e-02 1.850655180168573e-03
1.836160866069522e-02 3.431336329548026e-03 1.790317936876128e-03
1.850850051359626e-02 7.733256565328823e-03 1.827960136719512e-03
1.865539234220144e-02 8.496372277188252e-03 1.805339144943893e-03
1.880228414631796e-02 1.114045469169298e-02 1.777179839779915e-03
1.894917592575301e-02 7.758338160089229e-03 1.775076075710063e-03
1.909606768031375e-02 7.479156070628218e-03 1.748243999895665e-03
1.924295940980738e-02 8.282842078082808e-03 1.770922484695758e-03
1.938985111404109e-02 1.070477066669899e-02 1.763466691926929e-03
1.953674279282204e-02 7.825643320519512e-03 1.771005065393473e-03
1.968363444595744e-02 1.031027486714835e-02 1.758139749612375e-03
1.983052607325447e-02 9.002693988312133e-03 1.736589910566464e-03
1.997741767452030e-02 6.087036015186804e-03 1.739588801278054e-03
2.012430924956213e-02 4.541002713572675e-03 1.728684630920148e-03
2.027120079818715e-02 1.017475436903998e-02 1.706625118041746e-03
2.041809232020253e-02 9.140720623078349e-03 1.714224376204553e-03
2.056498381541546e-02 8.438259007889679e-03 1.702965530732565e-03
2.071187528363314e-02 1.303868370116264e-02 1.683765814526173e-03
2.085876672466273e-02 1.048535054431561e-02 1.673861611969807e-03
2.100565813831145e-02 9.738496721159380e-03 1.669389326609469e-03
2.115254952438645e-02 1.008211454033988e-02 1.645844058507963e-03
2.129944088269494e-02 9.552487476840369e-03 1.649831843153914e-03
2.144633221304411e-02 7.462664602022944e-03 1.627483658821595e-03
2.159322351524114e-02 9.005030318289670e-03 1.627953595479210e-03
2.174011478909322e-02 1.045381886508955e-02 1.612015487345727e-03
2.188700603440753e-02 1.170391507401172e-02 1.597203021520685e-03
2.203389725099126e-02 1.154581706180760e-02 1.570384416204803e-03
2.218078843865161e-02 7.731804970244022e-03 1.523325615441588e-03
2.232767959719575e-02 1.016008306242282e-02 1.518347227593003e-03
2.247457072643089e-02 1.230267233654431e-02 1.488614600862083e-03
2.262146182616420e-02 1.333892371373673e-02 1.464493344437172e-03
2.276835289620287e-02 1.450302307460533e-02 1.444988512328643e-03
2.291524393635411e-02 1.072039670119101e-02 1.417902256911822e-03
2.306213494642509e-02 1.186211802199035e-02 1.425425005716482e-03
2.320902592622301e-02 1.193135836578026e-02 1.385639661786985e-03
2.335591687555505e-02 1.016794078670532e-02 1.383733985102072e-03
2.350280779422841e-02 1.324483472414749e-02 1.370639435383404e-03
2.364969868205026e-02 1.270805668294908e-02 1.343236693620747e-03
2.379658953882782e-02 1.142587471568924e-02 1.345521691040802e-03
2.394348036436827e-02 1.086800322436252e-02 1.321491983768026e-03
2.409037115847880e-02 1.202510818819169e-02 1.313561378647255e-03
2.423726192096658e-02 1.292235474961157e-02 1.303721183049451e-03
2.438415265163884e-02 1.212983770809836e-02 1.272388748575313e-03
2.453104335030275e-02 1.310478991383080e-02 1.285606813054689e-03
2.467793401676551e-02 1.077776064801823e-02 1.253957442968979e-03
2.482482465083430e-02 1.293174248397528e-02 1.256507725453542e-03
2.497171525231632e-02 1.334033035976548e-02 1.247057968634870e-03
2.511860582101877e-02 1.248234492317478e-02 1.229612290966911e-03
2.526549635674884e-02 1.543773524741131e-02 1.218602385774341e-03
2.541238685931370e-02 1.406619482815564e-02 1.205754987985280e-03
2.555927732852058e-02 1.534958564273994e-02 1.201617842913384e-03
2.570616776417666e-02 1.457227729027586e-02 1.194942958695142e-03
2.585305816608912e-02 1.342299173338431e-02 1.178684680526339e-03
2.599994853406517e-02 1.604772178752739e-02 1.178894110809302e-03
2.614683886791200e-02 1.415639360937708e-02 1.162218518648707e-03
2.629372916743681e-02 1.474928945233974e-02 1.156499523789275e-03
2.644061943244679e-02 1.481903102439006e-02 1.144611597969959e-03
2.658750966274912e-02 1.495132935720071e-02 1.131652873252084e-03
2.673439985815102e-02 1.249999958878865e-02 1.140216134687552e-03
2.688129001845969e-02 1.595831773638570e-02 1.117331320574431e-03
2.702818014348229e-02 1.600733647855708e-02 1.116437551801424e-03
2.717507023302605e-02 1.564899799739170e-02 1.104440496890734e-03
2.732196028689816e-02 1.598739812848584e-02 1.104521791471218e-03
2.746885030490582e-02 1.631966100651673e-02 1.096768372682783e-03
2.761574028685621e-02 1.612087473852570e-02 1.091829499108875e-03
2.776263023255653e-02 1.567427982799826e-02 1.072549274706143e-03
2.790952014181400e-02 1.621244531423995e-02 1.065957403675999e-03
2.805641001443581e-02 1.646129450528469e-02 1.064002765321697e-03
2.820329985022913e-02 1.486105283151983e-02 1.064270019067986e-03
2.835018964900120e-02 1.599423683372066e-02 1.044770647978183e-03
2.849707941055920e-02 1.630414210780090e-02 1.038878339226638e-03
2.864396913471031e-02 1.663629105280777e-02 1.048529108118385e-03
2.879085882126178e-02 1.920494096690794e-02 1.035796003920958e-03
2.893774847002075e-02 1.802804202468196e-02 1.022988223742928e-03
2.908463808079444e-02 1.741302853176487e-02 1.019771138483617e-03
2.923152765339008e-02 1.721138044508541e-02 1.013245549069404e-03
2.937841718761485e-02 1.949507349932780e-02 1.008278136503662e-03
2.952530668327594e-02 1.726540895533648e-02 1.008763807367972e-03
2.967219614018056e-02 1.766636178762066e-02 1.002243202991890e-03
2.981908555813591e-02 1.770928030387794e-02 9.979679865611815e-04
2.996597493694921e-02 1.693784152415257e-02 9.840883014664728e-04
3.011286427642763e-02 2.074584173036983e-02 9.844693379628361e-04
3.025975357637840e-02 1.981767791486324e-02 9.734044725107837e-04
3.040664283660871e-02 1.999010565200640e-02 9.776764854756358e-04
3.055353205692574e-02 1.989655059224169e-02 9.761211777075103e-04
3.070042123713675e-02 2.026962509923562e-02 9.682376973809106e-04
3.084731037704891e-02 1.810366212877672e-02 9.521184864392572e-04
3.099419947646940e-02 1.965204556895899e-02 9.565165828249307e-04
3.114108853520547e-02 2.022127376952853e-02 9.539103574823643e-04
3.128797755306430e-02 2.199597091879655e-02 9.525990056135682e-04
3.143486652985308e-02 2.223410960643262e-02 9.332518234465503e-04
3.158175546537905e-02 2.191005925789451e-02 9.481857733064599e-04
3.172864435944940e-02 1.942576304540668e-02 9.399598867743098e-04
3.187553321187133e-02 2.181400746784540e-02 9.270139777911011e-04
3.202242202245206e-02 2.080197527055877e-02 9.209393690733121e-04
3.216931079099877e-02 2.226955096610435e-02 9.240023401907087e-04
3.231619951731869e-02 2.248285156130033e-02 9.287123634538589e-04
3.246308820121902e-02 2.297954841273782e-02 9.218963047527837e-04
3.260997684250697e-02 2.425208920718861e-02 9.127899784318288e-04
3.275686544098974e-02 2.301036532801632e-02 9.125769452005198e-04
3.290375399647455e-02 2.401609869580931e-02 9.029563782135569e-04
3.305064250876859e-02 2.446201747825127e-02 9.169242237425937e-04
3.319753097767910e-02 2.468524801843594e-02 9.041096243363668e-04
3.334441940301325e-02 2.432781897343245e-02 9.025058788191337e-04
3.349130778457828e-02 2.410185458106787e-02 8.998777897495153e-04
3.363819612218139e-02 2.439251201341990e-02 8.974163578951860e-04
3.378508441562977e-02 2.495240495735780e-02 8.890958285843375e-04
3.393197266473066e-02 2.528461580826982e-02 8.847839014710106e-04
3.407886086929125e-02 2.782527146343579e-02 8.933716404531901e-04
3.422574902911878e-02 2.737653052572950e-02 8.920616881641997e-04
3.437263714402042e-02 2.691134653513104e-02 8.836224234187030e-04
3.451952521380341e-02 2.604686365601902e-02 8.754242413597449e-04
3.466641323827495e-02 2.791183364445255e-02 8.885652357738314e-04
3.481330121724226e-02 2.694618370633992e-02 8.979674965803171e-04
3.496018915051253e-02 2.728295928940941e-02 9.146890820551519e-04
3.510707703789302e-02 2.695482344598991e-02 9.099514562383953e-04
3.525396487919091e-02 2.768694456053166e-02 9.086623219700150e-04
3.540085267421340e-02 2.989595918686812e-02 9.050586643431503e-04
3.554774042276775e-02 2.842933539271704e-02 8.988599975954149e-04
3.569462812466112e-02 3.136720171014132e-02 8.927293284139398e-04
3.584151577970077e-02 3.008124907880614e-02 8.842915943327868e-04
3.598840338769389e-02 3.157075833546268e-02 8.901163295945592e-04
3.613529094844770e-02 3.124232227749421e-02 8.760595790251961e-04
3.628217846176941e-02 3.177514073149374e-02 8.823814332603753e-04
3.642906592746626e-02 3.061242286277162e-02 8.718690179963567e-04
3.657595334534545e-02 3.054182464212336e-02 8.711866466863639e-04
3.672284071521419e-02 3.177185590061007e-02 8.716448091704257e-04
3.686972803687972e-02 3.189824723161201e-02 8.696817230578942e-04
3.701661531014922e-02 3.319142472157025e-02 8.628606602549138e-04
3.716350253482994e-02 3.305718620066005e-02 8.639553559825991e-04
3.731038971072909e-02 3.462232512902825e-02 8.685961055894686e-04
3.745727683765387e-02 3.390146332887852e-02 8.920678652769929e-04
3.760416391541153e-02 3.472671942489663e-02 8.879615484285392e-04
3.775105094380928e-02 3.564266145634837e-02 8.540516535312602e-04
3.789793792265433e-02 3.622704191925447e-02 8.614053676022800e-04
3.804482485175390e-02 3.705196432655068e-02 8.558820043102500e-04
3.819171173091522e-02 3.759995159696476e-02 8.498718646811722e-04
3.833859855994550e-02 3.640215366328124e-02 8.518714555871801e-04
3.848548533865198e-02 3.816799947963458e-02 8.486741727910045e-04
3.863237206684186e-02 3.876659086308074e-02 8.484374269960292e-04
3.877925874432238e-02 3.850457817283315e-02 8.554101887892986e-04
3.892614537090076e-02 3.978890041855754e-02 8.447419336101111e-04
3.907303194638420e-02 3.831416822125615e-02 8.536669647726448e-04
3.921991847057994e-02 4.014363967823147e-02 8.408022054501473e-04
3.936680494329520e-02 4.110761591347525e-02 8.506903681469616e-04
3.951369136433722e-02 3.963599446244508e-02 8.393368413553544e-04
3.966057773351322e-02 4.165100248465940e-02 8.374562263733374e-04
3.980746405063040e-02 4.266216694747896e-02 8.460141543326411e-04
3.995435031549600e-02 4.256978717641246e-02 8.324950312108070e-04
4.010123652791726e-02 4.347606199947474e-02 8.354172564947993e-04
4.024812268770137e-02 4.399671518953201e-02 8.379898916233065e-04
4.039500879465560e-02 4.419269439977292e-02 8.348110565668138e-04
4.054189484858715e-02 4.591917724437946e-02 8.372586884880501e-04
4.068878084930326e-02 4.609974762303625e-02 8.327109558078530e-04
4.083566679661114e-02 4.568901663238931e-02 8.345336604566695e-04
4.098255269031803e-02 4.670632696537132e-02 8.395825126147814e-04
4.112943853023117e-02 4.644513382721265e-02 8.442832006169968e-04
4.127632431615776e-02 4.809194988076120e-02 8.635437697475295e-04
4.142321004790505e-02 4.906013436017431e-02 8.678023926371332e-04
4.157009572528026e-02 5.088936497387966e-02 8.823903766096396e-04
4.171698134809063e-02 5.088424829403999e-02 8.924064274051412e-04
4.186386691614337e-02 5.093507255926147e-02 8.889139748058700e-04
4.201075242924574e-02 5.180670041902211e-02 8.988133665670250e-04
4.215763788720495e-02 5.324574025250749e-02 8.948670740017942e-04
4.230452328982824e-02 5.142434744375193e-02 8.975763928093447e-04
4.245140863692285e-02 5.343795992480972e-02 9.016886901884530e-04
4.259829392829599e-02 5.455410110352386e-02 9.060076063577751e-04
4.274517916375490e-02 5.446687597494992e-02 9.031424595810697e-04
4.289206434310684e-02 5.633580262039258e-02 9.113830724104038e-04
4.303894946615900e-02 5.599372179416220e-02 9.148836121542473e-04
4.318583453271865e-02 5.794255746743471e-02 9.152552588456434e-04
4.333271954259301e-02 5.981751238178535e-02 9.290628466215234e-04
4.347960449558931e-02 6.149990483583460e-02 9.245476069256050e-04
4.362648939151479e-02 6.027270375533980e-02 9.239249757592264e-04
4.377337423017669e-02 5.915240327627014e-02 9.236710604089452e-04
4.392025901138226e-02 6.223487976382748e-02 9.360664084944738e-04
4.406714373493869e-02 6.354870268097060e-02 9.417301945145856e-04
4.421402840065326e-02 6.321115132200082e-02 9.342095621556492e-04
4.436091300833320e-02 6.414689221790951e-02 9.425478871973817e-04
4.450779755778574e-02 6.619495805773271e-02 9.436650792097513e-04
4.465468204881811e-02 6.541909307139088e-02 9.434913233321474e-04
4.480156648123757e-02 6.797501499165189e-02 9.612679620903045e-04
4.494845085485134e-02 6.851643558768461e-02 9.569940939255040e-04
4.509533516946668e-02 7.123587245105792e-02 9.719043423501661e-04
4.524221942489082e-02 6.810151698429821e-02 9.577487083133594e-04
4.538910362093100e-02 7.142202563087714e-02 9.663832020519418e-04
4.553598775739446e-02 7.206929645450903e-02 9.702684598908159e-04
4.568287183408844e-02 7.174493025998420e-02 9.633736685036811e-04
4.582975585082019e-02 7.461525362477724e-02 9.730012657771298e-04
4.597663980739693e-02 7.375358946671273e-02 9.698489860091572e-04
4.612352370362593e-02 7.664147934979026e-02 9.664079272116199e-04
4.627040753931443e-02 7.532804105637192e-02 9.650737007627240e-04
4.641729131426967e-02 7.751616501291585e-02 9.630354307366405e-04
4.656417502829888e-02 7.878191576991198e-02 9.779562594891726e-04
4.671105868120932e-02 7.907714918421546e-02 9.750432137136573e-04
4.685794227280822e-02 8.053753478072165e-02 9.802143115221968e-04
4.700482580290285e-02 8.212164174341562e-02 9.764029745216897e-04
4.715170927130044e-02 8.365879325461972e-02 9.805985057666467e-04
4.729859267780824e-02 8.616028702410002e-02 9.893554770523299e-04
4.744547602223349e-02 8.385796633971293e-02 9.861851176231570e-04
4.759235930438345e-02 8.436703297314882e-02 9.881407411681789e-04
4.773924252406536e-02 8.702062233590711e-02 9.882059363380880e-04
4.788612568108647e-02 8.732626643871980e-02 9.922988665244737e-04
4.803300877525407e-02 8.945365943766478e-02 9.982126183822081e-04
4.817989180637530e-02 9.115215212171335e-02 1.002851779917871e-03
4.832677477425752e-02 9.045709368095362e-02 1.000352314072712e-03
4.847365767870793e-02 9.067194908849893e-02 9.976122715668412e-04
4.862054051953379e-02 9.353520980709928e-02 1.007052403665615e-03
4.876742329654236e-02 9.619003515623110e-02 1.017134788795502e-03
4.891430600954088e-02 9.566233778077099e-02 1.006744627187795e-03
4.906118865833660e-02 9.843778558395218e-02 1.018033368563651e-03
4.920807124273676e-02 1.006125422566234e-01 1.022872379472955e-03
4.935495376254866e-02 9.945361193199315e-02 1.020703516186187e-03
4.950183621757952e-02 1.008341697689973e-01 1.019813086574058e-03
4.964871860763660e-02 1.015921812245697e-01 1.027859480967999e-03
4.979560093252714e-02 1.051843987941917e-01 1.030715234645630e-03
4.994248319205841e-02 1.053275037624185e-01 1.034281115662131e-03
5.008936538603768e-02 1.062320563654881e-01 1.037576286818151e-03
5.023624751427219e-02 1.071166550177179e-01 1.036113883530215e-03
5.038312957656918e-02 1.076291594631589e-01 1.046627091874059e-03
5.053001157273595e-02 1.081169238664349e-01 1.035852403886196e-03
5.067689350257971e-02 1.096272693675645e-01 1.043721472731154e-03
5.082377536590776e-02 1.121170734937989e-01 1.046934031446392e-03
5.097065716252732e-02 1.151814789941357e-01 1.051737757075491e-03
5.111753889224568e-02 1.131520999602731e-01 1.053379410005743e-03
5.126442055487009e-02 1.149306387773298e-01 1.055248048004764e-03
5.141130215020779e-02 1.162817217367584e-01 1.051570132129564e-03
5.155818367806608e-02 1.160990160214988e-01 1.058932744100510e-03
5.170506513825220e-02 1.207713789913934e-01 1.065101483496445e-03
5.185194653057341e-02 1.207386450090158e-01 1.070826808938613e-03
5.199882785483697e-02 1.209138305373401e-01 1.062033894285311e-03
5.214570911085015e-02 1.221749573976284e-01 1.068991546794537e-03
5.229259029842022e-02 1.242218241579374e-01 1.076222937050751e-03
5.243947141735442e-02 1.254717858631865e-01 1.075457373067577e-03
5.258635246746002e-02 1.261092564221834e-01 1.081351082305718e-03
5.273323344854430e-02 1.273669505521204e-01 1.077925224200137e-03
5.288011436041453e-02 1.269826012102725e-01 1.086991637855733e-03
5.302699520287798e-02 1.292750045036843e-01 1.077430410404100e-03
5.317387597574186e-02 1.319221363195208e-01 1.090396158571207e-03
5.332075667881350e-02 1.330125168639443e-01 1.091826857388627e-03
5.346763731190016e-02 1.342877693066349e-01 1.087873883144822e-03
5.361451787480907e-02 1.341877023336674e-01 1.099409299146804e-03
5.376139836734754e-02 1.356747500653395e-01 1.091032704492440e-03
5.390827878932278e-02 1.371034347430001e-01 1.091909396917004e-03
5.405515914054214e-02 1.412351622947217e-01 1.109885628949072e-03
5.420203942081284e-02 1.395446934625326e-01 1.097335546224388e-03
5.434891962994216e-02 1.406024032487867e-01 1.118871867050783e-03
5.449579976773735e-02 1.407810387030022e-01 1.087348342659927e-03
5.464267983400574e-02 1.429543428232461e-01 1.112653741697407e-03
5.478955982855453e-02 1.448614265562645e-01 1.115760689260621e-03
5.493643975119106e-02 1.439181368066497e-01 1.107470514468052e-03
5.508331960172257e-02 1.461115794247745e-01 1.115131501863674e-03
5.523019937995633e-02 1.465144843067822e-01 1.108430136834391e-03
5.537707908569962e-02 1.454093556806191e-01 1.119091453455567e-03
5.552395871875969e-02 1.462472912951225e-01 1.117074011244910e-03
5.567083827894388e-02 1.490129092236236e-01 1.115638852047590e-03
5.581771776605941e-02 1.489281303045550e-01 1.119891695525081e-03
5.596459717991355e-02 1.489795778101256e-01 1.118389535786432e-03
5.611147652031365e-02 1.525133421980627e-01 1.128954644288556e-03
5.625835578706691e-02 1.532865427892442e-01 1.135336865782725e-03
5.640523497998061e-02 1.519021601459755e-01 1.112984862425069e-03
5.655211409886209e-02 1.516613460240253e-01 1.125620199176515e-03
5.669899314351858e-02 1.521562163028304e-01 1.125638195420877e-03
5.684587211375740e-02 1.554061991627400e-01 1.125277902418054e-03
5.699275100938578e-02 1.564998827073254e-01 1.133702804370808e-03
5.713962983021098e-02 1.587849732003885e-01 1.132257509223170e-03
5.728650857604041e-02 1.570054072207742e-01 1.128300630534311e-03
5.743338724668124e-02 1.572199765022377e-01 1.127029745737977e-03
5.758026584194079e-02 1.583125804672958e-01 1.128647802949116e-03
5.772714436162631e-02 1.582672148720892e-01 1.140492404703902e-03
5.787402280554513e-02 1.583194998890393e-01 1.132385757501285e-03
5.802090117350451e-02 1.595632071229191e-01 1.137735282310719e-03
5.816777946531173e-02 1.596765642001551e-01 1.129708217674331e-03
5.831465768077408e-02 1.627772184706756e-01 1.135950377625137e-03
5.846153581969887e-02 1.606415048366619e-01 1.137325252665726e-03
5.860841388189336e-02 1.598397358137302e-01 1.131478690165050e-03
5.875529186716485e-02 1.603276146457114e-01 1.136792632142547e-03
5.890216977532061e-02 1.614283409203036e-01 1.131201575051536e-03
5.904904760616795e-02 1.604555279879315e-01 1.131356010565282e-03
5.919592535951414e-02 1.632699806410967e-01 1.133667027829821e-03
5.934280303516650e-02 1.624470788671672e-01 1.137392586769139e-03
5.948968063293228e-02 1.637354725083176e-01 1.128043223959560e-03
5.963655815261879e-02 1.611218755633321e-01 1.138517517778447e-03
5.978343559403334e-02 1.640943933532360e-01 1.161298735515340e-03
5.993031295698319e-02 1.621955226292304e-01 1.162910842758184e-03
6.007719024127564e-02 1.628726926547357e-01 1.177923090660165e-03
6.022406744671802e-02 1.616136842188101e-01 1.184866159861736e-03
6.037094457311754e-02 1.627543454614362e-01 1.201981477983509e-03
6.051782162028158e-02 1.630796113889141e-01 1.204870253498996e-03
6.066469858801743e-02 1.647207981844029e-01 1.211772274903217e-03
6.081157547613233e-02 1.601127781218962e-01 1.215303779875561e-03
6.095845228443361e-02 1.641626457677011e-01 1.224962920071998e-03
6.110532901272856e-02 1.638320866268886e-01 1.240600934858143e-03
6.125220566082447e-02 1.630153309587954e-01 1.236440113184838e-03
6.139908222852867e-02 1.632465428950661e-01 1.239929451387326e-03
6.154595871564840e-02 1.622155374702814e-01 1.254124683807941e-03
6.169283512199103e-02 1.627926779223513e-01 1.247479943995243e-03
6.183971144736379e-02 1.599746903537568e-01 1.251275397758099e-03
6.198658769157404e-02 1.622106252432816e-01 1.248361784301022e-03
6.213346385442904e-02 1.605908162641577e-01 1.268662199579387e-03
6.228033993573612e-02 1.619476177345169e-01 1.269107651485924e-03
6.242721593530259e-02 1.590337777378630e-01 1.262609243743360e-03
6.257409185293569e-02 1.621562433081787e-01 1.251920100858965e-03
6.272096768844279e-02 1.593097526212045e-01 1.225317700259096e-03
6.286784344163118e-02 1.600425904609115e-01 1.208386690456636e-03
6.301471911230812e-02 1.595344622813067e-01 1.206693637725991e-03
6.316159470028096e-02 1.581873044306446e-01 1.185777161052240e-03
6.330847020535701e-02 1.583013002524106e-01 1.195444972030542e-03
6.345534562734356e-02 1.561282440211991e-01 1.177773448472712e-03
6.360222096604792e-02 1.576778892733541e-01 1.181985048471912e-03
6.374909622127738e-02 1.556425835644639e-01 1.163980979942066e-03
6.389597139283930e-02 1.556418541192893e-01 1.167442088407280e-03
6.404284648054094e-02 1.560736782367596e-01 1.171243182074306e-03
6.418972148418961e-02 1.548361849977145e-01 1.148386907010601e-03
6.433659640359266e-02 1.554976754130861e-01 1.163546457573190e-03
6.448347123855734e-02 1.541651009811881e-01 1.138544801275126e-03
6.463034598889104e-02 1.539471024578829e-01 1.150418005650779e-03
6.477722065440102e-02 1.522147833384321e-01 1.143046215813768e-03
6.492409523489458e-02 1.522032589944980e-01 1.135510609825820e-03
6.507096973017908e-02 1.524027816635510e-01 1.136993467171339e-03
6.521784414006179e-02 1.499966802195229e-01 1.126930953226161e-03
6.536471846435006e-02 1.505419420732890e-01 1.125628877398831e-03
6.551159270285120e-02 1.496534552088967e-01 1.125139085568239e-03
6.565846685537249e-02 1.504702313842727e-01 1.115631242778856e-03
6.580534092172129e-02 1.481398925364260e-01 1.119479123966047e-03
6.595221490170489e-02 1.477683375948809e-01 1.108299666574506e-03
6.609908879513064e-02 1.484448398595270e-01 1.110844722532105e-03
6.624596260180583e-02 1.453114351275522e-01 1.097170827303408e-03
6.639283632153778e-02 1.459976345819781e-01 1.099289439681890e-03
6.653970995413383e-02 1.428749501454539e-01 1.109032695886217e-03
6.668658349940126e-02 1.469752317146823e-01 1.093506883439482e-03
6.683345695714746e-02 1.449436027809306e-01 1.095444179444280e-03
6.698033032717969e-02 1.431258091891282e-01 1.086639844526660e-03
6.712720360930530e-02 1.446839037710021e-01 1.094756555457424e-03
6.727407680333160e-02 1.422542341451117e-01 1.082844159171509e-03
6.742094990906593e-02 1.432378351423369e-01 1.086182370300002e-03
6.756782292631559e-02 1.419358550743306e-01 1.080499292200534e-03
6.771469585488793e-02 1.399389391495483e-01 1.070405047572863e-03
6.786156869459029e-02 1.398956664629934e-01 1.076483836293828e-03
6.800844144522995e-02 1.378904627390098e-01 1.064535278872644e-03
6.815531410661428e-02 1.402575472964795e-01 1.074284002270177e-03
6.830218667855054e-02 1.369024967866384e-01 1.065273124268194e-03
6.844905916084618e-02 1.367534995307725e-01 1.063648568676251e-03
6.859593155330840e-02 1.357971227280255e-01 1.057570587594903e-03
6.874280385574461e-02 1.359847834144107e-01 1.049739708923142e-03
6.888967606796213e-02 1.373105393464695e-01 1.063462174523405e-03
6.903654818976826e-02 1.364574323233727e-01 1.047017793262757e-03
6.918342022097036e-02 1.359487830855284e-01 1.046678178920941e-03
6.933029216137575e-02 1.331117343056724e-01 1.048551252093111e-03
6.947716401079176e-02 1.336740742897642e-01 1.034088183653998e-03
6.962403576902575e-02 1.320607805539157e-01 1.044353013351109e-03
6.977090743588503e-02 1.304696395503060e-01 1.029473873972208e-03
6.991777901117695e-02 1.320158225668423e-01 1.031795684333382e-03
7.006465049470884e-02 1.296918572502213e-01 1.027892427499774e-03
7.021152188628801e-02 1.259914988138666e-01 1.017865009184749e-03
7.035839318572186e-02 1.280562673075732e-01 1.024571072096383e-03
7.050526439281767e-02 1.290836359619381e-01 1.016044930176970e-03
7.065213550738278e-02 1.268664093720921e-01 1.013015775498544e-03
7.079900652922456e-02 1.261150374485777e-01 1.016991453727734e-03
7.094587745815036e-02 1.268103524321007e-01 1.005216917780421e-03
7.109274829396750e-02 1.274690648612573e-01 1.018361207958500e-03
7.123961903648333e-02 1.261826684497986e-01 9.986636756555798e-04
7.138648968550515e-02 1.236655959907447e-01 1.003732338385349e-03
7.153336024084035e-02 1.232259195981978e-01 1.006683567426443e-03
7.168023070229627e-02 1.244945438556453e-01 9.923772550672627e-04
7.182710106968025e-02 1.223289356699010e-01 1.000938480222171e-03
7.197397134279965e-02 1.218614838778238e-01 9.842777740520299e-04
7.212084152146177e-02 1.218005545278341e-01 9.930616870618132e-04
7.226771160547400e-02 1.210618732605514e-01 9.919602373328609e-04
7.241458159464363e-02 1.213989926572838e-01 9.857166219089557e-04
7.256145148877813e-02 1.196846332550300e-01 9.868223021392160e-04
7.270832128768472e-02 1.169187171500196e-01 9.730275849860674e-04
7.285519099117078e-02 1.178137346542562e-01 9.760297906461581e-04
7.300206059904372e-02 1.163357727537081e-01 9.721940075047985e-04
7.314893011111082e-02 1.173888763336960e-01 9.668949143245165e-04
7.329579952717949e-02 1.153680434723388e-01 9.679385878210364e-04
7.344266884705702e-02 1.157689843917716e-01 9.638573492970185e-04
7.358953807055085e-02 1.138313915406030e-01 9.623814445722789e-04
7.373640719746824e-02 1.141738904681844e-01 9.507027891262944e-04
7.388327622761658e-02 1.138126517159936e-01 9.536798125570869e-04
7.403014516080324e-02 1.142604605287191e-01 9.535476175348787e-04
7.417701399683559e-02 1.130346779545732e-01 9.546984026486001e-04
7.432388273552094e-02 1.119006369710424e-01 9.484848279149794e-04
7.447075137666670e-02 1.119967149635021e-01 9.353433939970090e-04
7.461761992008017e-02 1.121135504719128e-01 9.460854147557667e-04
7.476448836556873e-02 1.113611898152154e-01 9.303295326470598e-04
7.491135671293978e-02 1.120027763890098e-01 9.405322805633663e-04
7.505822496200062e-02 1.107967214157098e-01 9.291613247644247e-04
7.520509311255867e-02 1.112553043484274e-01 9.333165303191902e-04
7.535196116442125e-02 1.089892474042576e-01 9.326142180747374e-04
7.549882911739574e-02 1.086226955883172e-01 9.254739467933822e-04
7.564569697128951e-02 1.072182873747967e-01 9.252477841489664e-04
7.579256472590988e-02 1.049776184548360e-01 9.124620324289845e-04
7.593943238106428e-02 1.079390281409863e-01 9.221495009961474e-04
7.608629993656001e-02 1.079219975035074e-01 9.229165603147670e-04
7.623316739220451e-02 1.077938629016152e-01 9.104225207441085e-04
7.638003474780510e-02 1.066256595197297e-01 9.136488330330418e-04
7.652690200316913e-02 1.041039924541303e-01 9.139283860853032e-04
7.667376915810399e-02 1.050868683947858e-01 9.144471817360252e-04
7.682063621241707e-02 1.053561107835916e-01 9.158337686396261e-04
7.696750316591573e-02 1.029891518539151e-01 9.024043246309921e-04
7.711437001840733e-02 1.022829503947299e-01 9.076438861603882e-04
7.726123676969926e-02 1.034411236865892e-01 9.014506082259619e-04
7.740810341959885e-02 1.024027603612143e-01 9.010594058490014e-04
7.755496996791353e-02 1.009821594107217e-01 8.961834040910815e-04
7.770183641445062e-02 1.021293379486994e-01 9.002609768519327e-04
7.784870275901755e-02 1.017373578609202e-01 9.012564646078080e-04
7.799556900142161e-02 1.020103206189850e-01 8.940185033919334e-04
7.814243514147029e-02 1.009166022097488e-01 8.956207623912237e-04
7.828930117897089e-02 1.004370518705926e-01 8.898379251028807e-04
7.843616711373082e-02 9.876766988088977e-02 8.899669087399666e-04
7.858303294555745e-02 9.895069000137714e-02 8.878455820335338e-04
7.872989867425814e-02 1.006436339292858e-01 8.824179304503093e-04
7.887676429964030e-02 9.926130761064189e-02 8.808797874516988e-04
7.902362982151130e-02 9.774713108280869e-02 8.802864334306226e-04
7.917049523967849e-02 9.740759131488903e-02 8.825179707162423e-04
7.931736055394929e-02 9.644507173513991e-02 8.729854553767225e-04
7.946422576413109e-02 9.725162953974185e-02 8.754379880861616e-04
7.961109087003126e-02 9.433717456383423e-02 8.774920748133128e-04
7.975795587145719e-02 9.581753127756144e-02 8.683744753095857e-04
7.990482076821626e-02 9.617233847818940e-02 8.761185151839595e-04
8.005168556011584e-02 9.622687927680681e-02 8.708819683885860e-04
8.019855024696333e-02 9.384744280042233e-02 8.666636147307465e-04
8.034541482856614e-02 9.521042201195261e-02 8.716726558515392e-04
8.049227930473164e-02 9.375092947662449e-02 8.682452022478981e-04
8.063914367526719e-02 9.545247225392342e-02 8.674229056347587e-04
8.078600793998023e-02 9.382764724332229e-02 8.603858714837727e-04
8.093287209867814e-02 9.406959250866709e-02 8.634866876569332e-04
8.107973615116830e-02 9.401211601344173e-02 8.630787188874183e-04
8.122660009725811e-02 9.260313259330641e-02 8.472372483234654e-04
8.137346393675496e-02 9.264384485036564e-02 8.600387210410692e-04
8.152032766946624e-02 9.243213200374570e-02 8.538803328923323e-04
8.166719129519935e-02 9.275205630144599e-02 8.549561541247168e-04
8.181405481376169e-02 9.169638516311783e-02 8.490250746485744e-04
8.196091822496063e-02 9.189819943231313e-02 8.525341238357733e-04
8.210778152860361e-02 9.163520364240522e-02 8.581326551101675e-04
8.225464472449802e-02 9.011667538977208e-02 8.433002800431064e-04
8.240150781245126e-02 9.044117249111307e-02 8.490562257770004e-04
8.254837079227068e-02 8.994634357769193e-02 8.376170267829266e-04
8.269523366376372e-02 8.968934359286312e-02 8.489845110143961e-04
8.284209642673782e-02 8.812302470582137e-02 8.428997246015107e-04
8.298895908100032e-02 8.917886911177261e-02 8.448114899127075e-04
8.313582162635863e-02 9.015179032716476e-02 8.419994313273699e-04
8.328268406262020e-02 8.888461914356453e-02 8.339500883149724e-04
8.342954638959241e-02 8.889025375267626e-02 8.404995854699282e-04
8.357640860708263e-02 8.700360909397624e-02 8.346820349052652e-04
8.372327071489834e-02 8.827429652863301e-02 8.310809886626321e-04
8.387013271284686e-02 8.796264982208112e-02 8.369496022342174e-04
8.401699460073567e-02 8.804657666106112e-02 8.243492956646815e-04
8.416385637837218e-02 8.653986881689942e-02 8.285882353833728e-04
8.431071804556375e-02 8.553128919546189e-02 8.255191616960548e-04
8.445757960211780e-02 8.549683337311272e-02 8.247145126151686e-04
8.460444104784176e-02 8.663870514523227e-02 8.326216973309560e-04
8.475130238254304e-02 8.539855611795137e-02 8.204799065736233e-04
8.489816360602907e-02 8.553967300216579e-02 8.335498538366516e-04
8.504502471810724e-02 8.561400109078547e-02 8.189268289265668e-04
8.519188571858496e-02 8.477601162624925e-02 8.212135068769274e-04
8.533874660726967e-02 8.328503322079260e-02 8.166836468726366e-04
8.548560738396878e-02 8.469895826511718e-02 8.206900205017440e-04
8.563246804848969e-02 8.483830563692010e-02 8.179576964111740e-04
8.577932860063983e-02 8.239536358149516e-02 8.141125286817606e-04
8.592618904022660e-02 8.445597599473514e-02 8.147215640917452e-04
8.607304936705747e-02 8.354169646640629e-02 8.143398971105703e-04
8.621990958093982e-02 8.370936054175329e-02 8.075548698859014e-04
8.636676968168105e-02 8.312370391637568e-02 8.137910959779339e-04
8.651362966908867e-02 8.299102433526642e-02 8.117686081543753e-04
8.666048954297001e-02 8.304064636127367e-02 8.082319546818634e-04
8.680734930313255e-02 8.160815840618338e-02 8.051707553128552e-04
8.695420894938369e-02 8.228837203428989e-02 8.040609641588626e-04
8.710106848153085e-02 8.099197857388023e-02 8.073176116638084e-04
8.724792789938152e-02 8.326815956586230e-02 8.055317445949624e-04
8.739478720274303e-02 8.291942430832248e-02 8.067427470574334e-04
8.754164639142284e-02 8.204970024238599e-02 8.066490922776562e-04
8.768850546522844e-02 8.185714479466283e-02 8.017482630218919e-04
8.783536442396719e-02 8.123682462769119e-02 8.033220363787304e-04
8.798222326744658e-02 8.226069864870757e-02 8.046344283070409e-04
8.812908199547397e-02 8.115780140196520e-02 7.988013472256452e-04
8.827594060785686e-02 7.907733239875525e-02 7.991481516723675e-04
8.842279910440262e-02 7.991415868090400e-02 7.974590456895264e-04
8.856965748491875e-02 8.091107692550667e-02 7.971285336814944e-04
8.871651574921269e-02 8.043468150270049e-02 7.949858285518938e-04
8.886337389709180e-02 7.934701357417470e-02 7.953615917203953e-04
8.901023192836355e-02 7.960539975320011e-02 7.943747950540742e-04
8.915708984283539e-02 7.956913791541677e-02 7.945515479051925e-04
8.930394764031480e-02 7.886342156628653e-02 7.866961363548168e-04
8.945080532060913e-02 7.927815579263184e-02 7.963388702430007e-04
8.959766288352591e-02 7.999045787753886e-02 7.867147980085054e-04
8.974452032887251e-02 7.738854440445571e-02 7.852235689290519e-04
8.989137765645640e-02 7.866269345763058e-02 7.849186932245086e-04
9.003823486608507e-02 7.972085548996360e-02 7.835038178277164e-04
9.018509195756588e-02 7.748871536307686e-02 7.865795855750583e-04
9.033194893070630e-02 7.790507552597552e-02 7.781640561764419e-04
9.047880578531384e-02 7.715935227948724e-02 7.886216103845042e-04
9.062566252119587e-02 7.784012370595066e-02 7.791624802153963e-04
9.077251913815987e-02 7.682481513841437e-02 7.779378693502926e-04
9.091937563601328e-02 7.709979098951336e-02 7.836754695566897e-04
9.106623201456360e-02 7.680406812055991e-02 7.774961918675968e-04
9.121308827361818e-02 7.840185573590855e-02 7.802698276144878e-04
9.135994441298455e-02 7.718140306203032e-02 7.801707957927502e-04
9.150680043247014e-02 7.790233152618092e-02 7.749342370370851e-04
9.165365633188237e-02 7.593920933977573e-02 7.742373518116050e-04
9.180051211102878e-02 7.647206511260936e-02 7.704468408249870e-04
9.194736776971676e-02 7.672680587641062e-02 7.777026818976528e-04
9.209422330775377e-02 7.723356327581037e-02 7.788444125002367e-04
9.224107872494727e-02 7.616908244263558e-02 7.695248582207330e-04
9.238793402110473e-02 7.632516529395647e-02 7.719677009572235e-04
9.253478919603364e-02 7.699228568296759e-02 7.675530992402569e-04
9.268164424954135e-02 7.620953492401634e-02 7.726775854225794e-04
9.282849918143544e-02 7.590721821111977e-02 7.669075703451807e-04
9.297535399152332e-02 7.594067081787499e-02 7.688986679010860e-04
9.312220867961245e-02 7.480306707204608e-02 7.681481258076718e-04
9.326906324551029e-02 7.568441657464388e-02 7.638454471756541e-04
9.341591768902432e-02 7.426620811380651e-02 7.652329754202390e-04
9.356277200996202e-02 7.488753188693900e-02 7.663687057370875e-04
9.370962620813084e-02 7.601053593831136e-02 7.653764510569301e-04
9.385648028333822e-02 7.391808545306468e-02 7.656837866625118e-04
9.400333423539166e-02 7.611822288978159e-02 7.618592886229828e-04
9.415018806409861e-02 7.397139774983855e-02 7.628317832802748e-04
9.429704176926657e-02 7.310713317555226e-02 7.535727066677406e-04
9.444389535070297e-02 7.576021289174253e-02 7.605544900964439e-04
9.459074880821530e-02 7.481209127656194e-02 7.628793044724835e-04
9.473760214161106e-02 7.421431419852902e-02 7.599770277272581e-04
9.488445535069767e-02 7.357235709678002e-02 7.599073483374048e-04
9.503130843528265e-02 7.419161801101032e-02 7.559702985894457e-04
9.517816139517343e-02 7.311680514873754e-02 7.561436966872299e-04
9.532501423017756e-02 7.405017898957958e-02 7.530485454872351e-04
9.547186694010244e-02 7.305573818788064e-02 7.519256379442372e-04
9.561871952475558e-02 7.287917754974060e-02 7.529219112267098e-04
9.576557198394450e-02 7.458134861959390e-02 7.575950744170072e-04
9.591242431747660e-02 7.339785660134089e-02 7.547201421734019e-04
9.605927652515940e-02 7.293149755925055e-02 7.501374075126136e-04
9.620612860680040e-02 7.182717808170899e-02 7.430252515639594e-04
9.635298056220708e-02 7.243070317468479e-02 7.472354953243054e-04
9.649983239118688e-02 7.297207822545106e-02 7.534196222773054e-04
9.664668409354732e-02 7.238849483172752e-02 7.484418286165518e-04
9.679353566909588e-02 7.276860463730672e-02 7.461476588085827e-04
9.694038711764005e-02 7.144085600017845e-02 7.470660162420192e-04
9.708723843898734e-02 7.150445949437402e-02 7.426987454669958e-04
9.723408963294519e-02 7.276618050815592e-02 7.474978507471335e-04
9.738094069932111e-02 7.251850908476500e-02 7.477873755915706e-04
9.752779163792259e-02 7.177425225514186e-02 7.401601836583358e-04
9.767464244855714e-02 7.177670000259329e-02 7.450180956918559e-04
9.782149313103225e-02 7.045018006985820e-02 7.411565853654768e-04
9.796834368515536e-02 7.152281033160150e-02 7.430206186544726e-04
9.811519411073406e-02 7.049679387377740e-02 7.337133311384811e-04
9.826204440757576e-02 7.215815590429882e-02 7.425675600527758e-04
9.840889457548796e-02 7.111202226208936e-02 7.412424254969129e-04
9.855574461427828e-02 7.112324326960416e-02 7.359879167907814e-04
9.870259452375403e-02 7.005650077746556e-02 7.372920705603441e-04
9.884944430372282e-02 7.141733193460109e-02 7.348444396122585e-04
9.899629395399215e-02 6.989625091807294e-02 7.377710775341209e-04
9.914314347436951e-02 7.066901401999023e-02 7.387973173924127e-04
9.928999286466240e-02 6.990621772121333e-02 7.261480950386149e-04
9.943684212467831e-02 7.043790559900760e-02 7.395404738148741e-04
9.958369125422474e-02 7.044299265121888e-02 7.344679728594632e-04
9.973054025310922e-02 6.924660195171665e-02 7.328354761264378e-04
9.987738912113926e-02 7.084632340540234e-02 7.340423681164408e-04
1.000242378581224e-01 7.008793950847399e-02 7.302320750543962e-04
1.001710864638660e-01 6.975655270608652e-02 7.486048982702584e-04
1.003179349381778e-01 7.029559926741311e-02 7.530784683754067e-04
1.004647832808650e-01 7.015920719854307e-02 7.671322549334292e-04
1.006116314917355e-01 6.970165255215016e-02 7.637439544684476e-04
1.007584795705964e-01 6.823853759527689e-02 7.667907845327991e-04
1.009053275172555e-01 6.905632622742509e-02 7.814823795681561e-04
1.010521753315203e-01 6.904179535307543e-02 7.760216937592252e-04
1.011990230131982e-01 6.953001427362404e-02 7.804112054417339e-04
1.013458705620967e-01 6.878999409004523e-02 7.847789155641581e-04
1.014927179780235e-01 6.748582130259717e-02 7.882640485710102e-04
1.016395652607859e-01 6.820162136976565e-02 7.985906620532780e-04
1.017864124101916e-01 6.838637387180654e-02 7.838284214005675e-04
1.019332594260479e-01 6.942463489889132e-02 8.033667205335498e-04
1.020801063081626e-01 6.893931939964973e-02 7.983870092275199e-04
1.022269530563430e-01 6.709779104721533e-02 8.050725358432276e-04
1.023737996703967e-01 6.769398291173097e-02 8.033601330015168e-04
1.025206461501313e-01 6.658698426164890e-02 7.964956887796911e-04
1.026674924953542e-01 6.791409793738246e-02 8.130726280966560e-04
1.028143387058730e-01 6.629106298261515e-02 8.120216774364885e-04
1.029611847814952e-01 6.827678797780391e-02 7.953215483744675e-04
1.031080307220284e-01 6.840194718679823e-02 7.889606207623394e-04
1.032548765272800e-01 6.855217131773063e-02 7.862752836836193e-04
1.034017221970575e-01 6.620586604451996e-02 7.749640435091588e-04
1.035485677311687e-01 6.834426650854131e-02 7.717937638828201e-04
1.036954131294208e-01 6.637363415911521e-02 7.655202659864146e-04
1.038422583916216e-01 6.712518349672313e-02 7.682908616552262e-04
1.039891035175785e-01 6.839654153318063e-02 7.657432096399291e-04
1.041359485070990e-01 6.707871282029457e-02 7.641043271175157e-04
1.042827933599908e-01 6.685292594644680e-02 7.525887110978840e-04
1.044296380760613e-01 6.717605709549555e-02 7.579152094711615e-04
1.045764826551180e-01 6.676543447426853e-02 7.553652361841025e-04
1.047233270969686e-01 6.709090084720651e-02 7.547814648309580e-04
1.048701714014205e-01 6.547108081783515e-02 7.417212816772000e-04
1.050170155682814e-01 6.724494817682294e-02 7.541377902984753e-04
1.051638595973586e-01 6.610043550809876e-02 7.478226512344449e-04
1.053107034884598e-01 6.475784352715139e-02 7.404361519834859e-04
1.054575472413926e-01 6.504490770773327e-02 7.402422552770518e-04
1.056043908559644e-01 6.577977537564424e-02 7.389514543327773e-04
1.057512343319829e-01 6.640743824514177e-02 7.457885177365382e-04
1.058980776692555e-01 6.699713876243604e-02 7.396063462110879e-04
1.060449208675899e-01 6.541220759311650e-02 7.367943525054434e-04
1.061917639267934e-01 6.661470273666002e-02 7.349892131670324e-04
1.063386068466738e-01 6.528500607489825e-02 7.337398234431064e-04
1.064854496270386e-01 6.658235879826459e-02 7.398430966206055e-04
1.066322922676953e-01 6.568211011830227e-02 7.287055058748168e-04
1.067791347684515e-01 6.462865658683649e-02 7.295149127393255e-04
1.069259771291147e-01 6.569356282050742e-02 7.346116069058864e-04
1.070728193494925e-01 6.392951250297485e-02 7.245638361367243e-04
1.072196614293924e-01 6.438668472647099e-02 7.289772873202980e-04
1.073665033686221e-01 6.591513071990791e-02 7.242509238552487e-04
1.075133451669889e-01 6.425296722069143e-02 7.234712340603490e-04
1.076601868243007e-01 6.345996374086008e-02 7.263101467223404e-04
1.078070283403648e-01 6.491168323766711e-02 7.229175414151024e-04
1.079538697149888e-01 6.269964186720829e-02 7.183200524878443e-04
1.081007109479804e-01 6.404264807973264e-02 7.162006241118690e-04
1.082475520391470e-01 6.419932847504262e-02 7.257704558997822e-04
1.083943929882962e-01 6.425871921383441e-02 7.203343554504281e-04
1.085412337952357e-01 6.399578793151063e-02 7.113889476555202e-04
1.086880744597730e-01 6.359501307951729e-02 7.229069420516205e-04
1.088349149817155e-01 6.362315451398685e-02 7.079636941783531e-04
1.089817553608711e-01 6.312443313208541e-02 7.172832496338010e-04
1.091285955970470e-01 6.096816984516868e-02 7.058302533028785e-04
1.092754356900511e-01 6.290139197839055e-02 7.072829433774272e-04
1.094222756396908e-01 6.373700607581627e-02 7.139293243773289e-04
1.095691154457736e-01 6.333336500812002e-02 7.008805683869701e-04
1.097159551081073e-01 6.206520908843091e-02 7.023837542712192e-04
1.098627946264993e-01 6.170181180574667e-02 6.963628615395705e-04
1.100096340007572e-01 6.334004830348300e-02 7.051270601376310e-04
1.101564732306887e-01 6.250601666657121e-02 7.040558106358774e-04
1.103033123161012e-01 6.281816642921144e-02 6.986428378059488e-04
1.104501512568025e-01 6.168229882057334e-02 6.992957908126842e-04
1.105969900525999e-01 6.282558851894712e-02 6.911415226292478e-04
1.107438287033013e-01 6.204841457601290e-02 6.994471157379793e-04
1.108906672087140e-01 6.253641391345127e-02 6.989507887749628e-04
1.110375055686457e-01 6.401426002844712e-02 7.093522183356815e-04
1.111843437829041e-01 6.203061635718604e-02 7.165263124125333e-04
1.113311818512966e-01 6.217720952518200e-02 7.183082023453024e-04
1.114780197736309e-01 6.168125493526115e-02 7.296254486173797e-04
1.116248575497145e-01 6.106728252191629e-02 7.283434970181344e-04
1.117716951793551e-01 6.041793989918720e-02 7.310502258454806e-04
1.119185326623603e-01 6.069229746369924e-02 7.415304385188059e-04
1.120653699985375e-01 6.070467972180709e-02 7.362195618380083e-04
1.122122071876945e-01 6.080324734620866e-02 7.452959377797974e-04
1.123590442296388e-01 6.037465532135938e-02 7.410384764901378e-04
1.125058811241781e-01 5.924193582316724e-02 7.511006193621436e-04
1.126527178711198e-01 6.072563260024415e-02 7.553441078435365e-04
1.127995544702717e-01 6.076073334592075e-02 7.519422829243256e-04
1.129463909214413e-01 5.817697722240876e-02 7.468007045604499e-04
1.130932272244362e-01 6.027017806482542e-02 7.443721289233635e-04
1.132400633790640e-01 5.943856461781317e-02 7.456876326470439e-04
1.133868993851323e-01 6.122341557551621e-02 7.465197195225667e-04
1.135337352424488e-01 5.966088394486112e-02 7.522508622101304e-04
1.136805709508210e-01 5.784646225115785e-02 7.513257819590994e-04
1.138274065100565e-01 5.948220550508701e-02 7.452705214619315e-04
1.139742419199631e-01 5.892471127794276e-02 7.494373740475497e-04
1.141210771803480e-01 6.027272804090045e-02 7.519372746161493e-04
1.142679122910192e-01 5.728011990300746e-02 7.482324098699056e-04
1.144147472517842e-01 5.829703367706317e-02 7.525854875740680e-04
1.145615820624505e-01 5.953830633875640e-02 7.507811589097505e-04
1.147084167228259e-01 5.926211301112028e-02 7.580148542375727e-04
1.148552512327178e-01 5.816934409360514e-02 7.463683934959364e-04
1.150020855919340e-01 5.853259872028692e-02 7.508529703369141e-04
1.151489198002821e-01 5.708952778456414e-02 7.536731632765780e-04
1.152957538575695e-01 5.689234464397679e-02 7.486079628204092e-04
1.154425877636041e-01 5.821210668427532e-02 7.573036207607263e-04
1.155894215181933e-01 5.876013395930588e-02 7.468248165337376e-04
1.157362551211449e-01 5.825311490070380e-02 7.581967728145034e-04
1.158830885722664e-01 5.721286501493586e-02 7.582569947925909e-04
1.160299218713654e-01 5.694657438456536e-02 7.552954513118113e-04
1.161767550182498e-01 5.645748507676732e-02 7.583471681192134e-04
1.163235880127268e-01 5.676562184923716e-02 7.472229803023965e-04
1.164704208546044e-01 5.628587365086108e-02 7.566024432922006e-04
1.166172535436900e-01 5.706414942043915e-02 7.560700356983817e-04
1.167640860797913e-01 5.677564985291543e-02 7.514441675485448e-04
1.169109184627159e-01 5.704273803637553e-02 7.563468904942715e-04
1.170577506922715e-01 5.549612021303554e-02 7.527444660196923e-04
1.172045827682657e-01 5.612976244670470e-02 7.575991747765539e-04
1.173514146905061e-01 5.564045917102559e-02 7.505820007583734e-04
1.174982464588003e-01 5.610750953703064e-02 7.519235773266036e-04
1.176450780729561e-01 5.463445441765093e-02 7.555737779419200e-04
1.177919095327811e-01 5.454733123702749e-02 7.559227473968568e-04
1.179387408380827e-01 5.468576185525814e-02 7.527218774570508e-04
1.180855719886688e-01 5.440367867284064e-02 7.514496731315129e-04
1.182324029843469e-01 5.509034272997815e-02 7.608127323721951e-04
1.183792338249248e-01 5.470976629066039e-02 7.565380891757739e-04
1.185260645102099e-01 5.363981441031051e-02 7.502953853899497e-04
1.186728950400101e-01 5.473415362110311e-02 7.503462980414452e-04
1.188197254141328e-01 5.456727447645178e-02 7.565974040437669e-04
1.189665556323859e-01 5.391387993345190e-02 7.628802979950737e-04
1.191133856945769e-01 5.393816336112958e-02 7.520843926443622e-04
1.192602156005134e-01 5.306492227454594e-02 7.525575411300453e-04
1.194070453500032e-01 5.351996853254978e-02 7.516563294491502e-04
1.195538749428538e-01 5.479751155059728e-02 7.568296289316370e-04
1.197007043788729e-01 5.279376870075879e-02 7.576874828375763e-04
1.198475336578682e-01 5.424579838317203e-02 7.502073552139810e-04
1.199943627796474e-01 5.429842877568552e-02 7.632689885919137e-04
1.201411917440180e-01 5.381803307329337e-02 7.528868694910596e-04
1.202880205507879e-01 5.323079342062332e-02 7.565450460626712e-04
1.204348491997644e-01 5.288843931436557e-02 7.532726938456256e-04
1.205816776907555e-01 5.207246373714552e-02 7.500225816844446e-04
1.207285060235687e-01 5.287425969201751e-02 7.603115938700242e-04
1.208753341980116e-01 5.383619677543698e-02 7.588362810216704e-04
1.210221622138920e-01 5.302373115752097e-02 7.534951429259238e-04
1.211689900710175e-01 5.181077303996051e-02 7.451364741193106e-04
1.213158177691958e-01 5.213876866924005e-02 7.542805410872707e-04
1.214626453082345e-01 5.149370048740848e-02 7.577798731235120e-04
1.216094726879414e-01 5.081791399238883e-02 7.463767071916445e-04
1.217562999081240e-01 5.226207355209634e-02 7.540162348385455e-04
1.219031269685900e-01 5.081178122533082e-02 7.494562307171355e-04
1.220499538691473e-01 5.104403719815196e-02 7.544217639465278e-04
1.221967806096032e-01 5.120975455864700e-02 7.549663277914773e-04
1.223436071897657e-01 5.119424512142669e-02 7.415124909804058e-04
1.224904336094423e-01 5.171023726272213e-02 7.594013430126081e-04
1.226372598684407e-01 4.977679469042034e-02 7.495991146576019e-04
1.227840859665686e-01 4.907165344603797e-02 7.536335244311439e-04
1.229309119036337e-01 5.110675573974058e-02 7.507034190381379e-04
1.230777376794436e-01 5.001443310793374e-02 7.450296130017309e-04
1.232245632938061e-01 5.026176919023529e-02 7.589819435991875e-04
1.233713887465287e-01 4.979113163333314e-02 7.393470284637179e-04
1.235182140374194e-01 5.016301739162678e-02 7.546375027318783e-04
1.236650391662856e-01 5.001818896106833e-02 7.512844691862918e-04
1.238118641329350e-01 4.799541013939203e-02 7.446595919510766e-04
1.239586889371753e-01 4.904063227829505e-02 7.567428432211814e-04
1.241055135788144e-01 4.777999038816753e-02 7.437775923527172e-04
1.242523380576598e-01 4.858697017168723e-02 7.512051319170603e-04
1.243991623735193e-01 4.840664607747312e-02 7.449262945783932e-04
1.245459865262004e-01 4.917905348768951e-02 7.505259077123049e-04
1.246928105155109e-01 4.803390471537267e-02 7.478564818901006e-04
1.248396343412586e-01 4.742310817104418e-02 7.418081485756141e-04
1.249864580032510e-01 4.847021991222168e-02 7.482077330743404e-04
1.251332815012960e-01 4.796683032645474e-02 7.476916715168063e-04
1.252801048352011e-01 4.724986211275289e-02 7.468190095941104e-04
1.254269280047742e-01 4.729191868591334e-02 7.475607215550558e-04
1.255737510098228e-01 4.804788429889866e-02 7.478230816879273e-04
1.257205738501548e-01 4.781415256117882e-02 7.532294026149764e-04
1.258673965255777e-01 4.805712307470878e-02 7.492829575331295e-04
1.260142190358993e-01 4.577127112187467e-02 7.431661599416659e-04
1.261610413809274e-01 4.626865573303699e-02 7.462749222213188e-04
1.263078635604696e-01 4.792947865098597e-02 7.438627240696727e-04
1.264546855743336e-01 4.671516275179359e-02 7.501002780324917e-04
1.266015074223272e-01 4.642364265125084e-02 7.357011903261437e-04
1.267483291042580e-01 4.709178356945323e-02 7.436507722003942e-04
1.268951506199338e-01 4.564091725457708e-02 7.331788402841588e-04
1.270419719691622e-01 4.656168721235149e-02 7.435323233009630e-04
1.271887931517510e-01 4.541455824829035e-02 7.312489445268815e-04
1.273356141675080e-01 4.556382743229854e-02 7.364330577749497e-04
1.274824350162407e-01 4.595449516506082e-02 7.358811396130715e-04
1.276292556977570e-01 4.586311563291045e-02 7.354796567939292e-04
1.277760762118645e-01 4.369628995696563e-02 7.353727382361512e-04
1.279228965583711e-01 4.446535088233983e-02 7.288032589134791e-04
1.280697167370843e-01 4.434215660600811e-02 7.350748115008692e-04
1.282165367478119e-01 4.492744875057868e-02 7.387691611209358e-04
1.283633565903617e-01 4.532285610306458e-02 7.275352399262766e-04
1.285101762645414e-01 4.360840682458438e-02 7.314641449225205e-04
1.286569957701586e-01 4.344954233585054e-02 7.234897720151529e-04
1.288038151070212e-01 4.472165658325983e-02 7.324850350454427e-04
1.289506342749369e-01 4.456821987881534e-02 7.327557684084903e-04
1.290974532737133e-01 4.425461423852344e-02 7.286072838405014e-04
1.292442721031583e-01 4.497592832067803e-02 7.367247226921799e-04
1.293910907630794e-01 4.369013049271597e-02 7.271629570103486e-04
1.295379092532846e-01 4.289104151516547e-02 7.284634392774046e-04
1.296847275735815e-01 4.257761152514077e-02 7.264936583071123e-04
1.298315457237779e-01 4.317969121658793e-02 7.287131972576103e-04
1.299783637036815e-01 4.324705201270760e-02 7.383541607493372e-04
1.301251815131000e-01 4.343507023774620e-02 7.243805836383785e-04
1.302719991518412e-01 4.282923903586259e-02 7.306246628940762e-04
1.304188166197129e-01 4.178366382689735e-02 7.236793467780788e-04
1.305656339165226e-01 4.165895979593383e-02 7.328571109420672e-04
1.307124510420783e-01 4.296043002162123e-02 7.304973708439861e-04
1.308592679961877e-01 4.286094685367836e-02 7.313687400493510e-04
1.310060847786584e-01 4.229937594184869e-02 7.263297366738426e-04
1.311529013892983e-01 4.110919683393230e-02 7.244431196344896e-04
1.312997178279152e-01 4.226489496331199e-02 7.313243370343243e-04
1.314465340943166e-01 4.095942762811148e-02 7.225399418673731e-04
1.315933501883105e-01 4.165268439373913e-02 7.190846997095680e-04
1.317401661097045e-01 4.143307481055589e-02 7.252538214185417e-04
1.318869818583065e-01 3.970838930311850e-02 7.216584821000690e-04
1.320337974339242e-01 4.037918678415525e-02 7.270055344950941e-04
1.321806128363652e-01 3.987629175022099e-02 7.201470964794391e-04
1.323274280654375e-01 3.979290564958100e-02 7.220645223014355e-04
1.324742431209487e-01 4.011128661066884e-02 7.296234746905230e-04
1.326210580027065e-01 4.086471272408063e-02 7.197716637277601e-04
1.327678727105190e-01 4.047552495338003e-02 7.245329720785456e-04
1.329146872441935e-01 4.116241050847872e-02 7.239657340890185e-04
1.330615016035382e-01 3.966490305506707e-02 7.199138409782219e-04
1.332083157883606e-01 3.998167867995408e-02 7.189888749763775e-04
1.333551297984685e-01 3.799854208787675e-02 7.158423273303569e-04
1.335019436336697e-01 3.918527591282956e-02 7.230864108676960e-04
1.336487572937721e-01 3.780046180258701e-02 7.147186968799525e-04
1.337955707785833e-01 3.843255844792045e-02 7.259173735785108e-04
1.339423840879111e-01 3.796726559908771e-02 7.213038260716058e-04
1.340891972215633e-01 3.953166301048221e-02 7.180569516479795e-04
1.342360101793477e-01 3.955437598928837e-02 7.205249682696374e-04
1.343828229610720e-01 3.919093291535676e-02 7.113891521316152e-04
1.345296355665440e-01 3.844712586118551e-02 7.219809414888292e-04
1.346764479955716e-01 3.873971825978048e-02 7.164249380938013e-04
1.348232602479625e-01 3.878905704367002e-02 7.226428143095047e-04
1.349700723235245e-01 3.803534738604075e-02 7.177585343457150e-04
1.351168842220653e-01 3.814036331309416e-02 7.120278429420577e-04
1.352636959433928e-01 3.753491182722767e-02 7.153926041408678e-04
1.354105074873147e-01 3.699991256700840e-02 7.037912008923550e-04
1.355573188536388e-01 3.790722229703834e-02 7.220817434859483e-04
1.357041300421729e-01 3.832584010202930e-02 7.185504284091061e-04
1.358509410527249e-01 3.706405699881388e-02 7.181459170751411e-04
1.359977518851024e-01 3.602039831827957e-02 7.163506077657729e-04
1.361445625391133e-01 3.673137353927517e-02 7.068749758227113e-04
1.362913730145654e-01 3.679681658665307e-02 7.132790526741139e-04
1.364381833112665e-01 3.815447844895602e-02 7.133311948967634e-04
1.365849934290243e-01 3.678093962932866e-02 7.128631751682290e-04
1.367318033676468e-01 3.605127655937275e-02 7.190199070191859e-04
1.368786131269416e-01 3.599935271847956e-02 7.069839015973842e-04
1.370254227067166e-01 3.640529602495199e-02 7.123812022696189e-04
1.371722321067795e-01 3.655554421012253e-02 7.074853484359682e-04
1.373190413269383e-01 3.605192808860504e-02 7.104000145911235e-04
1.374658503670007e-01 3.522631032969955e-02 7.126277227135299e-04
1.376126592267744e-01 3.547560232095177e-02 7.096121549810013e-04
1.377594679060673e-01 3.460127816464526e-02 7.166081896227793e-04
1.379062764046873e-01 3.579452916649317e-02 7.058752212972908e-04
1.380530847224421e-01 3.549928207025550e-02 7.146897086853053e-04
1.381998928591395e-01 3.426049594541880e-02 7.136226993715068e-04
1.383467008145873e-01 3.501472194457356e-02 7.077035533832940e-04
1.384935085885935e-01 3.553849605359671e-02 7.151635720827292e-04
1.386403161809657e-01 3.558942671747852e-02 7.035083425641698e-04
1.387871235915119e-01 3.500116904711269e-02 7.103141203116859e-04
1.389339308200397e-01 3.456791843430038e-02 7.094506128005261e-04
1.390807378663571e-01 3.424708246060884e-02 7.039432175662127e-04
1.392275447302719e-01 3.364127817205246e-02 7.075474180744821e-04
1.393743514115918e-01 3.432532301318677e-02 7.038001612452481e-04
1.395211579101248e-01 3.340504805624556e-02 7.111321927015016e-04
1.396679642256785e-01 3.246155373326921e-02 7.041332490547876e-04
1.398147703580609e-01 3.417747604101560e-02 7.058862672797348e-04
1.399615763070799e-01 3.305048002869113e-02 7.059004366296278e-04
1.401083820725432e-01 3.225423230987811e-02 7.063023812565956e-04
1.402551876542587e-01 3.220377325559629e-02 7.075832790567557e-04
1.404019930520340e-01 3.250028871821056e-02 7.037594812294778e-04
1.405487982656773e-01 3.194333957078518e-02 7.067139563429037e-04
1.406956032949962e-01 3.234781630438925e-02 7.257001901623610e-04
1.408424081397986e-01 3.260040980161961e-02 7.427164620610837e-04
1.409892127998923e-01 3.260172078383937e-02 7.501478908273532e-04
1.411360172750852e-01 3.287185869178955e-02 7.648456278020379e-04
1.412828215651852e-01 3.160999316939065e-02 7.680943282923756e-04
1.414296256699999e-01 3.287401767886920e-02 7.693457031769893e-04
1.415764295893374e-01 3.213073010122750e-02 7.832697686022215e-04
1.417232333230055e-01 3.297093434790340e-02 7.862071053521445e-04
1.418700368708119e-01 3.241695244195664e-02 8.014899144417025e-04
1.420168402325645e-01 3.052892406712060e-02 8.055822922065129e-04
1.421636434080713e-01 3.108578060984788e-02 8.002449271528166e-04
1.423104463971400e-01 3.036154218851264e-02 8.177550243997827e-04
1.424572491995785e-01 3.192236932554725e-02 8.263023703032533e-04
1.426040518151946e-01 3.059412292614647e-02 8.362838223309587e-04
1.427508542437963e-01 3.184703304433055e-02 8.307918311863312e-04
1.428976564851913e-01 3.096263456532765e-02 8.423009171064923e-04
1.430444585391876e-01 3.076973878877841e-02 8.478385403797997e-04
1.431912604055929e-01 3.024432492062267e-02 8.534958607565978e-04
1.433380620842152e-01 3.056527105841566e-02 8.539688133230767e-04
1.434848635748623e-01 2.958671924342917e-02 8.528291090998868e-04
1.436316648773420e-01 2.951865164615847e-02 8.607984063189931e-04
1.437784659914622e-01 3.078116790330193e-02 8.807134301031930e-04
1.439252669170309e-01 2.972482079919577e-02 8.909764686124649e-04
1.440720676538558e-01 3.006339182526808e-02 8.728870760693134e-04
1.442188682017449e-01 2.878750810228822e-02 8.856393020400851e-04
1.443656685605060e-01 2.832028650142746e-02 8.943300802494102e-04
1.445124687299469e-01 2.925431140256995e-02 9.138806532301847e-04
1.446592687098756e-01 2.865938509529974e-02 9.001855304236156e-04
1.448060685000999e-01 2.722003089217214e-02 9.166810580426427e-04
1.449528681004278e-01 3.070211010670807e-02 9.212746766321771e-04
1.450996675106670e-01 3.023747701191754e-02 9.303598551628155e-04
1.452464667306255e-01 2.943636269268017e-02 9.212269721522412e-04
1.453932657601112e-01 2.794335152750196e-02 9.285793246225454e-04
1.455400645989318e-01 2.841637096485657e-02 9.425572225572051e-04
1.456868632468954e-01 2.697408931278384e-02 9.307150040689962e-04
1.458336617038097e-01 2.895299589927736e-02 9.494594369609266e-04
1.459804599694828e-01 2.798203425354075e-02 9.432370889174484e-04
1.461272580437224e-01 2.842151666441446e-02 9.690416814331868e-04
1.462740559263364e-01 2.760133825738550e-02 9.644914810307505e-04
1.464208536171328e-01 2.666363741762632e-02 9.740948365010908e-04
1.465676511159195e-01 2.809820682722818e-02 9.822668103918197e-04
1.467144484225043e-01 2.795209084798182e-02 9.789096463268334e-04
1.468612455366952e-01 2.832083232308914e-02 9.890063369501463e-04
1.470080424582999e-01 2.742553128243312e-02 9.991917990202969e-04
1.471548391871265e-01 2.696042360121488e-02 9.758093808629194e-04
1.473016357229828e-01 2.800217784708032e-02 1.016669907770569e-03
1.474484320656767e-01 2.597651787440331e-02 9.884271565167215e-04
1.475952282150162e-01 2.651077072898216e-02 1.004777637801601e-03
1.477420241708091e-01 2.562456454433906e-02 9.951813642916324e-04
1.478888199328633e-01 2.556132676484401e-02 1.001524306325225e-03
1.480356155009868e-01 2.817463702313959e-02 1.026986005245319e-03
1.481824108749874e-01 2.512903435223090e-02 9.956989135803292e-04
1.483292060546731e-01 2.675953017295477e-02 1.032185995676126e-03
1.484760010398518e-01 2.645090117820208e-02 1.002342136969779e-03
1.486227958303313e-01 2.651169815578970e-02 1.037228462626041e-03
1.487695904259196e-01 2.546341765950052e-02 1.040193628861076e-03
1.489163848264247e-01 2.451567069354621e-02 9.978504456633751e-04
1.490631790316544e-01 2.381807690763068e-02 1.038702614823012e-03
1.492099730414167e-01 2.411608518629643e-02 1.059181255727931e-03
1.493567668555194e-01 2.484743377129664e-02 1.048146598311630e-03
1.495035604737705e-01 2.584623649461733e-02 1.049479716995372e-03
1.496503538959780e-01 2.496238790515861e-02 1.017152180157809e-03
1.497971471219496e-01 2.457327965940065e-02 1.047846267278835e-03
1.499439401514935e-01 2.596173588705281e-02 1.026844471829418e-03
1.500907329844174e-01 2.420030689908963e-02 1.051189547947157e-03
1.502375256205293e-01 2.331533584877796e-02 1.022879290917984e-03
1.503843180596373e-01 2.434755185614374e-02 1.036402346063100e-03
1.505311103015491e-01 2.592916863227529e-02 1.076030409697254e-03
1.506779023460727e-01 2.363825305592962e-02 1.025314053403070e-03
1.508246941930161e-01 2.510365583557215e-02 1.058006986448013e-03
1.509714858421872e-01 2.315389685935200e-02 1.029692324928015e-03
1.511182772933938e-01 2.615559510088724e-02 1.053553372948770e-03
1.512650685464441e-01 2.310983651315766e-02 1.061449189668043e-03
1.514118596011459e-01 2.265190785254582e-02 1.032567495130920e-03
1.515586504573071e-01 2.471381552228582e-02 1.062618795096736e-03
1.517054411147357e-01 2.322076038519513e-02 1.044432031210179e-03
1.518522315732397e-01 2.427601279321035e-02 1.068281538621859e-03
1.519990218326269e-01 2.213524992357145e-02 1.055220805688796e-03
1.521458118927054e-01 2.387733526686108e-02 1.049492750363853e-03
1.522926017532831e-01 2.400630711106074e-02 1.084931716145864e-03
1.524393914141679e-01 2.265503177508386e-02 1.054094246878746e-03
1.525861808751677e-01 2.274859913768951e-02 1.085515893706262e-03
1.527329701360906e-01 2.443369731699508e-02 1.080993386511139e-03
1.528797591967446e-01 2.355560008145964e-02 1.072297903994420e-03
1.530265480569374e-01 2.283415237763963e-02 1.106450022486156e-03
1.531733367164773e-01 2.482813564219174e-02 1.058356358610697e-03
1.533201251751719e-01 2.378880852170566e-02 1.103493677771429e-03
1.534669134328294e-01 2.136992252356955e-02 1.061770446124976e-03
1.536137014892578e-01 2.177977914479041e-02 1.097873752832714e-03
1.537604893442648e-01 2.278524486620749e-02 1.113504756182369e-03
1.539072769976586e-01 2.320798478982293e-02 1.096004405430498e-03
1.540540644492471e-01 2.179498889292834e-02 1.118427203211151e-03
1.542008516988383e-01 2.189440918542249e-02 1.099144832319358e-03
1.543476387462401e-01 2.002758570969806e-02 1.118458500425351e-03
1.544944255912605e-01 2.198392110520546e-02 1.111521541325991e-03
1.546412122337075e-01 2.051539328424778e-02 1.109070895423212e-03
1.547879986733890e-01 2.222416756561774e-02 1.123627500701676e-03
1.549347849101131e-01 2.194601169099612e-02 1.118054646563200e-03
1.550815709436878e-01 2.376638312408161e-02 1.141744323505174e-03
1.552283567739209e-01 2.087235792058688e-02 1.117467367694466e-03
1.553751424006205e-01 2.047548442897282e-02 1.130194517790815e-03
1.555219278235946e-01 2.348528959066147e-02 1.158626553586096e-03
1.556687130426511e-01 2.303650893024949e-02 1.151780352983935e-03
1.558154980575980e-01 1.995877098935297e-02 1.140833413584746e-03
1.559622828682433e-01 2.302646835555889e-02 1.153212718404962e-03
1.561090674743951e-01 2.233515417083936e-02 1.165181389705952e-03
1.562558518758612e-01 1.913979460978849e-02 1.138154600929687e-03
1.564026360724498e-01 2.078642595970664e-02 1.166168615299910e-03
1.565494200639687e-01 2.171927655490468e-02 1.150954945061892e-03
1.566962038502260e-01 2.141939636271887e-02 1.167525497116793e-03
1.568429874310297e-01 2.203553123110523e-02 1.186867055948602e-03
1.569897708061878e-01 2.138501287035730e-02 1.184711475272579e-03
1.571365539755082e-01 1.855815044688418e-02 1.164006858349031e-03
1.572833369387990e-01 2.052779672854069e-02 1.179828217350311e-03
1.574301196958682e-01 2.023853073254497e-02 1.164179975024364e-03
1.575769022465238e-01 2.155380227491731e-02 1.207375432748592e-03
1.577236845905738e-01 2.026641736597888e-02 1.155499223642840e-03
1.578704667278262e-01 2.082096219065285e-02 1.202240713473648e-03
1.580172486580890e-01 2.148998776576373e-02 1.207432645143628e-03
1.581640303811701e-01 2.019282006887720e-02 1.191171584958653e-03
1.583108118968778e-01 2.008901527062426e-02 1.212521856960481e-03
1.584575932050198e-01 1.807803408460802e-02 1.200606803017466e-03
1.586043743054044e-01 1.859824557140878e-02 1.230367095053165e-03
1.587511551978395e-01 1.851886980905132e-02 1.226849451053042e-03
1.588979358821330e-01 1.803178006269339e-02 1.211998325909988e-03
1.590447163580930e-01 1.939865178012187e-02 1.232342557241524e-03
1.591914966255276e-01 1.812172599255005e-02 1.221954571334503e-03
1.593382766842448e-01 2.008677618272879e-02 1.243263561667165e-03
1.594850565340525e-01 1.871638236843811e-02 1.241474466106241e-03
1.596318361747588e-01 1.621354992043699e-02 1.213913960587695e-03
1.597786156061718e-01 1.748572764417997e-02 1.253804449108868e-03
1.599253948280995e-01 1.670497057769429e-02 1.230747094837791e-03
1.600721738403499e-01 1.852796948018073e-02 1.273537200458303e-03
1.602189526427309e-01 1.668960920027126e-02 1.249574114323574e-03
1.603657312350509e-01 1.734713194935522e-02 1.285417965683387e-03
1.605125096171175e-01 1.757868802381293e-02 1.260890762338456e-03
1.606592877887390e-01 1.930942784655565e-02 1.280850120704610e-03
1.608060657497234e-01 1.933205980851641e-02 1.307305069714464e-03
1.609528434998787e-01 1.738060040035857e-02 1.282404694892930e-03
1.610996210390131e-01 1.888000138457984e-02 1.294289567930513e-03
1.612463983669344e-01 1.624768217408819e-02 1.292008395514330e-03
1.613931754834508e-01 1.701213864691534e-02 1.289306301806581e-03
1.615399523883702e-01 1.752538528328113e-02 1.318117462240634e-03
1.616867290815008e-01 1.740826551805230e-02 1.302406313247415e-03
1.618335055626506e-01 1.679589204309402e-02 1.325875275597420e-03
1.619802818316277e-01 1.691874256094211e-02 1.325368905820757e-03
1.621270578882401e-01 1.782413150006162e-02 1.328609281561784e-03
1.622738337322958e-01 1.696578652424497e-02 1.328492534425034e-03
1.624206093636030e-01 1.600041343371125e-02 1.319174966666522e-03
1.625673847819697e-01 1.517992026948044e-02 1.345874234887496e-03
1.627141599872038e-01 1.702453998121903e-02 1.353829868263269e-03
1.628609349791136e-01 1.333590314594971e-02 1.347488780754805e-03
1.630077097575070e-01 1.728128555107161e-02 1.363840592974574e-03
1.631544843221922e-01 1.563182520735011e-02 1.322389590959176e-03
1.633012586729772e-01 1.752275441273763e-02 1.378428273562051e-03
1.634480328096700e-01 1.556865282218823e-02 1.378905811827640e-03
1.635948067320787e-01 1.416536777281230e-02 1.360728058974138e-03
1.637415804400115e-01 1.779903629893631e-02 1.384439291305014e-03
1.638883539332764e-01 1.521131514595446e-02 1.391960505035678e-03
1.640351272116813e-01 1.743176172780257e-02 1.414022267683158e-03
1.641819002750345e-01 1.247501128246353e-02 1.395624172801074e-03
1.643286731231440e-01 1.496689334195391e-02 1.402536152133696e-03
1.644754457558179e-01 1.708488238555219e-02 1.421109531102465e-03
1.646222181728642e-01 1.486724949421690e-02 1.415431533284847e-03
1.647689903740911e-01 1.655579341106476e-02 1.441565899128398e-03
1.649157623593066e-01 1.339732527554715e-02 1.481663990346383e-03
1.650625341283188e-01 1.507427985355025e-02 1.430994061821443e-03
1.652093056809359e-01 1.773616591419095e-02 1.467718602571343e-03
1.653560770169658e-01 1.426895917073014e-02 1.479395562122788e-03
1.655028481362167e-01 1.587805355970466e-02 1.490400421587811e-03
1.656496190384967e-01 1.554481509318167e-02 1.488268248970730e-03
1.657963897236138e-01 1.575328394882551e-02 1.492895498637376e-03
1.659431601913762e-01 1.366367055927880e-02 1.461166822626642e-03
1.660899304415920e-01 1.457634578122923e-02 1.497550568170740e-03
1.662367004740692e-01 1.625551671642094e-02 1.549978422798338e-03
1.663834702886159e-01 1.452197033073167e-02 1.525521944413617e-03
1.665302398850404e-01 1.602800324893810e-02 1.552537533443547e-03
1.666770092631506e-01 1.511762370725704e-02 1.549161392109786e-03
1.668237784227546e-01 1.451544052038009e-02 1.547237633389473e-03
1.669705473636607e-01 1.604322041500409e-02 1.553465803261106e-03
1.671173160856769e-01 1.418997095686960e-02 1.564627198752965e-03
1.672640845886112e-01 1.731905601860600e-02 1.589135566693846e-03
1.674108528722718e-01 1.562799324940914e-02 1.585158302467111e-03
1.675576209364669e-01 1.348287042104842e-02 1.631236522307609e-03
1.677043887810044e-01 1.353895113094933e-02 1.561064213664397e-03
1.678511564056927e-01 1.180776680696406e-02 1.606007562212112e-03
1.679979238103397e-01 1.196837716404722e-02 1.653835568320433e-03
1.681446909947535e-01 1.350754959770400e-02 1.621698106744740e-03
1.682914579587425e-01 1.356537474597567e-02 1.665934186988680e-03
1.684382247021145e-01 1.513840224515007e-02 1.648080688628680e-03
1.685849912246778e-01 1.301323814182898e-02 1.656039586031279e-03
1.687317575262405e-01 1.256404191454376e-02 1.689277215946295e-03
1.688785236066107e-01 1.316300721892247e-02 1.708725923992107e-03
1.690252894655966e-01 1.304542467475129e-02 1.713162579527493e-03
1.691720551030063e-01 1.182838919431470e-02 1.683554792232275e-03
1.693188205186478e-01 1.190444935828031e-02 1.729510991677910e-03
1.694655857123294e-01 1.505518083576405e-02 1.763158904607872e-03
1.696123506838591e-01 8.643682207824993e-03 1.734914077868562e-03
1.697591154330453e-01 1.736326107332179e-02 1.823530004962026e-03
1.699058799596958e-01 1.385946356724143e-02 1.798641632382906e-03
1.700526442636189e-01 1.380499012107589e-02 1.827173877921825e-03
1.701994083446229e-01 1.753902709182725e-02 1.811870993823711e-03
1.703461722025157e-01 1.218978929915785e-02 1.872689624380912e-03
1.704929358371055e-01 1.343509114375469e-02 1.798375372841809e-03
1.706396992482005e-01 1.171227790569512e-02 1.839327184664082e-03
1.707864624356089e-01 1.416440303754924e-02 1.881712865080687e-03
1.709332253991387e-01 1.410685541573784e-02 1.891506853139330e-03
1.710799881385982e-01 1.383223220106729e-02 1.948664849998330e-03
1.712267506537955e-01 1.140644290218208e-02 1.957935392408181e-03
1.713735129445388e-01 1.199125600982298e-02 1.952464996057871e-03
1.715202750106361e-01 1.305736776146708e-02 1.997478913065720e-03
1.716670368518958e-01 1.124217091148834e-02 1.972830689769647e-03
1.718137984681258e-01 1.341228521842314e-02 2.032712656313835e-03
1.719605598591345e-01 1.429783724527985e-02 2.021070016534309e-03
1.721073210247299e-01 1.373982766047180e-02 2.007230013050089e-03
1.722540819647203e-01 1.267215966460180e-02 2.092140460869617e-03
1.724008426789137e-01 1.037576532834921e-02 2.091345058420140e-03
1.725476031671185e-01 1.236751366818191e-02 2.079818919457938e-03
1.726943634291426e-01 1.028876812611568e-02 2.210461813600133e-03
1.728411234647944e-01 9.348866981340988e-03 2.176235481839857e-03
1.729878832738820e-01 1.547804643600458e-02 2.159693470489830e-03
1.731346428562135e-01 1.107691657368012e-02 2.255487948803553e-03
1.732814022115972e-01 1.131706644589484e-02 2.197830091423378e-03
1.734281613398412e-01 8.909012944470397e-03 2.264078735227956e-03
1.735749202407538e-01 1.137955040481738e-02 2.303677943209040e-03
1.737216789141430e-01 1.123044575443026e-02 2.341231636720004e-03
1.738684373598171e-01 1.273092815633543e-02 2.373425855138211e-03
1.740151955775843e-01 1.307661340132148e-02 2.368010044425480e-03
1.741619535672527e-01 9.142697271851758e-03 2.414714704173098e-03
1.743087113286306e-01 9.529023602276525e-03 2.491658493478037e-03
1.744554688615261e-01 1.255594871936948e-02 2.512663965370592e-03
1.746022261657475e-01 9.009016109336620e-03 2.526034632534169e-03
1.747489832411029e-01 8.701276415991135e-03 2.579564465777268e-03
1.748957400874005e-01 9.322029477647095e-03 2.572688324446016e-03
1.750424967044485e-01 1.293084682383899e-02 2.687050430380798e-03
1.751892530920552e-01 9.594974248343399e-03 2.827159001069046e-03
1.753360092500287e-01 1.520863421391065e-02 2.921564214249502e-03
1.754827651781772e-01 1.357197803933563e-02 2.829026514322105e-03
1.756295208763090e-01 1.368473756870214e-02 2.840593056414666e-03
1.757762763442323e-01 9.083817989828701e-03 2.883003049996141e-03
1.759230315817552e-01 1.409404991690208e-02 3.132081185063755e-03
1.760697865886859e-01 1.401589033959443e-02 3.260528220946518e-03
1.762165413648328e-01 1.440669030610265e-02 3.103170869690636e-03
1.763632959100039e-01 1.018928550019113e-02 3.230221974146153e-03
1.765100502240076e-01 1.171495419568377e-02 3.374137401574787e-03
1.766568043066521e-01 1.381898460697386e-02 3.596910363801585e-03
1.768035581577454e-01 3.954089139629901e-03 3.450466304857520e-03
1.769503117770959e-01 1.732241325148427e-03 3.567573002059938e-03
1.770970651645119e-01 1.003102018383597e-02 3.665254590724625e-03
1.772438183198014e-01 1.411149364486724e-02 3.842970705539492e-03
1.773905712427729e-01 9.553239597405965e-03 4.193317101128066e-03
1.775373239332344e-01 1.106001846566006e-02 4.025365910803044e-03
1.776840763909942e-01 8.965459134407348e-03 4.553043356947254e-03
1.778308286158606e-01 1.578516332502891e-02 5.016638630579853e-03
1.779775806076418e-01 3.239636774025578e-03 4.953971910083557e-03
1.781243323661459e-01 1.123949626518030e-02 5.434935725768399e-03
1.782710838911813e-01 1.070920508161131e-02 6.087512288864250e-03
1.784178351825563e-01 9.583882448984945e-04 6.472819522755837e-03
1.785645862400790e-01 6.953087178209733e-03 8.140039262166596e-03
1.787113370635576e-01 2.394674098022747e-02 9.065447431925474e-03
1.788580876528005e-01 -1.385195402792680e-02 9.933791690484750e-03
1.790048380076158e-01 3.486084544417494e-02 1.527984430570666e-02
