<X> <Y> <dY>
8.813602216919226e-04 -4.079596190462586e+01 2.740130301944891e+00
1.028253589049351e-03 -4.194528566998802e+01 1.492956143804213e+00
1.175146955056984e-03 -1.846353024874293e+01 1.134928109007270e+00
1.322040319521992e-03 -1.471640346070804e+01 6.964035861572458e-01
1.468933682251548e-03 -1.154388458734142e+01 5.051400750360747e-01
1.615827043052824e-03 -7.477323391388027e+00 3.561352793984955e-01
1.762720401732992e-03 -4.872450332655776e+00 3.085998150948382e-01
1.909613758099223e-03 -4.561192373901346e+00 2.645065758832655e-01
2.056507111958691e-03 -3.200651295300583e+00 2.229526817593728e-01
2.203400463118568e-03 -2.294618579355564e+00 1.958905012282110e-01
2.350293811386024e-03 -2.156173175844623e+00 1.643227787162516e-01
2.497187156568232e-03 -1.614409800076904e+00 1.477593826097569e-01
2.644080498472365e-03 -1.162562029121091e+00 1.291282158174649e-01
2.790973836905595e-03 -9.252309847403211e-01 1.137013384838303e-01
2.937867171675094e-03 -8.044849558991125e-01 1.050610324207190e-01
3.084760502588034e-03 -6.402124860593400e-01 9.310458938020155e-02
3.231653829451588e-03 -4.865804302381445e-01 8.518036929029742e-02
3.378547152072927e-03 -4.797207602158408e-01 7.805637070302700e-02
3.525440470259224e-03 -4.262532997634861e-01 7.040600776994559e-02
3.672333783817651e-03 -3.922883947944011e-01 6.565596151261369e-02
3.819227092555382e-03 -3.800235806374676e-01 5.913190417804532e-02
3.966120396279587e-03 -1.948226047059183e-01 5.648009647528900e-02
4.113013694797441e-03 -2.596554461421466e-01 5.103361148516656e-02
4.259906987916115e-03 -1.134064881939797e-01 4.727052441840432e-02
4.406800275442781e-03 -2.099886864965506e-01 4.465426082984799e-02
4.553693557184614e-03 -1.596246948253424e-01 4.126046727487474e-02
4.700586832948783e-03 -1.660351681232893e-01 3.861432306240109e-02
4.847480102542463e-03 -9.197696824138284e-02 3.594467144640429e-02
4.994373365772829e-03 -1.030538607535091e-01 3.400105218813333e-02
5.141266622447048e-03 -4.812765976530330e-02 3.198063009414006e-02
5.288159872372297e-03 -5.466799422468682e-02 2.960691802666942e-02
5.435053115355749e-03 -5.879776947023341e-02 2.823963717616023e-02
5.581946351204576e-03 -5.360790950277722e-02 2.661525934132697e-02
5.728839579725948e-03 -4.791315352727703e-02 2.484229651826705e-02
5.875732800727044e-03 -4.720587910534919e-02 2.371405169538224e-02
6.022626014015034e-03 -8.633157351762573e-02 2.245974000428199e-02
6.169519219397089e-03 -2.872312734044630e-02 2.131448207477607e-02
6.316412416680385e-03 -7.410208238397603e-02 2.036404715982248e-02
6.463305605672094e-03 -4.766214161474912e-02 1.909693540029948e-02
6.610198786179393e-03 -2.958664233954432e-02 1.814737895557135e-02
6.757091958009447e-03 -4.309567804190465e-02 1.722143518168670e-02
6.903985120969439e-03 -3.638798207203115e-02 1.644864617802531e-02
7.050878274866538e-03 -5.894277702319985e-02 1.580337084988202e-02
7.197771419507919e-03 -2.990104991712511e-02 1.481809981135038e-02
7.344664554700750e-03 -2.496004343729358e-02 1.426636472060200e-02
7.491557680252214e-03 -1.317741398655986e-02 1.377311122364077e-02
7.638450795969478e-03 -8.709925923679390e-03 1.304283731703787e-02
7.785343901659718e-03 -1.151746613551410e-02 1.256471701354411e-02
7.932236997130110e-03 -2.738978130515926e-02 1.189875184013575e-02
8.079130082187821e-03 -1.136937430342486e-02 1.154109023781560e-02
8.226023156640037e-03 -1.361543003201832e-02 1.108306626959089e-02
8.372916220293923e-03 -2.718509468514327e-03 1.049545581489779e-02
8.519809272956652e-03 -9.403280031334964e-03 1.016095141175969e-02
8.666702314435403e-03 -2.377785827346142e-02 9.765293119632331e-03
8.813595344537354e-03 -4.090098913102708e-03 9.440441682440771e-03
8.960488363069672e-03 -1.168008898996866e-02 9.083652264382715e-03
9.107381369839535e-03 -1.173565471758979e-02 8.619545171320350e-03
9.254274364654119e-03 -2.588587240381936e-02 8.411087719782707e-03
9.401167347320593e-03 -4.214511292181784e-03 8.069602317448679e-03
9.548060317646137e-03 -1.493997070360631e-02 7.862955769594662e-03
9.694953275437929e-03 -1.110937127963634e-02 7.580529929201166e-03
9.841846220503138e-03 -1.946258327811611e-02 7.236796684010998e-03
9.988739152648940e-03 -2.904114399940464e-03 7.105004396791948e-03
1.013563207168251e-02 -1.223796472742565e-02 6.783229604692916e-03
1.028252497741103e-02 3.402093946184533e-03 6.544102859180794e-03
1.042941786964167e-02 -9.009509934831817e-03 6.359009698726704e-03
1.057631074818160e-02 -1.112063747404852e-02 6.168641719250091e-03
1.072320361283801e-02 -7.106748248587166e-04 6.048398983065445e-03
1.087009646341806e-02 -1.024868999628880e-02 5.709341614382970e-03
1.101698929972894e-02 -8.134068631137591e-03 5.579470825185869e-03
1.116388212157781e-02 -6.439094073367515e-03 5.449296114381741e-03
1.131077492877186e-02 -8.922624260070134e-03 5.278896801349518e-03
1.145766772111827e-02 -3.073855306553349e-03 5.158855349626528e-03
1.160456049842420e-02 -2.969105631391552e-03 4.959338217511589e-03
1.175145326049683e-02 -4.682266278729788e-03 4.829644746828468e-03
1.189834600714335e-02 2.133664840419355e-03 4.693344927817977e-03
1.204523873817092e-02 -8.266371994342410e-03 4.567782126908884e-03
1.219213145338673e-02 -7.479825626677832e-03 4.417693760841344e-03
1.233902415259795e-02 -3.360671481919092e-03 4.325970589382708e-03
1.248591683561175e-02 -7.982506471407056e-03 4.218718213727378e-03
1.263280950223533e-02 -8.904117061752773e-03 4.113284544392162e-03
1.277970215227585e-02 -3.827325543302691e-03 3.930848357225639e-03
1.292659478554047e-02 -6.622524766356474e-03 3.867983115661607e-03
1.307348740183641e-02 -2.942460861513685e-03 3.794929886256219e-03
1.322038000097082e-02 -1.209277705454819e-03 3.677759546326363e-03
1.336727258275089e-02 -9.580569019185229e-03 3.574263328454607e-03
1.351416514698378e-02 -1.031105387629201e-02 3.498885694723996e-03
1.366105769347668e-02 -5.695492110315834e-03 3.414316707408215e-03
1.380795022203677e-02 -6.048459560816959e-03 3.349209085743674e-03
1.395484273247122e-02 3.268175735433876e-03 3.240956865146354e-03
1.410173522458722e-02 -5.229822291153042e-03 3.171498065653033e-03
1.424862769819194e-02 -1.858741628889084e-03 3.111577467317803e-03
1.439552015309257e-02 -7.985625388633164e-03 3.035116299192107e-03
1.454241258909627e-02 -5.895140729807563e-03 2.971799003374982e-03
1.468930500601023e-02 -3.089845473342386e-03 2.874344268945995e-03
1.483619740364163e-02 -5.037387793410893e-04 2.817398469669322e-03
1.498308978179765e-02 9.197502332918716e-04 2.786782612429548e-03
1.512998214028546e-02 -6.181787830048407e-04 2.702708898935916e-03
1.527687447891225e-02 -1.930657883057638e-03 2.649668324936827e-03
1.542376679748520e-02 -2.700571075780061e-03 2.598354379219931e-03
1.557065909581149e-02 2.944803781114455e-04 2.548079739130198e-03
1.571755137369829e-02 1.169766152007717e-03 2.494298957966889e-03
1.586444363095279e-02 -3.252595567159564e-03 2.427368396782156e-03
1.601133586738216e-02 -1.659654136263986e-03 2.399139586248529e-03
1.615822808279360e-02 -1.839946069727089e-03 2.348129790851335e-03
1.630512027699426e-02 -8.719208129737592e-04 2.298904167453911e-03
1.645201244979136e-02 2.264590065460093e-03 2.244590776612076e-03
1.659890460099205e-02 2.488892377636589e-03 2.197760497029716e-03
1.674579673040351e-02 -7.388346087860761e-04 2.179904731388461e-03
1.689268883783294e-02 6.432275937422894e-04 2.131877283001324e-03
1.703958092308753e-02 -1.508489980321638e-03 2.095400425969793e-03
1.718647298597442e-02 1.511793437728919e-03 2.024707331366357e-03
1.733336502630083e-02 -6.060154111862429e-04 2.001763421726696e-03
1.748025704387393e-02 2.547425218943828e-03 1.990975202482391e-03
1.762714903850091e-02 2.285001237272665e-03 1.940253638494140e-03
1.777404100998893e-02 -9.919338927417201e-04 1.914567387115299e-03
1.792093295814520e-02 2.029009858338910e-03 1.871590140937901e-03
1.806782488277687e-02 -8.061200975849144e-04 1.853810668462597e-03
1.821471678369116e-02 3.198058523662607e-03 1.823653401890342e-03
1.836160866069522e-02 -4.010138932659821e-04 1.770875914235558e-03
1.850850051359626e-02 -2.268075138432829e-04 1.798956994104094e-03
1.865539234220144e-02 6.254954367628224e-04 1.776337378993929e-03
1.880228414631796e-02 2.237076556510196e-03 1.745919760872959e-03
1.894917592575301e-02 8.512347823242277e-04 1.748098789212214e-03
1.909606768031375e-02 2.827920900137951e-03 1.726330993932460e-03
1.924295940980738e-02 -2.149778503508956e-03 1.735127301921541e-03
1.938985111404109e-02 1.453122642368556e-03 1.729721236188249e-03
1.953674279282204e-02 -6.514308520265332e-04 1.738829200545277e-03
1.968363444595744e-02 1.806569272605948e-03 1.725487659762012e-03
1.983052607325447e-02 3.131475819195091e-03 1.710364492638811e-03
1.997741767452030e-02 1.290654637088716e-03 1.715913867470205e-03
2.012430924956213e-02 -1.130298381711763e-03 1.702766917636801e-03
2.027120079818715e-02 2.556524023904242e-03 1.675374224829743e-03
2.041809232020253e-02 3.888841503785027e-04 1.679364555228352e-03
2.056498381541546e-02 1.693913623028624e-03 1.673424336094242e-03
2.071187528363314e-02 1.800508222257024e-03 1.641442996074613e-03
2.085876672466273e-02 9.423703579130273e-04 1.636211329999975e-03
2.100565813831145e-02 1.612720786387199e-03 1.635289701282430e-03
2.115254952438645e-02 2.971162771993264e-03 1.614444652605840e-03
2.129944088269494e-02 -2.162278599020325e-03 1.605054956484187e-03
2.144633221304411e-02 1.367690966862288e-04 1.595431235914262e-03
2.159322351524114e-02 1.055121016658603e-03 1.593379267409589e-03
2.174011478909322e-02 1.470910417881404e-03 1.574414794787646e-03
2.188700603440753e-02 4.598686353692078e-03 1.564986308936642e-03
2.203389725099126e-02 2.030017299867552e-03 1.531013589632075e-03
2.218078843865161e-02 1.908243704100986e-03 1.495955315054670e-03
2.232767959719575e-02 1.261090283479866e-04 1.477971978318848e-03
2.247457072643089e-02 4.729917007806111e-03 1.455858416515595e-03
2.262146182616420e-02 4.133181148377740e-03 1.426826779772292e-03
2.276835289620287e-02 5.741347741721700e-03 1.408509205269155e-03
2.291524393635411e-02 3.727238653071593e-03 1.387306573476374e-03
2.306213494642509e-02 5.043482667401784e-03 1.394932468496594e-03
2.320902592622301e-02 4.949070670912692e-03 1.354923725261312e-03
2.335591687555505e-02 2.485168116465183e-03 1.350973940882261e-03
2.350280779422841e-02 2.842903416915228e-03 1.329346107205766e-03
2.364969868205026e-02 5.438542571132419e-03 1.311647708270002e-03
2.379658953882782e-02 2.369087852725418e-03 1.308191915733220e-03
2.394348036436827e-02 4.581264063836524e-03 1.292934848984024e-03
2.409037115847880e-02 6.346394081052874e-03 1.286594479200259e-03
2.423726192096658e-02 3.403448632911090e-03 1.264819275133875e-03
2.438415265163884e-02 4.614857261441273e-03 1.239975454708022e-03
2.453104335030275e-02 4.845867446354718e-03 1.250481238824447e-03
2.467793401676551e-02 4.504689440611821e-03 1.225596754754506e-03
2.482482465083430e-02 5.913386444169145e-03 1.225455836830498e-03
2.497171525231632e-02 3.860622551194927e-03 1.208005421967998e-03
2.511860582101877e-02 6.443955025525430e-03 1.201607837483116e-03
2.526549635674884e-02 4.977983876412006e-03 1.176010043679089e-03
2.541238685931370e-02 4.545726441677033e-03 1.166280133833768e-03
2.555927732852058e-02 6.664370859181688e-03 1.164658926611295e-03
2.570616776417666e-02 5.889308316335744e-03 1.158179801535870e-03
2.585305816608912e-02 5.650533032145256e-03 1.145081845398889e-03
2.599994853406517e-02 5.072575142537590e-03 1.134171478611288e-03
2.614683886791200e-02 6.524712037544649e-03 1.128817490346279e-03
2.629372916743681e-02 5.587266028349660e-03 1.117807044071790e-03
2.644061943244679e-02 7.173476220425564e-03 1.111188871540048e-03
2.658750966274912e-02 6.558671510938415e-03 1.095494398627602e-03
2.673439985815102e-02 3.661509212116634e-03 1.102585329558510e-03
2.688129001845969e-02 7.616952775595659e-03 1.081318235676681e-03
2.702818014348229e-02 6.938495710111391e-03 1.077872421230887e-03
2.717507023302605e-02 7.303879328065807e-03 1.068353325600477e-03
2.732196028689816e-02 5.488416953188129e-03 1.061092932862717e-03
2.746885030490582e-02 6.416161307014182e-03 1.055129206932725e-03
2.761574028685621e-02 6.049132737474024e-03 1.049623947756286e-03
2.776263023255653e-02 6.931042056280355e-03 1.035093489063641e-03
2.790952014181400e-02 7.429463276842070e-03 1.027899333061328e-03
2.805641001443581e-02 6.878817791580305e-03 1.023152071767712e-03
2.820329985022913e-02 7.045813741399049e-03 1.029824480776508e-03
2.835018964900120e-02 6.624476217863544e-03 1.004994809737890e-03
2.849707941055920e-02 7.085727930730595e-03 9.993777865774428e-04
2.864396913471031e-02 5.279088660722327e-03 1.001387728854996e-03
2.879085882126178e-02 8.539597553808394e-03 9.908867526906067e-04
2.893774847002075e-02 8.615382622463112e-03 9.827906126029238e-04
2.908463808079444e-02 7.777059441965180e-03 9.785063675955520e-04
2.923152765339008e-02 7.656622971921873e-03 9.723486121596269e-04
2.937841718761485e-02 8.828637072031228e-03 9.630751640454194e-04
2.952530668327594e-02 7.470962702927655e-03 9.671372492627850e-04
2.967219614018056e-02 7.506720255502893e-03 9.593116706247529e-04
2.981908555813591e-02 8.416373276749481e-03 9.578422728364289e-04
2.996597493694921e-02 7.921847395268534e-03 9.450173973517737e-04
3.011286427642763e-02 9.257264730301857e-03 9.361077796111412e-04
3.025975357637840e-02 8.533100798347673e-03 9.260713744156610e-04
3.040664283660871e-02 8.306039830994316e-03 9.286874156587172e-04
3.055353205692574e-02 8.642868775451203e-03 9.288531083748373e-04
3.070042123713675e-02 8.417767852850097e-03 9.186066627956776e-04
3.084731037704891e-02 8.403974632306731e-03 9.104029540564762e-04
3.099419947646940e-02 7.617906051886646e-03 9.063933257730227e-04
3.114108853520547e-02 8.474608978653621e-03 9.047055219171171e-04
3.128797755306430e-02 9.619557270877684e-03 9.004997467278572e-04
3.143486652985308e-02 8.465046745996184e-03 8.764766727559241e-04
3.158175546537905e-02 9.237798115844383e-03 8.955124446601710e-04
3.172864435944940e-02 7.093772890799366e-03 8.883044235585814e-04
3.187553321187133e-02 9.256586556353126e-03 8.747315108217697e-04
3.202242202245206e-02 9.845121654357405e-03 8.743266241358969e-04
3.216931079099877e-02 7.544553920694481e-03 8.640361816481703e-04
3.231619951731869e-02 9.483048151155681e-03 8.740459612792986e-04
3.246308820121902e-02 9.512122683660999e-03 8.661561447357568e-04
3.260997684250697e-02 1.057366544693107e-02 8.560187142658693e-04
3.275686544098974e-02 8.233197011740030e-03 8.520518381329164e-04
3.290375399647455e-02 9.358987628103990e-03 8.425848634435047e-04
3.305064250876859e-02 8.782375135280476e-03 8.526000324630876e-04
3.319753097767910e-02 1.031445684494923e-02 8.447869411711978e-04
3.334441940301325e-02 7.254020219793845e-03 8.339591798051646e-04
3.349130778457828e-02 8.517063396006117e-03 8.364110630196748e-04
3.363819612218139e-02 9.127136000187250e-03 8.349853002462130e-04
3.378508441562977e-02 9.442306298401397e-03 8.255201340522148e-04
3.393197266473066e-02 8.680070655700822e-03 8.176529324750308e-04
3.407886086929125e-02 9.457877798628936e-03 8.189449732559462e-04
3.422574902911878e-02 9.358226073770607e-03 8.193477873457907e-04
3.437263714402042e-02 1.018276227554780e-02 8.157910417138450e-04
3.451952521380341e-02 9.573523936903023e-03 8.087221113901739e-04
3.466641323827495e-02 9.855989314881696e-03 8.152689316655970e-04
3.481330121724226e-02 1.168198021737530e-02 8.332969478291493e-04
3.496018915051253e-02 9.781448798224089e-03 8.413294350388870e-04
3.510707703789302e-02 7.744006663920159e-03 8.301042138982482e-04
3.525396487919091e-02 1.014331797546379e-02 8.338367353134190e-04
3.540085267421340e-02 1.054865932108180e-02 8.243809826066971e-04
3.554774042276775e-02 9.620572400785525e-03 8.209209274224700e-04
3.569462812466112e-02 9.415777234500855e-03 8.033867691137469e-04
3.584151577970077e-02 9.968875625059524e-03 8.026150112346878e-04
3.598840338769389e-02 9.264757351133118e-03 8.000909899779907e-04
3.613529094844770e-02 1.069474849204865e-02 7.921497245059241e-04
3.628217846176941e-02 9.930352989661306e-03 7.947172397726474e-04
3.642906592746626e-02 7.962456031580840e-03 7.816113360049879e-04
3.657595334534545e-02 9.616608369384282e-03 7.865516788874548e-04
3.672284071521419e-02 1.019027389688359e-02 7.854288975296644e-04
3.686972803687972e-02 8.363088809465036e-03 7.761746608130351e-04
3.701661531014922e-02 9.315125933288879e-03 7.677235849675968e-04
3.716350253482994e-02 9.448295001151543e-03 7.697902215259846e-04
3.731038971072909e-02 9.049505569943671e-03 7.673132937862477e-04
3.745727683765387e-02 9.924959236187553e-03 8.007292932875778e-04
3.760416391541153e-02 8.413425942789409e-03 7.873393975865849e-04
3.775105094380928e-02 9.380108645030071e-03 7.514751712719759e-04
3.789793792265433e-02 9.897062687962990e-03 7.578365296548363e-04
3.804482485175390e-02 9.420952632346023e-03 7.470336080029746e-04
3.819171173091522e-02 9.981955661759998e-03 7.421679705166532e-04
3.833859855994550e-02 8.796476926305049e-03 7.434198731021142e-04
3.848548533865198e-02 9.462896348350489e-03 7.368821727746569e-04
3.863237206684186e-02 1.137342968362093e-02 7.411410763408452e-04
3.877925874432238e-02 8.261949370459312e-03 7.379458123423302e-04
3.892614537090076e-02 9.608449634439699e-03 7.286678529401496e-04
3.907303194638420e-02 8.058254141540690e-03 7.368758205814647e-04
3.921991847057994e-02 9.108318213156524e-03 7.215273852658859e-04
3.936680494329520e-02 8.361284021393283e-03 7.249651753560279e-04
3.951369136433722e-02 9.203165145881063e-03 7.222168493703627e-04
3.966057773351322e-02 9.456810183954726e-03 7.146737698876716e-04
3.980746405063040e-02 8.958684669704661e-03 7.171438802503415e-04
3.995435031549600e-02 8.335758561527436e-03 7.034748502886156e-04
4.010123652791726e-02 8.415675026535960e-03 7.033959772308679e-04
4.024812268770137e-02 8.228028361181050e-03 7.032393134984875e-04
4.039500879465560e-02 8.379933691076598e-03 7.002583480130800e-04
4.054189484858715e-02 8.874463463196623e-03 6.981309100507692e-04
4.068878084930326e-02 9.028953653495445e-03 6.941659382939297e-04
4.083566679661114e-02 9.116640260827433e-03 6.982665631793349e-04
4.098255269031803e-02 7.341056144252090e-03 6.939972018748173e-04
4.112943853023117e-02 9.374641741637836e-03 7.037802738896142e-04
4.127632431615776e-02 9.215813832344689e-03 7.143030122017332e-04
4.142321004790505e-02 8.663797547205225e-03 7.124349152643444e-04
4.157009572528026e-02 9.048346678679828e-03 7.206276121868619e-04
4.171698134809063e-02 8.199546498751866e-03 7.278659678901207e-04
4.186386691614337e-02 7.765382312301223e-03 7.218340063863241e-04
4.201075242924574e-02 7.825800354698988e-03 7.272707725047244e-04
4.215763788720495e-02 8.839263231268994e-03 7.221764328599606e-04
4.230452328982824e-02 8.285049296400148e-03 7.288807724968883e-04
4.245140863692285e-02 9.510781720922875e-03 7.307197094389468e-04
4.259829392829599e-02 7.148797873074176e-03 7.209123729947760e-04
4.274517916375490e-02 8.823528423318600e-03 7.267574314543151e-04
4.289206434310684e-02 7.634122386065355e-03 7.225049311526885e-04
4.303894946615900e-02 7.317537097225007e-03 7.263348178152846e-04
4.318583453271865e-02 9.305913502397383e-03 7.259814118792134e-04
4.333271954259301e-02 8.784500107854440e-03 7.319835720570709e-04
4.347960449558931e-02 9.656606835384284e-03 7.235218942956441e-04
4.362648939151479e-02 8.694633816940616e-03 7.243889020140482e-04
4.377337423017669e-02 7.915666694001424e-03 7.251005045311253e-04
4.392025901138226e-02 8.092098599953112e-03 7.259407814716522e-04
4.406714373493869e-02 8.477221356714202e-03 7.263221465117318e-04
4.421402840065326e-02 8.891714196124919e-03 7.227744098387743e-04
4.436091300833320e-02 9.054949661643269e-03 7.267297709539833e-04
4.450779755778574e-02 8.755565439564465e-03 7.203792622457796e-04
4.465468204881811e-02 9.651048751854810e-03 7.265425634312379e-04
4.480156648123757e-02 9.038342939739725e-03 7.305048424126936e-04
4.494845085485134e-02 7.385199441521948e-03 7.197429183096272e-04
4.509533516946668e-02 8.015939356661866e-03 7.268807664878491e-04
4.524221942489082e-02 8.460875059301879e-03 7.271670512445438e-04
4.538910362093100e-02 7.909657173231275e-03 7.216706283573771e-04
4.553598775739446e-02 8.195629661075472e-03 7.242949840342414e-04
4.568287183408844e-02 8.050947350202949e-03 7.201948575036398e-04
4.582975585082019e-02 8.575771925342144e-03 7.171297685537030e-04
4.597663980739693e-02 7.295873557479232e-03 7.168514709234985e-04
4.612352370362593e-02 9.169724799118597e-03 7.102332457453071e-04
4.627040753931443e-02 8.501728245292915e-03 7.109779859785214e-04
4.641729131426967e-02 8.212781026590992e-03 7.012476048299368e-04
4.656417502829888e-02 8.923114994715861e-03 7.134953227721295e-04
4.671105868120932e-02 7.866717415326957e-03 7.076663867902006e-04
4.685794227280822e-02 7.509060547449378e-03 7.055020185272203e-04
4.700482580290285e-02 8.637322158075351e-03 7.002499495999681e-04
4.715170927130044e-02 8.379646910501765e-03 6.985459079386146e-04
4.729859267780824e-02 9.185474647359415e-03 7.021837859340942e-04
4.744547602223349e-02 8.055938549135101e-03 7.043711247198867e-04
4.759235930438345e-02 7.844212154199661e-03 7.018347435850838e-04
4.773924252406536e-02 8.364977942369380e-03 6.965130836355788e-04
4.788612568108647e-02 8.496843714148718e-03 7.000301522622202e-04
4.803300877525407e-02 8.310445856047946e-03 6.989974840122217e-04
4.817989180637530e-02 7.524542101904237e-03 6.978189306947458e-04
4.832677477425752e-02 7.119702291871388e-03 6.928799699845449e-04
4.847365767870793e-02 7.813942289594479e-03 6.914214310250702e-04
4.862054051953379e-02 8.369216264059209e-03 6.943524684213218e-04
4.876742329654236e-02 6.921132677705439e-03 6.901238042157698e-04
4.891430600954088e-02 8.952848326853034e-03 6.914582884306186e-04
4.906118865833660e-02 7.043585610447466e-03 6.874953059651153e-04
4.920807124273676e-02 8.427848067011834e-03 6.885106638873064e-04
4.935495376254866e-02 7.925238524241875e-03 6.861244198770239e-04
4.950183621757952e-02 7.121441336731419e-03 6.807738424331189e-04
4.964871860763660e-02 7.605860180893785e-03 6.901173413825597e-04
4.979560093252714e-02 8.249627288517825e-03 6.840243802391263e-04
4.994248319205841e-02 6.966991317652280e-03 6.804676160462727e-04
5.008936538603768e-02 6.408484132324106e-03 6.812665619168686e-04
5.023624751427219e-02 7.493894544009694e-03 6.807959775433910e-04
5.038312957656918e-02 7.287121176224221e-03 6.865528216278905e-04
5.053001157273595e-02 7.089556031416223e-03 6.783497906003593e-04
5.067689350257971e-02 7.288896262449117e-03 6.812884349814368e-04
5.082377536590776e-02 8.529468966363852e-03 6.796692356069848e-04
5.097065716252732e-02 7.991157377657208e-03 6.759904614738917e-04
5.111753889224568e-02 7.774654299619015e-03 6.777958599120488e-04
5.126442055487009e-02 6.875574154408366e-03 6.766922140676439e-04
5.141130215020779e-02 7.458926039354927e-03 6.710250133591373e-04
5.155818367806608e-02 7.169993653121361e-03 6.765612183855813e-04
5.170506513825220e-02 7.258863935441949e-03 6.699962804559186e-04
5.185194653057341e-02 7.921173024902171e-03 6.742801017107596e-04
5.199882785483697e-02 7.616082642865819e-03 6.701643432117573e-04
5.214570911085015e-02 7.105537484411669e-03 6.702936971238223e-04
5.229259029842022e-02 6.978985158369633e-03 6.716414881536168e-04
5.243947141735442e-02 7.648413577212310e-03 6.704712742688214e-04
5.258635246746002e-02 6.555836388971246e-03 6.685672870678408e-04
5.273323344854430e-02 6.304949118252096e-03 6.639902941889143e-04
5.288011436041453e-02 7.832711681076649e-03 6.760063982269542e-04
5.302699520287798e-02 7.712337280301243e-03 6.641324461488089e-04
5.317387597574186e-02 7.738351849991521e-03 6.680858153117059e-04
5.332075667881350e-02 7.402362208079425e-03 6.647083409037749e-04
5.346763731190016e-02 8.195794560988380e-03 6.605862148519506e-04
5.361451787480907e-02 6.960665158679543e-03 6.665430992331097e-04
5.376139836734754e-02 8.489253513327829e-03 6.592216923272555e-04
5.390827878932278e-02 8.422075445907989e-03 6.597217095252861e-04
5.405515914054214e-02 7.651479871367514e-03 6.579197451593303e-04
5.420203942081284e-02 7.605345440400766e-03 6.549934200216726e-04
5.434891962994216e-02 7.309163526617334e-03 6.675051928050881e-04
5.449579976773735e-02 7.716749704826079e-03 6.432242285465014e-04
5.464267983400574e-02 7.776866802233206e-03 6.614706050270646e-04
5.478955982855453e-02 8.226370608709926e-03 6.590017426633780e-04
5.493643975119106e-02 6.841749071134673e-03 6.534719022775670e-04
5.508331960172257e-02 8.441446136184434e-03 6.545811971347008e-04
5.523019937995633e-02 7.388415901157487e-03 6.484612680156627e-04
5.537707908569962e-02 7.710509062301078e-03 6.623460820366658e-04
5.552395871875969e-02 7.116135823316374e-03 6.569659091318388e-04
5.567083827894388e-02 7.692099061681275e-03 6.540334130782651e-04
5.581771776605941e-02 7.570446148030588e-03 6.531552016347810e-04
5.596459717991355e-02 6.753374761090760e-03 6.511567456749320e-04
5.611147652031365e-02 7.136861217113712e-03 6.528255249169314e-04
5.625835578706691e-02 7.353809422571298e-03 6.581027290559259e-04
5.640523497998061e-02 7.449448858533788e-03 6.432055134090039e-04
5.655211409886209e-02 6.516250424203490e-03 6.500613981842080e-04
5.669899314351858e-02 8.239879909256077e-03 6.547517355323040e-04
5.684587211375740e-02 7.598938249920337e-03 6.446804917198686e-04
5.699275100938578e-02 6.327017933900733e-03 6.451041865177575e-04
5.713962983021098e-02 7.464480250344949e-03 6.420213310507269e-04
5.728650857604041e-02 7.458485107501944e-03 6.416417946601386e-04
5.743338724668124e-02 8.594788652594344e-03 6.465961520571567e-04
5.758026584194079e-02 7.928787455324677e-03 6.443060415754816e-04
5.772714436162631e-02 6.669106951641611e-03 6.519102188351207e-04
5.787402280554513e-02 7.448304971960230e-03 6.442091250466600e-04
5.802090117350451e-02 6.949889895153179e-03 6.465734447402817e-04
5.816777946531173e-02 7.290566412252010e-03 6.431949152935254e-04
5.831465768077408e-02 7.580002542378565e-03 6.393132401807963e-04
5.846153581969887e-02 6.896070151768178e-03 6.441660866400576e-04
5.860841388189336e-02 6.925597558026928e-03 6.388863424465978e-04
5.875529186716485e-02 6.467598265302241e-03 6.459944357773200e-04
5.890216977532061e-02 7.510982258878977e-03 6.391528804636787e-04
5.904904760616795e-02 7.015818332509090e-03 6.427923972237374e-04
5.919592535951414e-02 7.509828810989726e-03 6.348025459257039e-04
5.934280303516650e-02 6.899247688953443e-03 6.410047437920788e-04
5.948968063293228e-02 7.810052228396917e-03 6.338618809440815e-04
5.963655815261879e-02 6.671976910739373e-03 6.470681384596952e-04
5.978343559403334e-02 7.371058148361262e-03 6.556826558401618e-04
5.993031295698319e-02 6.840597441488645e-03 6.556115693358626e-04
6.007719024127564e-02 8.031661332683012e-03 6.685634575618507e-04
6.022406744671802e-02 7.912364149622887e-03 6.706201180008809e-04
6.037094457311754e-02 7.794825243956204e-03 6.759389232259894e-04
6.051782162028158e-02 7.884927611719958e-03 6.760155197380957e-04
6.066469858801743e-02 7.561584079015119e-03 6.750791084917972e-04
6.081157547613233e-02 5.684836532541925e-03 6.845722721526716e-04
6.095845228443361e-02 6.276440073626726e-03 6.837145109534676e-04
6.110532901272856e-02 6.970091011978690e-03 6.926272063374427e-04
6.125220566082447e-02 7.234051145460997e-03 6.929853805801058e-04
6.139908222852867e-02 7.226560512396613e-03 6.945948464405341e-04
6.154595871564840e-02 5.553385737337537e-03 7.009912201416572e-04
6.169283512199103e-02 6.304050003184953e-03 6.953388629598406e-04
6.183971144736379e-02 7.014307554093352e-03 7.005343149574946e-04
6.198658769157404e-02 6.767919915165400e-03 6.992732987152051e-04
6.213346385442904e-02 6.197794735793446e-03 7.123503473789645e-04
6.228033993573612e-02 7.194502265903074e-03 7.122196368952640e-04
6.242721593530259e-02 7.343111536701212e-03 7.122149061397834e-04
6.257409185293569e-02 6.789254716412989e-03 7.015093587559955e-04
6.272096768844279e-02 6.620711295056162e-03 6.931974773631765e-04
6.286784344163118e-02 7.236918933417774e-03 6.743177242075513e-04
6.301471911230812e-02 7.263213528082050e-03 6.818695285721488e-04
6.316159470028096e-02 8.780364418785906e-03 6.725316012550708e-04
6.330847020535701e-02 6.767800350842567e-03 6.734923977237735e-04
6.345534562734356e-02 5.676650653891557e-03 6.673404298282764e-04
6.360222096604792e-02 7.752739071756178e-03 6.703178360051011e-04
6.374909622127738e-02 6.518124186852178e-03 6.587838500142804e-04
6.389597139283930e-02 7.569487389804965e-03 6.666975977084397e-04
6.404284648054094e-02 7.065211309636247e-03 6.654400358175108e-04
6.418972148418961e-02 7.628871785114188e-03 6.557529057559613e-04
6.433659640359266e-02 6.580075098626933e-03 6.618209507277262e-04
6.448347123855734e-02 7.164396219186455e-03 6.457467093548524e-04
6.463034598889104e-02 7.292215861152795e-03 6.569954324340723e-04
6.477722065440102e-02 7.250040056119123e-03 6.539895806711094e-04
6.492409523489458e-02 7.290677352863409e-03 6.486017129527313e-04
6.507096973017908e-02 7.022088998800865e-03 6.490607851191749e-04
6.521784414006179e-02 6.843959926730783e-03 6.502929222300695e-04
6.536471846435006e-02 8.151912962760053e-03 6.488281614101962e-04
6.551159270285120e-02 8.183125779158558e-03 6.462996264997858e-04
6.565846685537249e-02 6.992491020169393e-03 6.389928750138783e-04
6.580534092172129e-02 7.509035243869531e-03 6.456076310100786e-04
6.595221490170489e-02 8.172536909686839e-03 6.436630640381714e-04
6.609908879513064e-02 7.031612836355321e-03 6.381004053906860e-04
6.624596260180583e-02 7.283357914106221e-03 6.348083976915380e-04
6.639283632153778e-02 7.364862878660778e-03 6.357043505567060e-04
6.653970995413383e-02 5.554755107504487e-03 6.434935924490037e-04
6.668658349940126e-02 7.929005100715069e-03 6.324254276136665e-04
6.683345695714746e-02 6.841685856889062e-03 6.339777870004441e-04
6.698033032717969e-02 6.320537005693174e-03 6.307629075932168e-04
6.712720360930530e-02 6.498085414174349e-03 6.342587112566592e-04
6.727407680333160e-02 7.696320568139713e-03 6.336413872127470e-04
6.742094990906593e-02 7.095902870059933e-03 6.305322007676734e-04
6.756782292631559e-02 6.282578551693151e-03 6.277942270548952e-04
6.771469585488793e-02 7.367210235075335e-03 6.289068103503969e-04
6.786156869459029e-02 6.891298111722136e-03 6.315830251808683e-04
6.800844144522995e-02 6.735439903748424e-03 6.297499989346364e-04
6.815531410661428e-02 6.533356350838804e-03 6.264127916235136e-04
6.830218667855054e-02 5.606081000399939e-03 6.276866188712850e-04
6.844905916084618e-02 6.123182218196762e-03 6.273184646512110e-04
6.859593155330840e-02 6.541287480927671e-03 6.259224571394037e-04
6.874280385574461e-02 7.421497581969002e-03 6.222899112978393e-04
6.888967606796213e-02 6.443630498844295e-03 6.242735403695132e-04
6.903654818976826e-02 6.853363831246274e-03 6.153316435197625e-04
6.918342022097036e-02 8.429217900828758e-03 6.190600720432614e-04
6.933029216137575e-02 6.180076511733587e-03 6.238316188046067e-04
6.947716401079176e-02 5.482914840217045e-03 6.099364090216279e-04
6.962403576902575e-02 6.514684965774742e-03 6.234713851793141e-04
6.977090743588503e-02 5.662255964256020e-03 6.149627216759027e-04
6.991777901117695e-02 7.088888028630385e-03 6.136288080617419e-04
7.006465049470884e-02 6.601251975740066e-03 6.172666593738612e-04
7.021152188628801e-02 5.462362625249758e-03 6.164342360098268e-04
7.035839318572186e-02 5.728564730935857e-03 6.146878486867436e-04
7.050526439281767e-02 6.565121431716603e-03 6.061782385154843e-04
7.065213550738278e-02 7.109334715928391e-03 6.103265564866380e-04
7.079900652922456e-02 5.362233392126471e-03 6.111236970573855e-04
7.094587745815036e-02 6.617868734949937e-03 6.052489732334411e-04
7.109274829396750e-02 7.720842377102901e-03 6.127239550989639e-04
7.123961903648333e-02 6.363952474613900e-03 6.022340468648872e-04
7.138648968550515e-02 5.411324666738380e-03 6.056434880622559e-04
7.153336024084035e-02 5.801231133918928e-03 6.107474884588979e-04
7.168023070229627e-02 7.660755352736508e-03 6.020319954585079e-04
7.182710106968025e-02 7.925026005048064e-03 6.126412517355228e-04
7.197397134279965e-02 6.552011779340210e-03 5.973393057244312e-04
7.212084152146177e-02 6.303583238284576e-03 6.007523218429491e-04
7.226771160547400e-02 6.859496147051738e-03 6.064500442795110e-04
7.241458159464363e-02 7.788804391947305e-03 6.029393664042527e-04
7.256145148877813e-02 7.358562155078104e-03 6.072019855419870e-04
7.270832128768472e-02 6.351023798248070e-03 6.023376729587391e-04
7.285519099117078e-02 5.977468093505543e-03 5.986770560259274e-04
7.300206059904372e-02 6.453898709179746e-03 5.992589886022609e-04
7.314893011111082e-02 6.529643773223521e-03 5.963499070870365e-04
7.329579952717949e-02 6.598496282081629e-03 6.006826757889469e-04
7.344266884705702e-02 5.404952828524844e-03 5.940921083836866e-04
7.358953807055085e-02 5.642441162322996e-03 5.973322981933759e-04
7.373640719746824e-02 6.923373560216814e-03 5.925004115062099e-04
7.388327622761658e-02 6.160524749593195e-03 5.931475097992204e-04
7.403014516080324e-02 6.071909838122717e-03 5.926751194857680e-04
7.417701399683559e-02 5.232162917482363e-03 5.945776349393137e-04
7.432388273552094e-02 5.490197599123335e-03 5.898579987439701e-04
7.447075137666670e-02 6.758506440232031e-03 5.864659737981132e-04
7.461761992008017e-02 5.458734713069977e-03 5.878006074971296e-04
7.476448836556873e-02 7.133137144974638e-03 5.843086863193632e-04
7.491135671293978e-02 6.849071526656141e-03 5.892668021890123e-04
7.505822496200062e-02 7.170865895606765e-03 5.835142883549425e-04
7.520509311255867e-02 7.439362058429895e-03 5.873480793414778e-04
7.535196116442125e-02 5.548651277242354e-03 5.875637398015188e-04
7.549882911739574e-02 6.219692743667085e-03 5.840577408256244e-04
7.564569697128951e-02 6.221218367100614e-03 5.881632137524951e-04
7.579256472590988e-02 6.579585194826812e-03 5.821096065280297e-04
7.593943238106428e-02 6.040066533606849e-03 5.795167624011888e-04
7.608629993656001e-02 7.195652943516013e-03 5.841600247565799e-04
7.623316739220451e-02 6.910086371477095e-03 5.758742322850918e-04
7.638003474780510e-02 7.501292823675026e-03 5.804766453746360e-04
7.652690200316913e-02 5.832899592841229e-03 5.870328482476892e-04
7.667376915810399e-02 6.658446432100775e-03 5.853884756919901e-04
7.682063621241707e-02 6.479149143712792e-03 5.846109891570199e-04
7.696750316591573e-02 5.780852108872273e-03 5.774910006982140e-04
7.711437001840733e-02 5.993965589226686e-03 5.835857274501683e-04
7.726123676969926e-02 5.466814087020766e-03 5.741900022007067e-04
7.740810341959885e-02 6.690080543375475e-03 5.792668998408139e-04
7.755496996791353e-02 5.254427907883989e-03 5.748197292657314e-04
7.770183641445062e-02 5.724002628929418e-03 5.785642820831339e-04
7.784870275901755e-02 6.530463707439114e-03 5.806859488664805e-04
7.799556900142161e-02 6.082144606043441e-03 5.729372203091543e-04
7.814243514147029e-02 5.105261295012804e-03 5.759482102804958e-04
7.828930117897089e-02 6.838943494947700e-03 5.758952181967528e-04
7.843616711373082e-02 5.613758561323189e-03 5.763923086211583e-04
7.858303294555745e-02 6.551440373332935e-03 5.746493526532176e-04
7.872989867425814e-02 6.013661344486949e-03 5.651286570349309e-04
7.887676429964030e-02 6.656180477976829e-03 5.679960270393226e-04
7.902362982151130e-02 6.199970135617472e-03 5.725066958492929e-04
7.917049523967849e-02 5.732941085890228e-03 5.731719395190976e-04
7.931736055394929e-02 6.939146463810018e-03 5.699243003729160e-04
7.946422576413109e-02 5.938388693160185e-03 5.695709178546374e-04
7.961109087003126e-02 5.165857997564483e-03 5.757483172303393e-04
7.975795587145719e-02 6.077652726638568e-03 5.672420526440078e-04
7.990482076821626e-02 4.446425774818195e-03 5.667761082762385e-04
8.005168556011584e-02 6.847435390738617e-03 5.706523749687458e-04
8.019855024696333e-02 6.153836772887414e-03 5.716314335782040e-04
8.034541482856614e-02 6.811147556688968e-03 5.737869065755158e-04
8.049227930473164e-02 5.043458266088557e-03 5.716633421616083e-04
8.063914367526719e-02 5.652581950742842e-03 5.649611736416924e-04
8.078600793998023e-02 6.129017367790080e-03 5.657453731166016e-04
8.093287209867814e-02 6.004173096920257e-03 5.668212233480408e-04
8.107973615116830e-02 6.244911592767952e-03 5.659417179017330e-04
8.122660009725811e-02 6.918818398374695e-03 5.589296693469450e-04
8.137346393675496e-02 5.608783242209283e-03 5.629636947071706e-04
8.152032766946624e-02 5.919281097117492e-03 5.614894705214038e-04
8.166719129519935e-02 6.461919628198159e-03 5.642868911292829e-04
8.181405481376169e-02 6.501935468304879e-03 5.625101346536927e-04
8.196091822496063e-02 6.434907259060070e-03 5.637994657716148e-04
8.210778152860361e-02 5.273055273630387e-03 5.656084429684874e-04
8.225464472449802e-02 5.791306468641445e-03 5.606619459959611e-04
8.240150781245126e-02 6.007633695261645e-03 5.631877797122695e-04
8.254837079227068e-02 6.203496095937131e-03 5.570434008686570e-04
8.269523366376372e-02 5.834629290447356e-03 5.652099828706944e-04
8.284209642673782e-02 5.350447769426497e-03 5.618056233103456e-04
8.298895908100032e-02 5.211999603526645e-03 5.627530141461406e-04
8.313582162635863e-02 5.968701685915592e-03 5.590287000125178e-04
8.328268406262020e-02 6.651129762399273e-03 5.556210271496578e-04
8.342954638959241e-02 6.158624128687149e-03 5.613919460616484e-04
8.357640860708263e-02 5.405212385529069e-03 5.591176764437572e-04
8.372327071489834e-02 6.523089295678320e-03 5.549794012439979e-04
8.387013271284686e-02 5.350772896892436e-03 5.566735614642541e-04
8.401699460073567e-02 7.104344811583499e-03 5.507051691105155e-04
8.416385637837218e-02 6.945424262884647e-03 5.572709365544785e-04
8.431071804556375e-02 4.700321791387903e-03 5.527595223832294e-04
8.445757960211780e-02 5.525588025677136e-03 5.550543435591048e-04
8.460444104784176e-02 5.572105395077727e-03 5.582633710851782e-04
8.475130238254304e-02 5.418270075839064e-03 5.500768048344831e-04
8.489816360602907e-02 5.302430361674048e-03 5.630320989387475e-04
8.504502471810724e-02 5.203470808507155e-03 5.478306954456917e-04
8.519188571858496e-02 5.778186821262037e-03 5.526095009795159e-04
8.533874660726967e-02 5.384539811849359e-03 5.545321389341713e-04
8.548560738396878e-02 5.494430749256711e-03 5.533071286757271e-04
8.563246804848969e-02 6.069488688759006e-03 5.515698092593067e-04
8.577932860063983e-02 4.764892176392587e-03 5.521648147312718e-04
8.592618904022660e-02 6.109618263041228e-03 5.493100010590047e-04
8.607304936705747e-02 6.059880475828406e-03 5.503069174908516e-04
8.621990958093982e-02 6.190534133022754e-03 5.476211538440092e-04
8.636676968168105e-02 5.262891460780641e-03 5.509795063582124e-04
8.651362966908867e-02 6.478586336929951e-03 5.520034814907082e-04
8.666048954297001e-02 5.489940972709866e-03 5.460866157658569e-04
8.680734930313255e-02 5.912134465603522e-03 5.494125350246966e-04
8.695420894938369e-02 4.755505123205175e-03 5.422922365150607e-04
8.710106848153085e-02 4.297265277634658e-03 5.461141261536584e-04
8.724792789938152e-02 5.641316229370692e-03 5.442589498239580e-04
8.739478720274303e-02 5.745859482308185e-03 5.464122031226817e-04
8.754164639142284e-02 5.721688324491784e-03 5.492319898903841e-04
8.768850546522844e-02 5.269927878216048e-03 5.432337973319873e-04
8.783536442396719e-02 5.489764534975009e-03 5.479683186473729e-04
8.798222326744658e-02 5.133982986202342e-03 5.445254362239917e-04
8.812908199547397e-02 4.972377056208349e-03 5.431981207398087e-04
8.827594060785686e-02 4.226331002171351e-03 5.461066194860548e-04
8.842279910440262e-02 4.367419017513913e-03 5.429317627835225e-04
8.856965748491875e-02 5.770727224697471e-03 5.435568107739771e-04
8.871651574921269e-02 5.625001354569691e-03 5.436514560610587e-04
8.886337389709180e-02 4.755392786845542e-03 5.439699362378977e-04
8.901023192836355e-02 5.184723461534237e-03 5.432162537506780e-04
8.915708984283539e-02 5.426406772848298e-03 5.445840875438348e-04
8.930394764031480e-02 5.118003248935854e-03 5.391722477889248e-04
8.945080532060913e-02 4.999546361731204e-03 5.473150053565934e-04
8.959766288352591e-02 5.425604193201978e-03 5.347425689011024e-04
8.974452032887251e-02 5.671318956806590e-03 5.410073596557684e-04
8.989137765645640e-02 5.601180604727025e-03 5.375651055276495e-04
9.003823486608507e-02 5.827723995107406e-03 5.366017745670966e-04
9.018509195756588e-02 5.974312660694148e-03 5.433094955086372e-04
9.033194893070630e-02 6.156648848461364e-03 5.375076711706545e-04
9.047880578531384e-02 4.534327081188298e-03 5.427015306255528e-04
9.062566252119587e-02 5.817946240816186e-03 5.372103312302595e-04
9.077251913815987e-02 4.554686317747897e-03 5.358217096792749e-04
9.091937563601328e-02 4.909682032744944e-03 5.397791314854767e-04
9.106623201456360e-02 4.879197874196741e-03 5.354812549082230e-04
9.121308827361818e-02 5.554573129914119e-03 5.357158871006069e-04
9.135994441298455e-02 5.878637933486380e-03 5.391651523901198e-04
9.150680043247014e-02 5.506472581241282e-03 5.333077193653626e-04
9.165365633188237e-02 6.213000223132095e-03 5.368415164458982e-04
9.180051211102878e-02 4.919156939238781e-03 5.319617972326229e-04
9.194736776971676e-02 4.665731819145545e-03 5.350203962176686e-04
9.209422330775377e-02 5.030797065653327e-03 5.351973251812371e-04
9.224107872494727e-02 5.782065694623651e-03 5.331639712102632e-04
9.238793402110473e-02 5.513489318834441e-03 5.326502594683022e-04
9.253478919603364e-02 5.501283237149494e-03 5.290701854188970e-04
9.268164424954135e-02 4.729460550679862e-03 5.310055706819537e-04
9.282849918143544e-02 5.248952189667146e-03 5.283608767229149e-04
9.297535399152332e-02 4.962191902416965e-03 5.309848564831225e-04
9.312220867961245e-02 5.424522825329741e-03 5.354476862868854e-04
9.326906324551029e-02 4.834810157756272e-03 5.261426206872690e-04
9.341591768902432e-02 4.960639562912653e-03 5.312227970871159e-04
9.356277200996202e-02 4.605829032415315e-03 5.314138098809514e-04
9.370962620813084e-02 4.249945083413946e-03 5.253548610442135e-04
9.385648028333822e-02 4.932615287345739e-03 5.335509282197636e-04
9.400333423539166e-02 5.049657909720914e-03 5.234440854034266e-04
9.415018806409861e-02 4.969735652897412e-03 5.302504113672449e-04
9.429704176926657e-02 4.521321446607350e-03 5.247656309219609e-04
9.444389535070297e-02 5.427195364746349e-03 5.240896335558057e-04
9.459074880821530e-02 4.549329964325272e-03 5.275373914981316e-04
9.473760214161106e-02 5.148978634353089e-03 5.281507498996325e-04
9.488445535069767e-02 4.358593060834312e-03 5.287048575046070e-04
9.503130843528265e-02 4.949108614377784e-03 5.255465411255792e-04
9.517816139517343e-02 4.925475650503851e-03 5.258138297479412e-04
9.532501423017756e-02 5.548888609631379e-03 5.235188120518554e-04
9.547186694010244e-02 4.060698327453321e-03 5.218004114974538e-04
9.561871952475558e-02 5.029579714403590e-03 5.251779594704283e-04
9.576557198394450e-02 5.210046346974211e-03 5.271341512910141e-04
9.591242431747660e-02 5.889399794806388e-03 5.284358345790719e-04
9.605927652515940e-02 4.862240174450743e-03 5.217269444081371e-04
9.620612860680040e-02 5.219936865802757e-03 5.199447872940876e-04
9.635298056220708e-02 4.303761634881858e-03 5.189573927898801e-04
9.649983239118688e-02 4.623733772612194e-03 5.243028606012513e-04
9.664668409354732e-02 5.227802444464595e-03 5.233032973599266e-04
9.679353566909588e-02 4.866449335346356e-03 5.209585063069807e-04
9.694038711764005e-02 4.547833910306027e-03 5.234098126671728e-04
9.708723843898734e-02 4.341883007573946e-03 5.197711795804703e-04
9.723408963294519e-02 5.564702900355385e-03 5.216008250443671e-04
9.738094069932111e-02 4.572475175280836e-03 5.210211283004209e-04
9.752779163792259e-02 5.085119990469405e-03 5.187508001277547e-04
9.767464244855714e-02 4.610762560366689e-03 5.198120249781048e-04
9.782149313103225e-02 4.102414521677800e-03 5.202519386026443e-04
9.796834368515536e-02 4.723084496166046e-03 5.193852464881365e-04
9.811519411073406e-02 5.062246438952603e-03 5.158820890405122e-04
9.826204440757576e-02 5.544254652327341e-03 5.205581828870177e-04
9.840889457548796e-02 4.624791012036467e-03 5.183021929427677e-04
9.855574461427828e-02 4.660271465647560e-03 5.145128756823862e-04
9.870259452375403e-02 4.036964840089773e-03 5.162909090530259e-04
9.884944430372282e-02 4.521580660112790e-03 5.135870261255442e-04
9.899629395399215e-02 4.433230808940460e-03 5.191408079432279e-04
9.914314347436951e-02 5.227954607689773e-03 5.200818304677697e-04
9.928999286466240e-02 5.382403533093630e-03 5.132332204515173e-04
9.943684212467831e-02 5.041414568448495e-03 5.211231569823670e-04
9.958369125422474e-02 4.025788456891731e-03 5.147693297822148e-04
9.973054025310922e-02 5.298951762879105e-03 5.204535494356068e-04
9.987738912113926e-02 5.073796378400559e-03 5.157364382844690e-04
1.000242378581224e-01 3.994159096533118e-03 5.127523683152638e-04
1.001710864638660e-01 4.532709364535851e-03 5.278376926440649e-04
1.003179349381778e-01 4.770819018918371e-03 5.302181218126364e-04
1.004647832808650e-01 4.866372166612802e-03 5.415392326696621e-04
1.006116314917355e-01 4.968117533300247e-03 5.390726905083410e-04
1.007584795705964e-01 4.189657625689407e-03 5.425321334981847e-04
1.009053275172555e-01 4.159368154361361e-03 5.500828094109769e-04
1.010521753315203e-01 4.878083639588225e-03 5.484682626409947e-04
1.011990230131982e-01 5.172124331761982e-03 5.514349625501007e-04
1.013458705620967e-01 4.449193283687977e-03 5.535139731052105e-04
1.014927179780235e-01 3.642609348468620e-03 5.576617584172941e-04
1.016395652607859e-01 3.815753216328571e-03 5.622422320577296e-04
1.017864124101916e-01 4.636398268008836e-03 5.546689047928855e-04
1.019332594260479e-01 4.520190170555612e-03 5.652461297122566e-04
1.020801063081626e-01 4.571793969687475e-03 5.605743596822583e-04
1.022269530563430e-01 3.845937717584934e-03 5.705713384229980e-04
1.023737996703967e-01 4.047640546644751e-03 5.673992643778421e-04
1.025206461501313e-01 3.912517966168182e-03 5.641717260272440e-04
1.026674924953542e-01 4.405348479095789e-03 5.740471186050133e-04
1.028143387058730e-01 4.268859944942568e-03 5.796236169112006e-04
1.029611847814952e-01 4.612576181609292e-03 5.588687678190119e-04
1.031080307220284e-01 4.651423433784181e-03 5.585240817360037e-04
1.032548765272800e-01 4.101242956050001e-03 5.551587091382505e-04
1.034017221970575e-01 4.747421557661755e-03 5.549516524043812e-04
1.035485677311687e-01 4.681199155849606e-03 5.450871123882016e-04
1.036954131294208e-01 3.909055337730722e-03 5.446777058143479e-04
1.038422583916216e-01 3.807532174274591e-03 5.456156610887362e-04
1.039891035175785e-01 4.017163895790743e-03 5.384666925640309e-04
1.041359485070990e-01 4.569741717763657e-03 5.440982874978245e-04
1.042827933599908e-01 4.201114133265402e-03 5.344126383275698e-04
1.044296380760613e-01 4.399857618812030e-03 5.377908475863196e-04
1.045764826551180e-01 3.469194452317980e-03 5.345139297865636e-04
1.047233270969686e-01 5.039289134470027e-03 5.367619841669775e-04
1.048701714014205e-01 4.157668524624978e-03 5.304040687306752e-04
1.050170155682814e-01 4.207439524339275e-03 5.349963445635357e-04
1.051638595973586e-01 3.761084574201786e-03 5.315692616047038e-04
1.053107034884598e-01 4.294290461143747e-03 5.313183121402692e-04
1.054575472413926e-01 4.657704747771379e-03 5.304371696503166e-04
1.056043908559644e-01 3.158277320143418e-03 5.233534282275348e-04
1.057512343319829e-01 4.785587861511858e-03 5.317972327802084e-04
1.058980776692555e-01 4.705909698079947e-03 5.238534659250888e-04
1.060449208675899e-01 3.369292809723231e-03 5.248666881624656e-04
1.061917639267934e-01 4.651555725649048e-03 5.227946209260217e-04
1.063386068466738e-01 3.899803042470655e-03 5.235992532196290e-04
1.064854496270386e-01 4.634732540835754e-03 5.265032372382383e-04
1.066322922676953e-01 5.122711182431575e-03 5.216317833654152e-04
1.067791347684515e-01 3.301071643122499e-03 5.211828714134766e-04
1.069259771291147e-01 4.509108445850615e-03 5.252153377041651e-04
1.070728193494925e-01 3.439765355387987e-03 5.190353055830107e-04
1.072196614293924e-01 4.122065132631784e-03 5.218398096932223e-04
1.073665033686221e-01 4.288612876580086e-03 5.154295452636172e-04
1.075133451669889e-01 3.547022546534293e-03 5.161521673206030e-04
1.076601868243007e-01 3.896523916380485e-03 5.218588303368129e-04
1.078070283403648e-01 2.808727148213223e-03 5.119320338593788e-04
1.079538697149888e-01 3.860551286113291e-03 5.174814315038043e-04
1.081007109479804e-01 3.902272587824016e-03 5.137267118000920e-04
1.082475520391470e-01 4.290997731376510e-03 5.227799820774501e-04
1.083943929882962e-01 3.922679150187659e-03 5.148075536011853e-04
1.085412337952357e-01 3.723234047775180e-03 5.073976108024622e-04
1.086880744597730e-01 2.973436343487084e-03 5.187905034865739e-04
1.088349149817155e-01 4.487353427214981e-03 5.090554835909780e-04
1.089817553608711e-01 3.512897028379248e-03 5.158297236140407e-04
1.091285955970470e-01 3.359243785875074e-03 5.104352249986827e-04
1.092754356900511e-01 3.464758493450069e-03 5.079527650865678e-04
1.094222756396908e-01 3.520488281703671e-03 5.117899573702634e-04
1.095691154457736e-01 3.589863481029031e-03 5.003064456009282e-04
1.097159551081073e-01 4.080907781106020e-03 5.065608002033673e-04
1.098627946264993e-01 3.615173029824265e-03 5.031648486111943e-04
1.100096340007572e-01 3.992551300844438e-03 5.059439202881229e-04
1.101564732306887e-01 3.255188559520543e-03 5.058279741942922e-04
1.103033123161012e-01 2.902103362448281e-03 5.000261430610130e-04
1.104501512568025e-01 3.504053798914295e-03 5.054635252765198e-04
1.105969900525999e-01 5.087679849633747e-03 5.001179582970035e-04
1.107438287033013e-01 3.357305512883198e-03 5.053659558984079e-04
1.108906672087140e-01 3.775845154093444e-03 5.048544048559909e-04
1.110375055686457e-01 3.783997282231751e-03 5.092844657408086e-04
1.111843437829041e-01 3.835841650145868e-03 5.183890979330346e-04
1.113311818512966e-01 4.068186853988120e-03 5.186910038370245e-04
1.114780197736309e-01 3.616103193880967e-03 5.265618093155727e-04
1.116248575497145e-01 3.809201568139074e-03 5.287513685139553e-04
1.117716951793551e-01 3.643229398992030e-03 5.314883218201374e-04
1.119185326623603e-01 3.601622979133411e-03 5.382825371675839e-04
1.120653699985375e-01 3.587256999848196e-03 5.330913588311222e-04
1.122122071876945e-01 4.259949843168112e-03 5.416319010576730e-04
1.123590442296388e-01 3.879882564917216e-03 5.382558756775226e-04
1.125058811241781e-01 2.232486296798804e-03 5.447156439654121e-04
1.126527178711198e-01 4.044789637729869e-03 5.502502738813109e-04
1.127995544702717e-01 3.513873554295867e-03 5.455522744927578e-04
1.129463909214413e-01 3.344409084763828e-03 5.468389007516736e-04
1.130932272244362e-01 3.183339238095472e-03 5.383510188504660e-04
1.132400633790640e-01 3.434457477903252e-03 5.415058761521733e-04
1.133868993851323e-01 3.786152305598554e-03 5.388456026012753e-04
1.135337352424488e-01 3.253276164480719e-03 5.476176232688392e-04
1.136805709508210e-01 3.028821920886837e-03 5.508088525451447e-04
1.138274065100565e-01 3.649417798108880e-03 5.429404647192861e-04
1.139742419199631e-01 3.860309761271847e-03 5.464306038308000e-04
1.141210771803480e-01 4.623547511281503e-03 5.484244139448027e-04
1.142679122910192e-01 3.521109953670302e-03 5.530427134139455e-04
1.144147472517842e-01 3.662857642538583e-03 5.523189077318168e-04
1.145615820624505e-01 3.397772541274327e-03 5.450362333035991e-04
1.147084167228259e-01 3.227327568156741e-03 5.499229356592059e-04
1.148552512327178e-01 3.124767858643961e-03 5.455559070485481e-04
1.150020855919340e-01 3.862550171816588e-03 5.492650798124511e-04
1.151489198002821e-01 3.265204581922010e-03 5.546260771443237e-04
1.152957538575695e-01 4.546759947015515e-03 5.544047709502509e-04
1.154425877636041e-01 3.223903317353006e-03 5.534388601920076e-04
1.155894215181933e-01 4.250064358039383e-03 5.461546987946045e-04
1.157362551211449e-01 3.908944685649442e-03 5.562099026231984e-04
1.158830885722664e-01 2.766273037878913e-03 5.564821655215696e-04
1.160299218713654e-01 2.499229195397210e-03 5.547703122013270e-04
1.161767550182498e-01 2.665407893699401e-03 5.578856157590460e-04
1.163235880127268e-01 3.750591784158688e-03 5.499403531189076e-04
1.164704208546044e-01 3.753470704218336e-03 5.604888540455153e-04
1.166172535436900e-01 2.821824770430159e-03 5.549718068758873e-04
1.167640860797913e-01 4.037729816728011e-03 5.547381112277794e-04
1.169109184627159e-01 3.633142466421780e-03 5.552593653487931e-04
1.170577506922715e-01 3.730550858837461e-03 5.584362548470579e-04
1.172045827682657e-01 3.464150032465632e-03 5.593947125114429e-04
1.173514146905061e-01 3.076325115226053e-03 5.554753914908330e-04
1.174982464588003e-01 3.075439948926451e-03 5.517360005103025e-04
1.176450780729561e-01 2.536345914675563e-03 5.582481629636019e-04
1.177919095327811e-01 2.671761549570830e-03 5.607868136700594e-04
1.179387408380827e-01 3.101345625783061e-03 5.592194732056536e-04
1.180855719886688e-01 2.356471923659583e-03 5.568627707767651e-04
1.182324029843469e-01 2.011748664813079e-03 5.593116347305024e-04
1.183792338249248e-01 3.167422116533502e-03 5.607727245966022e-04
1.185260645102099e-01 2.768288278780763e-03 5.579779176737769e-04
1.186728950400101e-01 3.160880143339766e-03 5.549947302023446e-04
1.188197254141328e-01 2.041920347190941e-03 5.575971281321261e-04
1.189665556323859e-01 2.133749742417749e-03 5.671114339909150e-04
1.191133856945769e-01 2.889127457522656e-03 5.590299800207435e-04
1.192602156005134e-01 2.732411282672788e-03 5.605632226687137e-04
1.194070453500032e-01 2.356242128582415e-03 5.576290007535286e-04
1.195538749428538e-01 3.131873839200115e-03 5.591120962766709e-04
1.197007043788729e-01 1.834728686471311e-03 5.634013257912427e-04
1.198475336578682e-01 2.847258278416386e-03 5.559444085077443e-04
1.199943627796474e-01 2.784272628250045e-03 5.660778106525964e-04
1.201411917440180e-01 2.829396947851517e-03 5.590746725258082e-04
1.202880205507879e-01 3.306829852418084e-03 5.640717616066721e-04
1.204348491997644e-01 2.358256125891166e-03 5.615885071891439e-04
1.205816776907555e-01 2.674607121159972e-03 5.616245175764417e-04
1.207285060235687e-01 2.844831156919410e-03 5.676853414045557e-04
1.208753341980116e-01 1.815308441792561e-03 5.601234736419356e-04
1.210221622138920e-01 3.777687635503896e-03 5.639033248570435e-04
1.211689900710175e-01 2.497537825429861e-03 5.560864308941473e-04
1.213158177691958e-01 3.824952383813693e-03 5.675457623931458e-04
1.214626453082345e-01 2.010151489794749e-03 5.660293404362250e-04
1.216094726879414e-01 2.807308882052965e-03 5.624632706339243e-04
1.217562999081240e-01 3.144992081044261e-03 5.646378193535078e-04
1.219031269685900e-01 3.020499184784813e-03 5.658539980085229e-04
1.220499538691473e-01 2.065923602625407e-03 5.630659527365537e-04
1.221967806096032e-01 3.408991959794902e-03 5.678097270456554e-04
1.223436071897657e-01 3.433826343270354e-03 5.588630481689329e-04
1.224904336094423e-01 2.710718609941935e-03 5.691367079510821e-04
1.226372598684407e-01 1.603025515758903e-03 5.633981146316528e-04
1.227840859665686e-01 1.821991245088733e-03 5.693109155841255e-04
1.229309119036337e-01 2.970676735265245e-03 5.645712100660983e-04
1.230777376794436e-01 3.400300237767908e-03 5.632500225766110e-04
1.232245632938061e-01 2.777078290002523e-03 5.735805572298924e-04
1.233713887465287e-01 3.828343054357122e-03 5.607398003208950e-04
1.235182140374194e-01 2.193093386551012e-03 5.690609852147029e-04
1.236650391662856e-01 3.039095957596042e-03 5.678894755432021e-04
1.238118641329350e-01 3.202353558464073e-03 5.703898682180896e-04
1.239586889371753e-01 2.782554777023072e-03 5.740802028672533e-04
1.241055135788144e-01 9.546927702542458e-04 5.630913974249719e-04
1.242523380576598e-01 2.477260726486687e-03 5.718046254952181e-04
1.243991623735193e-01 3.547194176127243e-03 5.682274546421995e-04
1.245459865262004e-01 2.693735625299687e-03 5.682055804519424e-04
1.246928105155109e-01 2.152406921328194e-03 5.665463742724892e-04
1.248396343412586e-01 2.269645885183611e-03 5.650133720478100e-04
1.249864580032510e-01 2.263139633298309e-03 5.662617642848294e-04
1.251332815012960e-01 2.137023145637941e-03 5.679626078752591e-04
1.252801048352011e-01 3.051237151226708e-03 5.727511553651325e-04
1.254269280047742e-01 2.479614460450061e-03 5.717274810297837e-04
1.255737510098228e-01 1.792513693117381e-03 5.662791780703876e-04
1.257205738501548e-01 2.653315921897722e-03 5.742127118586570e-04
1.258673965255777e-01 2.598309081497138e-03 5.714551053678948e-04
1.260142190358993e-01 2.390277957731265e-03 5.728436177614223e-04
1.261610413809274e-01 1.728836767851401e-03 5.709632993994873e-04
1.263078635604696e-01 2.487209069121574e-03 5.634494964730176e-04
1.264546855743336e-01 1.296967400580670e-03 5.705010462552828e-04
1.266015074223272e-01 2.516645908247650e-03 5.620742771273107e-04
1.267483291042580e-01 2.311972930426356e-03 5.669921543174220e-04
1.268951506199338e-01 1.851782089892391e-03 5.610335787791595e-04
1.270419719691622e-01 1.625297719590911e-03 5.647992227148966e-04
1.271887931517510e-01 2.125620652890109e-03 5.592502830108643e-04
1.273356141675080e-01 1.793238640553285e-03 5.635011107599327e-04
1.274824350162407e-01 1.742362448495221e-03 5.615100197957668e-04
1.276292556977570e-01 1.656452271824218e-03 5.618482194762394e-04
1.277760762118645e-01 2.023605002143102e-03 5.692700676248753e-04
1.279228965583711e-01 2.354088100799849e-03 5.638339303889306e-04
1.280697167370843e-01 2.262606018970909e-03 5.673968225653991e-04
1.282165367478119e-01 2.470861578319355e-03 5.701175322820691e-04
1.283633565903617e-01 2.873227002133817e-03 5.592824677684100e-04
1.285101762645414e-01 2.204540954969274e-03 5.664176559176021e-04
1.286569957701586e-01 2.493505213611048e-03 5.600940509190579e-04
1.288038151070212e-01 2.813493190729883e-03 5.656122499910544e-04
1.289506342749369e-01 2.553475788210015e-03 5.646976473756691e-04
1.290974532737133e-01 2.151939517070748e-03 5.611083362654794e-04
1.292442721031583e-01 2.774739921240619e-03 5.676303904044451e-04
1.293910907630794e-01 2.511551978742303e-03 5.633220719917919e-04
1.295379092532846e-01 1.732453935696184e-03 5.633835305267596e-04
1.296847275735815e-01 1.471813453553575e-03 5.626952451907133e-04
1.298315457237779e-01 1.726164058931310e-03 5.638207539401058e-04
1.299783637036815e-01 2.674901467788563e-03 5.748589133170956e-04
1.301251815131000e-01 2.722481402259774e-03 5.624401819921118e-04
1.302719991518412e-01 2.951587042879244e-03 5.700246681775657e-04
1.304188166197129e-01 1.436460018512179e-03 5.620054455864613e-04
1.305656339165226e-01 1.117774080654168e-03 5.711100839528793e-04
1.307124510420783e-01 2.191480502969517e-03 5.661009916848249e-04
1.308592679961877e-01 1.674394624305251e-03 5.668105537812731e-04
1.310060847786584e-01 2.306719334744056e-03 5.656580797496433e-04
1.311529013892983e-01 1.776991215002252e-03 5.675762391872054e-04
1.312997178279152e-01 2.351700494831690e-03 5.696929400215354e-04
1.314465340943166e-01 2.815320462997991e-03 5.678491637322579e-04
1.315933501883105e-01 2.242758286289945e-03 5.598316018032695e-04
1.317401661097045e-01 2.175674306771390e-03 5.663454339068092e-04
1.318869818583065e-01 2.246028724541591e-03 5.703789143958051e-04
1.320337974339242e-01 2.142642856305593e-03 5.721918598455931e-04
1.321806128363652e-01 1.502740806852068e-03 5.644830477505944e-04
1.323274280654375e-01 1.402669085463945e-03 5.672785497583124e-04
1.324742431209487e-01 1.603877257838385e-03 5.738503901218935e-04
1.326210580027065e-01 2.131967486061426e-03 5.622221547719421e-04
1.327678727105190e-01 1.858276986911125e-03 5.672442739682707e-04
1.329146872441935e-01 2.382020892753015e-03 5.675816540250836e-04
1.330615016035382e-01 1.632276977516821e-03 5.640655130250742e-04
1.332083157883606e-01 1.977732523248879e-03 5.642053488714392e-04
1.333551297984685e-01 1.559005836018169e-03 5.667014393603207e-04
1.335019436336697e-01 1.703897982619108e-03 5.703659075512374e-04
1.336487572937721e-01 1.910249663766466e-03 5.691255077031832e-04
1.337955707785833e-01 1.622228861337110e-03 5.758704212883667e-04
1.339423840879111e-01 1.009357476001895e-03 5.703626011355800e-04
1.340891972215633e-01 1.985319955653779e-03 5.653706759061615e-04
1.342360101793477e-01 2.172745414286098e-03 5.663879048522219e-04
1.343828229610720e-01 2.867532401458223e-03 5.638444007789627e-04
1.345296355665440e-01 2.668297405348737e-03 5.742281796579704e-04
1.346764479955716e-01 1.958597911537259e-03 5.671615088503176e-04
1.348232602479625e-01 1.827204327300348e-03 5.715336511226086e-04
1.349700723235245e-01 2.282858142549886e-03 5.705510990775001e-04
1.351168842220653e-01 2.274530768282862e-03 5.647544222994385e-04
1.352636959433928e-01 2.067187922196984e-03 5.681927868702846e-04
1.354105074873147e-01 2.521625907883366e-03 5.623591551455706e-04
1.355573188536388e-01 1.795291108629333e-03 5.726123472219500e-04
1.357041300421729e-01 1.595686116041959e-03 5.677676727464298e-04
1.358509410527249e-01 1.612651194809110e-03 5.731163436009454e-04
1.359977518851024e-01 1.273059838518072e-03 5.730894904275046e-04
1.361445625391133e-01 1.575832682016938e-03 5.615764597872124e-04
1.362913730145654e-01 1.721324168650531e-03 5.666562859569075e-04
1.364381833112665e-01 2.011676922341115e-03 5.647244760193868e-04
1.365849934290243e-01 1.539091046487098e-03 5.669499320257275e-04
1.367318033676468e-01 2.043845072781910e-03 5.778560598980305e-04
1.368786131269416e-01 1.890244292683838e-03 5.666489329515226e-04
1.370254227067166e-01 1.873726601053071e-03 5.672995582913131e-04
1.371722321067795e-01 2.159516571326067e-03 5.667763443542534e-04
1.373190413269383e-01 2.349328199072603e-03 5.702418581109710e-04
1.374658503670007e-01 1.815748305508159e-03 5.736460948702674e-04
1.376126592267744e-01 2.225759241684205e-03 5.715757312718655e-04
1.377594679060673e-01 3.990832111099528e-04 5.739729443648434e-04
1.379062764046873e-01 1.662492574843668e-03 5.661160950188643e-04
1.380530847224421e-01 1.894533912434436e-03 5.747700545584327e-04
1.381998928591395e-01 2.461743737245034e-04 5.723837585487730e-04
1.383467008145873e-01 1.089905119538517e-03 5.668042592966044e-04
1.384935085885935e-01 1.531721062752570e-03 5.720263572561073e-04
1.386403161809657e-01 1.893234563763223e-03 5.647326332486634e-04
1.387871235915119e-01 1.601777679565265e-03 5.692403724984007e-04
1.389339308200397e-01 1.466095964914567e-03 5.715581672957335e-04
1.390807378663571e-01 1.566955372945377e-03 5.682651421230114e-04
1.392275447302719e-01 1.357225125395460e-03 5.716120460431686e-04
1.393743514115918e-01 1.949757892056145e-03 5.677530605860038e-04
1.395211579101248e-01 1.549673564361874e-03 5.773844913912313e-04
1.396679642256785e-01 7.967840993491903e-04 5.726932926599722e-04
1.398147703580609e-01 1.809287872092065e-03 5.706089029672293e-04
1.399615763070799e-01 2.373394120821156e-03 5.772976257746058e-04
1.401083820725432e-01 8.967994448297656e-04 5.753179030583359e-04
1.402551876542587e-01 1.510333626172218e-03 5.785680192218836e-04
1.404019930520340e-01 1.552251851057368e-03 5.750168508170753e-04
1.405487982656773e-01 1.353502161065570e-03 5.789753377244171e-04
1.406956032949962e-01 1.523374479603798e-03 5.942288337482920e-04
1.408424081397986e-01 2.330582080176687e-03 6.090778871928823e-04
1.409892127998923e-01 1.836388411104525e-03 6.123860968001337e-04
1.411360172750852e-01 8.265215067476353e-04 6.205542908691948e-04
1.412828215651852e-01 1.154859788439446e-03 6.269288429094406e-04
1.414296256699999e-01 1.948780929758335e-03 6.247292450146949e-04
1.415764295893374e-01 1.316244640572306e-03 6.383063515594418e-04
1.417232333230055e-01 1.210000416304947e-03 6.345683003854634e-04
1.418700368708119e-01 1.391720584484486e-03 6.506384592512006e-04
1.420168402325645e-01 2.148876158382027e-04 6.580676837553965e-04
1.421636434080713e-01 1.138033354572055e-03 6.534628253127126e-04
1.423104463971400e-01 9.506149749010111e-05 6.680719677102663e-04
1.424572491995785e-01 1.199940713565229e-03 6.739297301653904e-04
1.426040518151946e-01 4.320212112387927e-04 6.841380215911571e-04
1.427508542437963e-01 1.481296336083076e-03 6.775755340954812e-04
1.428976564851913e-01 7.649338835464063e-04 6.880320818738005e-04
1.430444585391876e-01 1.181626743386176e-03 6.952307942715511e-04
1.431912604055929e-01 7.650407116263613e-04 7.002865382943489e-04
1.433380620842152e-01 1.014237300747228e-03 6.986580617595217e-04
1.434848635748623e-01 2.032740596515134e-03 7.053881142417625e-04
1.436316648773420e-01 6.378981422045342e-04 7.073021048778597e-04
1.437784659914622e-01 1.219805902104219e-04 7.157326095093220e-04
1.439252669170309e-01 5.222315262219797e-04 7.322606477155537e-04
1.440720676538558e-01 1.629061746632268e-03 7.180548151428333e-04
1.442188682017449e-01 3.474289325028847e-04 7.288318459028711e-04
1.443656685605060e-01 4.098713857601266e-05 7.397024474725444e-04
1.445124687299469e-01 4.266030345170477e-04 7.505927105547852e-04
1.446592687098756e-01 8.678533529796430e-04 7.450449241347387e-04
1.448060685000999e-01 -9.984128733739163e-04 7.566503764600799e-04
1.449528681004278e-01 1.334065382799030e-03 7.556152988393073e-04
1.450996675106670e-01 5.456331376915031e-04 7.606808517080742e-04
1.452464667306255e-01 1.991220612723940e-03 7.619592155746708e-04
1.453932657601112e-01 1.234239262555715e-03 7.736412946334599e-04
1.455400645989318e-01 8.857722050912481e-04 7.781608324237791e-04
1.456868632468954e-01 1.639005240620285e-03 7.806198507889855e-04
1.458336617038097e-01 6.854157448528508e-04 7.808759930305152e-04
1.459804599694828e-01 2.459840851403251e-03 7.911821376907226e-04
1.461272580437224e-01 7.227243128510287e-04 8.017066534148140e-04
1.462740559263364e-01 1.698723138138626e-03 8.047033917400189e-04
1.464208536171328e-01 -7.604829019662324e-04 8.058181164298778e-04
1.465676511159195e-01 -4.502233985827704e-05 8.088485053379507e-04
1.467144484225043e-01 7.818941670530056e-04 8.124167028047549e-04
1.468612455366952e-01 8.336663902120666e-04 8.167467192661436e-04
1.470080424582999e-01 1.918151105426198e-03 8.375364711152979e-04
1.471548391871265e-01 8.087313118488828e-04 8.156308402296559e-04
1.473016357229828e-01 5.732162226394572e-04 8.438591153608206e-04
1.474484320656767e-01 9.246614170411198e-04 8.308555118692058e-04
1.475952282150162e-01 1.025828852258958e-03 8.410444387754933e-04
1.477420241708091e-01 5.211198252102169e-04 8.372253978832974e-04
1.478888199328633e-01 1.062029997784717e-04 8.394821610499358e-04
1.480356155009868e-01 2.164757799002172e-03 8.580172039436648e-04
1.481824108749874e-01 7.422509200832595e-04 8.400376161964298e-04
1.483292060546731e-01 -1.661901008653587e-04 8.585003112134733e-04
1.484760010398518e-01 1.762575234146791e-03 8.418295855259848e-04
1.486227958303313e-01 9.161451271652713e-04 8.719391189896697e-04
1.487695904259196e-01 -1.025505006278678e-03 8.646583398898289e-04
1.489163848264247e-01 2.654892304871394e-03 8.541373908415756e-04
1.490631790316544e-01 -4.504989187839498e-04 8.786204792108740e-04
1.492099730414167e-01 8.365363709885509e-04 9.130115776784262e-04
1.493567668555194e-01 -2.706028213073459e-05 8.818393469515000e-04
1.495035604737705e-01 1.508898199069592e-04 8.760871815570605e-04
1.496503538959780e-01 6.485552153925491e-04 8.557709443692974e-04
1.497971471219496e-01 6.399574338290577e-04 8.850890098586735e-04
1.499439401514935e-01 2.200348640812563e-03 8.683895117341339e-04
1.500907329844174e-01 3.161863906735468e-04 8.879045153511878e-04
1.502375256205293e-01 4.987358897476966e-04 8.691558341265075e-04
1.503843180596373e-01 -2.040193033667071e-04 8.703300765409073e-04
1.505311103015491e-01 -6.806811624278423e-04 8.957932033182459e-04
1.506779023460727e-01 8.288596174451810e-04 8.716632093808414e-04
1.508246941930161e-01 1.989945626598535e-05 8.869818817754666e-04
1.509714858421872e-01 8.410116400465849e-04 8.791992993738255e-04
1.511182772933938e-01 2.271632047163460e-03 8.897285320102695e-04
1.512650685464441e-01 3.036792452916801e-04 9.034871339897052e-04
1.514118596011459e-01 -1.160361476126132e-03 8.707973455435912e-04
1.515586504573071e-01 5.052671553948085e-05 8.922559469392740e-04
1.517054411147357e-01 4.583997867229962e-04 8.890725298308745e-04
1.518522315732397e-01 8.353006331617523e-04 9.060727995883068e-04
1.519990218326269e-01 1.298203410718534e-03 9.068910582239070e-04
1.521458118927054e-01 -2.772198243779435e-04 8.844143483230722e-04
1.522926017532831e-01 9.929790682496301e-04 9.203230523544561e-04
1.524393914141679e-01 1.065237493784340e-03 9.039953080464646e-04
1.525861808751677e-01 -2.234931694780739e-04 9.206291188153565e-04
1.527329701360906e-01 3.042088635648712e-04 9.128309447047397e-04
1.528797591967446e-01 1.462399335949001e-03 9.166604665993252e-04
1.530265480569374e-01 7.568622486965258e-04 9.441363269730508e-04
1.531733367164773e-01 2.259355788667605e-03 8.976804098825511e-04
1.533201251751719e-01 1.802772091622997e-03 9.433410445723045e-04
1.534669134328294e-01 5.500753807145336e-04 9.106879948493443e-04
1.536137014892578e-01 -4.181057205653071e-04 9.354849759244318e-04
1.537604893442648e-01 9.109309574533725e-05 9.464047194264173e-04
1.539072769976586e-01 -1.004602235816564e-03 9.197427036010494e-04
1.540540644492471e-01 -3.697199764496326e-04 9.531892174734992e-04
1.542008516988383e-01 -4.336425841961046e-04 9.367999592678628e-04
1.543476387462401e-01 5.005511343117464e-04 9.717711790390512e-04
1.544944255912605e-01 8.757586340182906e-04 9.532453808996333e-04
1.546412122337075e-01 -7.124225105455293e-05 9.573208015654694e-04
1.547879986733890e-01 2.823759952652832e-03 9.740578122810138e-04
1.549347849101131e-01 2.961769682488706e-04 9.562219106001602e-04
1.550815709436878e-01 1.060650266949722e-03 9.671252639207940e-04
1.552283567739209e-01 7.955603549667774e-04 9.671807979657747e-04
1.553751424006205e-01 4.804198544581880e-04 9.767103651031471e-04
1.555219278235946e-01 -2.113734603716483e-04 9.775740510822664e-04
1.556687130426511e-01 9.456090782484014e-04 9.813123731477111e-04
1.558154980575980e-01 2.027436807427034e-04 9.874021044581328e-04
1.559622828682433e-01 4.853836298355791e-04 9.813567962891252e-04
1.561090674743951e-01 1.209722821489256e-03 9.982940292478158e-04
1.562558518758612e-01 -3.894860282599861e-05 9.864431603507295e-04
1.564026360724498e-01 1.411237115315817e-03 1.013097633010385e-03
1.565494200639687e-01 1.398600810403559e-03 9.884953723677365e-04
1.566962038502260e-01 2.215675613672553e-04 1.000513109997729e-03
1.568429874310297e-01 1.192888020730406e-03 1.018656098381835e-03
1.569897708061878e-01 2.586511826383307e-04 1.017941022613353e-03
1.571365539755082e-01 1.095895711937545e-03 1.021542856603793e-03
1.572833369387990e-01 -3.621339458666215e-04 1.010837165248289e-03
1.574301196958682e-01 1.532776214550125e-03 1.010037420095550e-03
1.575769022465238e-01 9.573424757504696e-04 1.037571551375752e-03
1.577236845905738e-01 1.960004419111637e-03 1.003478966136204e-03
1.578704667278262e-01 1.146891630605160e-03 1.039492907801285e-03
1.580172486580890e-01 1.373528639666096e-03 1.039563686162205e-03
1.581640303811701e-01 6.491760186382293e-04 1.028504376153288e-03
1.583108118968778e-01 -1.411210087305052e-04 1.040784498001095e-03
1.584575932050198e-01 4.268241265519909e-04 1.054264455210003e-03
1.586043743054044e-01 -1.234423919003592e-03 1.062084713183056e-03
1.587511551978395e-01 7.342286305707816e-04 1.076094251517353e-03
1.588979358821330e-01 -1.896690479473655e-04 1.057135135324694e-03
1.590447163580930e-01 1.103030178495154e-03 1.074791113019060e-03
1.591914966255276e-01 -9.040700543288406e-04 1.058954083429663e-03
1.593382766842448e-01 4.802882252607454e-04 1.071822136838062e-03
1.594850565340525e-01 1.449116623768312e-04 1.077410872468999e-03
1.596318361747588e-01 1.798896296507891e-04 1.073043100492851e-03
1.597786156061718e-01 -1.313837015255840e-03 1.087850315429340e-03
1.599253948280995e-01 1.352206712825944e-03 1.093537524898681e-03
1.600721738403499e-01 -1.993904102458274e-03 1.093110445205878e-03
1.602189526427309e-01 4.086733492978976e-04 1.103431809623472e-03
1.603657312350509e-01 1.292715935227650e-04 1.131472296112460e-03
1.605125096171175e-01 1.342349007455400e-03 1.112773447426861e-03
1.606592877887390e-01 2.773414670683839e-04 1.112215445599523e-03
1.608060657497234e-01 -5.098004827573997e-04 1.128154101673209e-03
1.609528434998787e-01 1.109991061527141e-03 1.131712128884214e-03
1.610996210390131e-01 6.659042165765643e-04 1.126429574064484e-03
1.612463983669344e-01 -2.088422899741058e-04 1.138656574952205e-03
1.613931754834508e-01 7.077627835759001e-04 1.137513531873310e-03
1.615399523883702e-01 -3.993965838728245e-04 1.151858319882107e-03
1.616867290815008e-01 3.229134679960104e-04 1.141991914785041e-03
1.618335055626506e-01 -2.763281510843155e-04 1.165498339873791e-03
1.619802818316277e-01 1.450514987467346e-04 1.163987108375219e-03
1.621270578882401e-01 2.318421492158618e-04 1.161644562814908e-03
1.622738337322958e-01 4.777976600837653e-04 1.168973340118391e-03
1.624206093636030e-01 1.317442654491292e-03 1.176557953815731e-03
1.625673847819697e-01 -6.124473421703140e-04 1.192193138544147e-03
1.627141599872038e-01 1.186821861018673e-03 1.199756884078977e-03
1.628609349791136e-01 -5.590219515028679e-04 1.210679283128716e-03
1.630077097575070e-01 1.351434193480894e-03 1.204853111165781e-03
1.631544843221922e-01 2.677833893181319e-03 1.190352841291661e-03
1.633012586729772e-01 -1.042851535434458e-03 1.193562495201781e-03
1.634480328096700e-01 -7.128937038357695e-04 1.214326208252371e-03
1.635948067320787e-01 7.344291562190229e-04 1.224047794295016e-03
1.637415804400115e-01 3.966434860280100e-04 1.207408343445291e-03
1.638883539332764e-01 3.097378523600379e-04 1.237347824624792e-03
1.640351272116813e-01 8.799998060576412e-04 1.246367234684705e-03
1.641819002750345e-01 6.973094528566358e-04 1.268827557060509e-03
1.643286731231440e-01 -1.765823647181153e-03 1.230449700386474e-03
1.644754457558179e-01 1.821118007682489e-03 1.261544200682419e-03
1.646222181728642e-01 -5.658509740596485e-04 1.249259758500400e-03
1.647689903740911e-01 1.846178762730870e-04 1.269971078892236e-03
1.649157623593066e-01 -2.153119913958698e-03 1.315727264349740e-03
1.650625341283188e-01 -8.900011097365417e-04 1.260995723569213e-03
1.652093056809359e-01 1.495118385811124e-03 1.293052360411662e-03
1.653560770169658e-01 -1.392992699232977e-03 1.310264491954754e-03
1.655028481362167e-01 -1.029693661046233e-03 1.307200130620556e-03
1.656496190384967e-01 -6.609304008502304e-04 1.309751351407965e-03
1.657963897236138e-01 -6.310528545533815e-04 1.314793990723559e-03
1.659431601913762e-01 1.067120215180954e-03 1.316590206895528e-03
1.660899304415920e-01 2.977013870664890e-04 1.335433767189784e-03
1.662367004740692e-01 -1.165228672805121e-03 1.358031192403400e-03
1.663834702886159e-01 -1.162469504836180e-03 1.348182509054235e-03
1.665302398850404e-01 -7.282908209138376e-04 1.363226369945457e-03
1.666770092631506e-01 6.348556176276152e-04 1.382333566846353e-03
1.668237784227546e-01 -8.192422298799392e-04 1.368680565577141e-03
1.669705473636607e-01 7.024779100263226e-04 1.374331087367831e-03
1.671173160856769e-01 -8.492833886593498e-04 1.387542063586281e-03
1.672640845886112e-01 2.323342455252434e-03 1.412816460804864e-03
1.674108528722718e-01 1.766968500623809e-03 1.420816504962696e-03
1.675576209364669e-01 -1.590156893981185e-03 1.449864374579574e-03
1.677043887810044e-01 3.943608869224158e-04 1.401160501256453e-03
1.678511564056927e-01 -1.144927069822239e-03 1.445564569470030e-03
1.679979238103397e-01 -1.176272667454458e-03 1.493692112804606e-03
1.681446909947535e-01 -1.060473493703437e-03 1.442015970881942e-03
1.682914579587425e-01 -4.750009267409917e-06 1.495435297630511e-03
1.684382247021145e-01 1.570804436711092e-03 1.480852203428827e-03
1.685849912246778e-01 1.213031477200563e-03 1.503435796068891e-03
1.687317575262405e-01 -1.251285070396836e-03 1.511521551754585e-03
1.688785236066107e-01 1.151263208930605e-04 1.543439264041918e-03
1.690252894655966e-01 -1.476671856302452e-04 1.540917301441432e-03
1.691720551030063e-01 -7.482829590400026e-04 1.519827002644563e-03
1.693188205186478e-01 1.351069664733736e-03 1.587142628246297e-03
1.694655857123294e-01 -1.062431919049086e-03 1.550230033674431e-03
1.696123506838591e-01 -1.257252635266079e-03 1.599946987601496e-03
1.697591154330453e-01 -1.488900998281787e-03 1.575183209503260e-03
1.699058799596958e-01 -8.468018594944380e-04 1.602585775959996e-03
1.700526442636189e-01 -9.848702987018470e-04 1.624183845505616e-03
1.701994083446229e-01 2.594359267664332e-03 1.605939491224584e-03
1.703461722025157e-01 -1.489539366607041e-03 1.683632099437416e-03
1.704929358371055e-01 8.588210574182204e-05 1.607581627350348e-03
1.706396992482005e-01 -2.115563819771066e-03 1.641841157599946e-03
1.707864624356089e-01 -9.153141847964273e-05 1.673963972315625e-03
1.709332253991387e-01 -3.964830328587297e-04 1.681330371892904e-03
1.710799881385982e-01 -3.193578249939167e-03 1.701154886115991e-03
1.712267506537955e-01 -1.868947497146113e-03 1.765705224779079e-03
1.713735129445388e-01 -2.853332144876200e-04 1.772075629712328e-03
1.715202750106361e-01 -2.313335503563637e-03 1.767582675675766e-03
1.716670368518958e-01 1.271727845735225e-03 1.817129025806123e-03
1.718137984681258e-01 9.216273959124698e-04 1.841144819876643e-03
1.719605598591345e-01 3.339894555423810e-04 1.804187404352015e-03
1.721073210247299e-01 3.425342248013124e-03 1.841082494343463e-03
1.722540819647203e-01 3.229647247361715e-05 1.890646205605944e-03
1.724008426789137e-01 -2.048806496376201e-03 1.891568162663440e-03
1.725476031671185e-01 1.149159563395945e-03 1.893641683749402e-03
1.726943634291426e-01 -2.489282668981209e-03 2.003245577125351e-03
1.728411234647944e-01 3.307362998417702e-04 2.026775666095922e-03
1.729878832738820e-01 1.531222139698588e-03 1.919906144771401e-03
1.731346428562135e-01 -3.112940842880671e-03 2.014633898452803e-03
1.732814022115972e-01 2.077994402137544e-03 2.034155618039627e-03
1.734281613398412e-01 -3.819680178230364e-03 2.038234194134244e-03
1.735749202407538e-01 -1.406152929489146e-03 2.077291561898466e-03
1.737216789141430e-01 9.666258040458470e-04 2.153796771383398e-03
1.738684373598171e-01 -3.132735999016012e-03 2.083229764350171e-03
1.740151955775843e-01 3.049394844503052e-03 2.179086884768945e-03
1.741619535672527e-01 2.093533248995438e-03 2.273971895046146e-03
1.743087113286306e-01 -2.233280818565395e-03 2.271272475110579e-03
1.744554688615261e-01 -1.660244253161778e-03 2.237484401746734e-03
1.746022261657475e-01 3.088366649741264e-04 2.345111087731343e-03
1.747489832411029e-01 1.512304822589753e-04 2.404902859223010e-03
1.748957400874005e-01 1.110828587718655e-03 2.398663026823204e-03
1.750424967044485e-01 3.410874830118376e-03 2.487872009932231e-03
1.751892530920552e-01 -3.151688115381774e-04 2.616901777604373e-03
1.753360092500287e-01 -1.930092314828352e-03 2.560652960506168e-03
1.754827651781772e-01 -2.080395836869270e-03 2.488860441826007e-03
1.756295208763090e-01 3.085600168075173e-03 2.590152871336944e-03
1.757762763442323e-01 2.650603349438304e-04 2.676373642188644e-03
1.759230315817552e-01 -8.859694261437223e-04 2.785558880750123e-03
1.760697865886859e-01 -1.694348279653866e-03 2.886642514433910e-03
1.762165413648328e-01 3.088389316010371e-03 2.824451242532512e-03
1.763632959100039e-01 -1.374850774316023e-03 2.930426730089773e-03
1.765100502240076e-01 -4.332425865321218e-03 2.955909335308177e-03
1.766568043066521e-01 2.259924579364015e-03 3.286127717626671e-03
1.768035581577454e-01 -6.759873787191946e-04 3.311604289646502e-03
1.769503117770959e-01 -6.218907775410290e-04 3.482428952978452e-03
1.770970651645119e-01 3.367194610737124e-03 3.446052814618886e-03
1.772438183198014e-01 3.114751111064748e-03 3.494729320080824e-03
1.773905712427729e-01 -5.010579829489169e-03 3.741947952541625e-03
1.775373239332344e-01 4.426213990169951e-03 3.772986803754646e-03
1.776840763909942e-01 -1.892237675050622e-03 4.180818024673829e-03
1.778308286158606e-01 -1.277520815378711e-03 4.400275263638898e-03
1.779775806076418e-01 -6.447373302193835e-03 4.578086517675697e-03
1.781243323661459e-01 -4.089277949228837e-03 4.779645541921547e-03
1.782710838911813e-01 -2.775120125223827e-03 5.486126168557302e-03
1.784178351825563e-01 -1.148108377669335e-02 5.907321843194572e-03
1.785645862400790e-01 -1.128596746679628e-02 7.103023705965721e-03
1.787113370635576e-01 -1.250138630292319e-03 7.538523454737807e-03
1.788580876528005e-01 -3.109884383816873e-03 1.063107728332945e-02
1.790048380076158e-01 1.056998641411178e-02 1.264383335606015e-02
