<X> <Y> <dY>
8.813602216919226e-04 -7.864942583818085e+01 2.722342470190865e+00
1.028253589049351e-03 -7.141671246650684e+01 1.483016494379509e+00
1.175146955056984e-03 -4.064975204934087e+01 1.126993729514810e+00
1.322040319521992e-03 -2.881004755777807e+01 6.919795159695575e-01
1.468933682251548e-03 -2.031756297107673e+01 5.022973114936006e-01
1.615827043052824e-03 -1.408194441317249e+01 3.541552861794529e-01
1.762720401732992e-03 -9.986397122265128e+00 3.068866888103839e-01
1.909613758099223e-03 -8.143723684448261e+00 2.631236805382960e-01
2.056507111958691e-03 -5.909670377108329e+00 2.218217983928019e-01
2.203400463118568e-03 -4.031299306569078e+00 1.949903184413432e-01
2.350293811386024e-03 -3.683845141284243e+00 1.635457217596317e-01
2.497187156568232e-03 -2.697830223102751e+00 1.470982217667802e-01
2.644080498472365e-03 -2.238016341240718e+00 1.285137378386731e-01
2.790973836905595e-03 -1.912799624251032e+00 1.131422107183373e-01
2.937867171675094e-03 -1.534293496479119e+00 1.045724407052091e-01
3.084760502588034e-03 -1.372071460676806e+00 9.264439132460324e-02
3.231653829451588e-03 -1.135861724001715e+00 8.475628931432752e-02
3.378547152072927e-03 -8.939818383416481e-01 7.771086613924512e-02
3.525440470259224e-03 -6.940705430555579e-01 7.012195167085887e-02
3.672333783817651e-03 -5.395566580919965e-01 6.541829800164842e-02
3.819227092555382e-03 -5.977931441362051e-01 5.889035391523280e-02
3.966120396279587e-03 -4.181360148438595e-01 5.623955570371371e-02
4.113013694797441e-03 -4.592082032335965e-01 5.081677269799070e-02
4.259906987916115e-03 -3.573538711257526e-01 4.704611406255855e-02
4.406800275442781e-03 -3.237698566816947e-01 4.448105852358365e-02
4.553693557184614e-03 -2.805121243615963e-01 4.109350465507845e-02
4.700586832948783e-03 -2.544042547636240e-01 3.846635081125718e-02
4.847480102542463e-03 -1.719520350639759e-01 3.580674790223882e-02
4.994373365772829e-03 -1.900574891958708e-01 3.386459360250259e-02
5.141266622447048e-03 -1.575076843640331e-01 3.183863185730392e-02
5.288159872372297e-03 -1.505360267121446e-01 2.947723941668755e-02
5.435053115355749e-03 -1.563936814885880e-01 2.811134309266635e-02
5.581946351204576e-03 -1.314751737639116e-01 2.650005668689809e-02
5.728839579725948e-03 -7.292256492603474e-02 2.475713834834203e-02
5.875732800727044e-03 -1.001424229763273e-01 2.361757543505236e-02
6.022626014015034e-03 -8.263432698928729e-02 2.239577802991996e-02
6.169519219397089e-03 -7.450808181223235e-02 2.122729217885655e-02
6.316412416680385e-03 -1.141271573493541e-01 2.028216204271658e-02
6.463305605672094e-03 -6.143614716573383e-02 1.903305866220844e-02
6.610198786179393e-03 -6.280728016087041e-02 1.807477133927184e-02
6.757091958009447e-03 -6.163428081562541e-02 1.715987182190612e-02
6.903985120969439e-03 -5.736128580157987e-02 1.638744626260468e-02
7.050878274866538e-03 -6.216542855215968e-02 1.575500514444373e-02
7.197771419507919e-03 -2.686303891138160e-02 1.477651315617559e-02
7.344664554700750e-03 -5.042596605448615e-02 1.420760687572408e-02
7.491557680252214e-03 -6.011272427641344e-02 1.370054974284794e-02
7.638450795969478e-03 -2.004976949099175e-02 1.299657325137840e-02
7.785343901659718e-03 -2.641005814429522e-02 1.251711058353069e-02
7.932236997130110e-03 -4.956806072347555e-02 1.184774196196714e-02
8.079130082187821e-03 -2.970316585364067e-02 1.149340725665610e-02
8.226023156640037e-03 -2.685946705032244e-02 1.104033103226729e-02
8.372916220293923e-03 -2.313216633169748e-02 1.044878406202932e-02
8.519809272956652e-03 1.092500447515050e-04 1.013867303530233e-02
8.666702314435403e-03 -2.147375973860492e-02 9.738523299399020e-03
8.813595344537354e-03 -1.377903478756278e-02 9.404546515066965e-03
8.960488363069672e-03 -2.479191173730745e-02 9.045766725170015e-03
9.107381369839535e-03 -2.595529401406843e-02 8.581973968831921e-03
9.254274364654119e-03 -2.578792789670218e-02 8.386539345855265e-03
9.401167347320593e-03 -1.627938540043822e-02 8.034979322816228e-03
9.548060317646137e-03 -1.641858321175056e-02 7.838500909150016e-03
9.694953275437929e-03 -8.829135824540243e-03 7.560413297769472e-03
9.841846220503138e-03 -2.720168611205927e-02 7.208233798198122e-03
9.988739152648940e-03 -7.545897124966755e-03 7.079518300946771e-03
1.013563207168251e-02 -1.875999000281443e-02 6.756846962441924e-03
1.028252497741103e-02 -5.174689852881808e-03 6.516120579519928e-03
1.042941786964167e-02 -2.257016511044845e-02 6.326297324431423e-03
1.057631074818160e-02 -1.877713449478416e-02 6.142468436386058e-03
1.072320361283801e-02 -1.919476456174437e-02 6.010551847885862e-03
1.087009646341806e-02 -9.376570336415190e-03 5.693532096089894e-03
1.101698929972894e-02 -7.371833677223349e-03 5.563933079550632e-03
1.116388212157781e-02 -1.011108408947533e-02 5.429136511772659e-03
1.131077492877186e-02 -9.727382512603952e-03 5.262487182117703e-03
1.145766772111827e-02 -1.117619961910011e-02 5.134182689140824e-03
1.160456049842420e-02 -7.183305993296063e-03 4.939766337867686e-03
1.175145326049683e-02 -1.215499424711163e-02 4.806426531271392e-03
1.189834600714335e-02 1.264377981834288e-03 4.678431854438728e-03
1.204523873817092e-02 -1.049035270755641e-02 4.551628106586507e-03
1.219213145338673e-02 -1.270290906187569e-02 4.398166750382699e-03
1.233902415259795e-02 -7.228662074581458e-03 4.308272690995755e-03
1.248591683561175e-02 -7.032918077176677e-03 4.207598963350297e-03
1.263280950223533e-02 -1.077871138224774e-02 4.098755670922495e-03
1.277970215227585e-02 -1.917681529318189e-03 3.921839456775979e-03
1.292659478554047e-02 -1.078316456277004e-02 3.850988816871541e-03
1.307348740183641e-02 -6.847674921008042e-03 3.778363838957863e-03
1.322038000097082e-02 4.861545715964568e-04 3.669325816609299e-03
1.336727258275089e-02 -7.518465148303110e-03 3.566749016838101e-03
1.351416514698378e-02 -7.562868798958817e-03 3.492638945036640e-03
1.366105769347668e-02 -2.562723428104850e-03 3.408873404417301e-03
1.380795022203677e-02 -5.038983257583319e-03 3.340890675924996e-03
1.395484273247122e-02 2.961585246811542e-03 3.230917699201359e-03
1.410173522458722e-02 -4.898460953462319e-03 3.162708059503015e-03
1.424862769819194e-02 -1.515432658682223e-03 3.102956943651230e-03
1.439552015309257e-02 -7.012382478671645e-03 3.027760881595867e-03
1.454241258909627e-02 -2.283971004773350e-03 2.968821823241974e-03
1.468930500601023e-02 -3.790274752100659e-03 2.864793747407193e-03
1.483619740364163e-02 -2.657152470979166e-03 2.805614618333384e-03
1.498308978179765e-02 3.001623588259718e-04 2.777537554907085e-03
1.512998214028546e-02 3.792751281938389e-04 2.696403831386206e-03
1.527687447891225e-02 2.850096867975381e-04 2.645602844689752e-03
1.542376679748520e-02 -4.516697128433013e-03 2.587634656774785e-03
1.557065909581149e-02 1.466492548142708e-03 2.542583154143635e-03
1.571755137369829e-02 -3.153688130785485e-03 2.479433608480240e-03
1.586444363095279e-02 -1.632659036991368e-03 2.423084144542810e-03
1.601133586738216e-02 -1.295849301902577e-03 2.392739080702783e-03
1.615822808279360e-02 -3.996457759887988e-03 2.337370986120771e-03
1.630512027699426e-02 -1.942862642541743e-03 2.290201152054229e-03
1.645201244979136e-02 3.540995880451361e-03 2.240280022500969e-03
1.659890460099205e-02 9.267007213933165e-04 2.188364037699374e-03
1.674579673040351e-02 1.213948452687163e-03 2.177181232842976e-03
1.689268883783294e-02 1.948086581337094e-03 2.128049534102168e-03
1.703958092308753e-02 -5.856652438225991e-04 2.091014450889864e-03
1.718647298597442e-02 6.377695218042111e-03 2.028061619995283e-03
1.733336502630083e-02 1.698974692875808e-04 1.997379170039092e-03
1.748025704387393e-02 3.165419452384007e-03 1.986294116102356e-03
1.762714903850091e-02 1.523189495601645e-03 1.933006619054432e-03
1.777404100998893e-02 -1.546721523416435e-03 1.907825359373122e-03
1.792093295814520e-02 1.600500525359966e-04 1.862288350653751e-03
1.806782488277687e-02 -6.997174967351433e-04 1.848575764325237e-03
1.821471678369116e-02 8.976359607645057e-04 1.813513363440531e-03
1.836160866069522e-02 1.261396507170283e-03 1.769054568890186e-03
1.850850051359626e-02 3.285503448817615e-03 1.801144036789679e-03
1.865539234220144e-02 3.145145139786464e-03 1.776563776904059e-03
1.880228414631796e-02 2.784876416736384e-03 1.741944162574043e-03
1.894917592575301e-02 -2.566822597536288e-04 1.740481841708890e-03
1.909606768031375e-02 1.305338403935874e-03 1.717792929707462e-03
1.924295940980738e-02 2.516582168209663e-03 1.740812238446248e-03
1.938985111404109e-02 3.181577457447841e-03 1.728715770869223e-03
1.953674279282204e-02 5.866556440542837e-04 1.736705686704412e-03
1.968363444595744e-02 1.124854235420964e-03 1.718695740552798e-03
1.983052607325447e-02 4.025705947867136e-03 1.707521343273482e-03
1.997741767452030e-02 2.750873636469133e-03 1.714564376066018e-03
2.012430924956213e-02 -1.342740064889433e-03 1.697217891406028e-03
2.027120079818715e-02 3.506829981317806e-03 1.672875959685550e-03
2.041809232020253e-02 3.589904026534767e-03 1.682984628727907e-03
2.056498381541546e-02 8.759569988639166e-04 1.666250862425393e-03
2.071187528363314e-02 5.026800010572291e-03 1.645472114587439e-03
2.085876672466273e-02 7.790852960649254e-04 1.630922627258541e-03
2.100565813831145e-02 2.834147897337778e-03 1.633897230573742e-03
2.115254952438645e-02 5.887393861361502e-03 1.617983057538460e-03
2.129944088269494e-02 1.224399300975800e-03 1.610134814406896e-03
2.144633221304411e-02 1.621532952148109e-03 1.595035201610258e-03
2.159322351524114e-02 1.799563297663023e-03 1.590886486183113e-03
2.174011478909322e-02 2.298359825556897e-03 1.572217510117049e-03
2.188700603440753e-02 2.475363377346347e-03 1.553860241212568e-03
2.203389725099126e-02 4.359051810209529e-03 1.533509099502914e-03
2.218078843865161e-02 2.809895181877830e-03 1.494180698177617e-03
2.232767959719575e-02 5.375639643508621e-03 1.489370524880461e-03
2.247457072643089e-02 5.068438340707289e-03 1.452496160706264e-03
2.262146182616420e-02 6.985402517520970e-03 1.431124272228895e-03
2.276835289620287e-02 6.688652549457348e-03 1.407131590385159e-03
2.291524393635411e-02 4.567601774876921e-03 1.385677180077419e-03
2.306213494642509e-02 5.196579342783313e-03 1.391197244935694e-03
2.320902592622301e-02 6.192705546924844e-03 1.354631779144806e-03
2.335591687555505e-02 4.028384250327607e-03 1.351653037890449e-03
2.350280779422841e-02 3.226724906623955e-03 1.326557657400661e-03
2.364969868205026e-02 6.832995420563407e-03 1.311980662588907e-03
2.379658953882782e-02 4.669347457409572e-03 1.311456697311985e-03
2.394348036436827e-02 5.814141926756193e-03 1.292878181177845e-03
2.409037115847880e-02 7.556571938716659e-03 1.286509543011673e-03
2.423726192096658e-02 5.764415365749271e-03 1.268467751811431e-03
2.438415265163884e-02 7.525237718602590e-03 1.245402275545008e-03
2.453104335030275e-02 7.965516543343805e-03 1.256621115385167e-03
2.467793401676551e-02 6.836499221983140e-03 1.229256860574514e-03
2.482482465083430e-02 5.299914215789320e-03 1.219762402745333e-03
2.497171525231632e-02 5.693631823303131e-03 1.210273573078457e-03
2.511860582101877e-02 6.194262474475900e-03 1.197131747071077e-03
2.526549635674884e-02 7.117728062773965e-03 1.179443583845457e-03
2.541238685931370e-02 7.638707951705719e-03 1.172868515210024e-03
2.555927732852058e-02 9.668117733986648e-03 1.170969568700275e-03
2.570616776417666e-02 6.264024678941189e-03 1.155883262890887e-03
2.585305816608912e-02 7.381133014377562e-03 1.147263564831025e-03
2.599994853406517e-02 8.139520337398946e-03 1.140940755117679e-03
2.614683886791200e-02 7.839100123167663e-03 1.129722118906136e-03
2.629372916743681e-02 7.525948594418134e-03 1.120893273919049e-03
2.644061943244679e-02 1.078434871532129e-02 1.119747210147502e-03
2.658750966274912e-02 1.009606817346195e-02 1.104013951871387e-03
2.673439985815102e-02 5.589999443250276e-03 1.105766535003392e-03
2.688129001845969e-02 1.041532968724865e-02 1.087411025058174e-03
2.702818014348229e-02 8.670928190011987e-03 1.080430218051139e-03
2.717507023302605e-02 8.942896635089523e-03 1.070622278914646e-03
2.732196028689816e-02 8.292546261460618e-03 1.067401215931284e-03
2.746885030490582e-02 1.008567820884187e-02 1.064449794077734e-03
2.761574028685621e-02 9.730226040323154e-03 1.059022821063529e-03
2.776263023255653e-02 1.069096661934994e-02 1.044737080344878e-03
2.790952014181400e-02 1.023232176534357e-02 1.034451654930266e-03
2.805641001443581e-02 1.013783706312667e-02 1.031328273775394e-03
2.820329985022913e-02 8.361591639407225e-03 1.031188117883950e-03
2.835018964900120e-02 1.019448418662899e-02 1.014231207697691e-03
2.849707941055920e-02 1.004015614479857e-02 1.006586592723530e-03
2.864396913471031e-02 1.000857877031837e-02 1.014879656984926e-03
2.879085882126178e-02 1.084010543586379e-02 9.958927504510530e-04
2.893774847002075e-02 1.078276590927310e-02 9.872929198928148e-04
2.908463808079444e-02 1.137225998568303e-02 9.881334576032489e-04
2.923152765339008e-02 1.020693984211262e-02 9.783192639407075e-04
2.937841718761485e-02 1.319621952714744e-02 9.755772833694631e-04
2.952530668327594e-02 1.053937726848738e-02 9.749243078363597e-04
2.967219614018056e-02 1.067536240282279e-02 9.674960799467260e-04
2.981908555813591e-02 1.155058281680913e-02 9.659597863304778e-04
2.996597493694921e-02 1.033601387892999e-02 9.506502639255126e-04
3.011286427642763e-02 1.305700390665227e-02 9.468042765005681e-04
3.025975357637840e-02 1.353525942906309e-02 9.410103140335462e-04
3.040664283660871e-02 1.313917246604735e-02 9.431216259702978e-04
3.055353205692574e-02 1.166662890694043e-02 9.367668780224736e-04
3.070042123713675e-02 1.254824160857113e-02 9.306018974721682e-04
3.084731037704891e-02 1.187082857181258e-02 9.199981713312454e-04
3.099419947646940e-02 1.119559080855498e-02 9.164553699093495e-04
3.114108853520547e-02 1.238431730587788e-02 9.159666616088134e-04
3.128797755306430e-02 1.300247556642080e-02 9.100232925463927e-04
3.143486652985308e-02 1.378827349701119e-02 8.930918660606856e-04
3.158175546537905e-02 1.290403448295191e-02 9.059659519646987e-04
3.172864435944940e-02 1.323155212741341e-02 9.078580664865183e-04
3.187553321187133e-02 1.355439676074893e-02 8.875768549262049e-04
3.202242202245206e-02 1.418507696820621e-02 8.873370262631546e-04
3.216931079099877e-02 1.366145444167891e-02 8.835277664064699e-04
3.231619951731869e-02 1.456831006697357e-02 8.900261677886180e-04
3.246308820121902e-02 1.231786536556035e-02 8.736775532379342e-04
3.260997684250697e-02 1.505629880904824e-02 8.697345348221054e-04
3.275686544098974e-02 1.403253020733138e-02 8.705923278031217e-04
3.290375399647455e-02 1.431819277433259e-02 8.581807737197058e-04
3.305064250876859e-02 1.429404527708883e-02 8.702730711324695e-04
3.319753097767910e-02 1.390497346291465e-02 8.553280738837989e-04
3.334441940301325e-02 1.346316553173722e-02 8.540619657314356e-04
3.349130778457828e-02 1.409912534347037e-02 8.542638119159882e-04
3.363819612218139e-02 1.424837981501537e-02 8.511838403026423e-04
3.378508441562977e-02 1.465151561563406e-02 8.421670114447211e-04
3.393197266473066e-02 1.507352073053307e-02 8.385591434150263e-04
3.407886086929125e-02 1.486462271762836e-02 8.365324357742282e-04
3.422574902911878e-02 1.375092393179679e-02 8.330692935790782e-04
3.437263714402042e-02 1.385078577829785e-02 8.267710264115603e-04
3.451952521380341e-02 1.436484364138454e-02 8.238236122364860e-04
3.466641323827495e-02 1.436877683245173e-02 8.295497846658428e-04
3.481330121724226e-02 1.453128564716977e-02 8.415171634362977e-04
3.496018915051253e-02 1.471652540309773e-02 8.576217870705113e-04
3.510707703789302e-02 1.447879225692839e-02 8.534343869598305e-04
3.525396487919091e-02 1.549749279136364e-02 8.521535416918904e-04
3.540085267421340e-02 1.644721077830159e-02 8.445593071779598e-04
3.554774042276775e-02 1.478786520989652e-02 8.381413164765448e-04
3.569462812466112e-02 1.684902334118490e-02 8.292646066309298e-04
3.584151577970077e-02 1.518997195503803e-02 8.198523557291681e-04
3.598840338769389e-02 1.477433332272278e-02 8.185639605537310e-04
3.613529094844770e-02 1.589432958856845e-02 8.095103003780118e-04
3.628217846176941e-02 1.545118487450069e-02 8.130576033070024e-04
3.642906592746626e-02 1.531906737344309e-02 8.068513997692782e-04
3.657595334534545e-02 1.523049564282591e-02 8.053723679539051e-04
3.672284071521419e-02 1.484894259629511e-02 8.004644795028888e-04
3.686972803687972e-02 1.568100102022153e-02 8.013235262797824e-04
3.701661531014922e-02 1.602694714692680e-02 7.907588566376411e-04
3.716350253482994e-02 1.509972193032990e-02 7.888277639893153e-04
3.731038971072909e-02 1.480621749720154e-02 7.868075093797488e-04
3.745727683765387e-02 1.620869592389288e-02 8.208243702004329e-04
3.760416391541153e-02 1.464112911834047e-02 8.076967278542647e-04
3.775105094380928e-02 1.386034573127036e-02 7.660152754247814e-04
3.789793792265433e-02 1.475003433020474e-02 7.738690217852363e-04
3.804482485175390e-02 1.545729516460911e-02 7.677578458331736e-04
3.819171173091522e-02 1.552741116890190e-02 7.608111879776432e-04
3.833859855994550e-02 1.511262636568125e-02 7.651675262127137e-04
3.848548533865198e-02 1.591370335355710e-02 7.590309949954712e-04
3.863237206684186e-02 1.649145161986092e-02 7.582163558965968e-04
3.877925874432238e-02 1.487761454153243e-02 7.608278239957110e-04
3.892614537090076e-02 1.576805059823340e-02 7.495903585998557e-04
3.907303194638420e-02 1.489163552872890e-02 7.604130799990068e-04
3.921991847057994e-02 1.476091634176592e-02 7.406699020624379e-04
3.936680494329520e-02 1.438942496238386e-02 7.456384308420491e-04
3.951369136433722e-02 1.477082169728893e-02 7.410170932915978e-04
3.966057773351322e-02 1.560184261284503e-02 7.355964537009894e-04
3.980746405063040e-02 1.555446300830975e-02 7.399495655038650e-04
3.995435031549600e-02 1.523082286967194e-02 7.271488430120293e-04
4.010123652791726e-02 1.492697252781055e-02 7.256961714509135e-04
4.024812268770137e-02 1.577263957235650e-02 7.294539785562995e-04
4.039500879465560e-02 1.485101801474368e-02 7.224330571070846e-04
4.054189484858715e-02 1.683034481106176e-02 7.259098685122763e-04
4.068878084930326e-02 1.521618474955319e-02 7.152699295289063e-04
4.083566679661114e-02 1.477650257353771e-02 7.172747132148037e-04
4.098255269031803e-02 1.412633720275822e-02 7.172735755114084e-04
4.112943853023117e-02 1.478322607614271e-02 7.222346029977461e-04
4.127632431615776e-02 1.529529920641011e-02 7.356979964588028e-04
4.142321004790505e-02 1.437655207892534e-02 7.326044333335499e-04
4.157009572528026e-02 1.551795792978626e-02 7.439163237192761e-04
4.171698134809063e-02 1.445822668937278e-02 7.502953426322755e-04
4.186386691614337e-02 1.515404319790813e-02 7.488805756701370e-04
4.201075242924574e-02 1.419945270753130e-02 7.505923376577968e-04
4.215763788720495e-02 1.482205919811123e-02 7.439062929066480e-04
4.230452328982824e-02 1.466985462744026e-02 7.522308930873930e-04
4.245140863692285e-02 1.486006476576578e-02 7.498486263223733e-04
4.259829392829599e-02 1.406220499565769e-02 7.467519843066148e-04
4.274517916375490e-02 1.378751256271842e-02 7.443483585970281e-04
4.289206434310684e-02 1.421562882968297e-02 7.468880476643495e-04
4.303894946615900e-02 1.389613005981957e-02 7.506508914648509e-04
4.318583453271865e-02 1.509568562043666e-02 7.472131527247470e-04
4.333271954259301e-02 1.490153019512657e-02 7.544571413766094e-04
4.347960449558931e-02 1.409819382019787e-02 7.394199969594887e-04
4.362648939151479e-02 1.359665802284314e-02 7.421113247749491e-04
4.377337423017669e-02 1.356174070337377e-02 7.458682033938501e-04
4.392025901138226e-02 1.374167175198363e-02 7.469340972734546e-04
4.406714373493869e-02 1.413702242176305e-02 7.476093124806440e-04
4.421402840065326e-02 1.536726410307036e-02 7.472213845414817e-04
4.436091300833320e-02 1.448461523923411e-02 7.470885347046562e-04
4.450779755778574e-02 1.465687358828550e-02 7.426768708922731e-04
4.465468204881811e-02 1.452098723884828e-02 7.444506828553310e-04
4.480156648123757e-02 1.454343970746417e-02 7.513701874191477e-04
4.494845085485134e-02 1.389626374623263e-02 7.448042651766059e-04
4.509533516946668e-02 1.382061529887881e-02 7.490390832531396e-04
4.524221942489082e-02 1.374425881132400e-02 7.468767038977666e-04
4.538910362093100e-02 1.483227699278738e-02 7.483326388571295e-04
4.553598775739446e-02 1.422074615422690e-02 7.472421028171358e-04
4.568287183408844e-02 1.390339570504679e-02 7.422167565296196e-04
4.582975585082019e-02 1.329473705093655e-02 7.349542481912930e-04
4.597663980739693e-02 1.279850916165457e-02 7.375696076302294e-04
4.612352370362593e-02 1.437985317636929e-02 7.297316559220957e-04
4.627040753931443e-02 1.468623304780885e-02 7.345019407971934e-04
4.641729131426967e-02 1.355272287583672e-02 7.213492056394385e-04
4.656417502829888e-02 1.350319528631704e-02 7.304192591823332e-04
4.671105868120932e-02 1.328756348909303e-02 7.280104623525004e-04
4.685794227280822e-02 1.405016795670241e-02 7.306441354320226e-04
4.700482580290285e-02 1.379904640858533e-02 7.197042837233633e-04
4.715170927130044e-02 1.331248761176704e-02 7.170907541594067e-04
4.729859267780824e-02 1.406691405773882e-02 7.204419740453772e-04
4.744547602223349e-02 1.359619394636372e-02 7.252197618232779e-04
4.759235930438345e-02 1.407211281521359e-02 7.257649893515945e-04
4.773924252406536e-02 1.422352527145984e-02 7.188212425806707e-04
4.788612568108647e-02 1.334807004064620e-02 7.181405720756660e-04
4.803300877525407e-02 1.296211458552230e-02 7.162770604209101e-04
4.817989180637530e-02 1.323712045324638e-02 7.193521248046491e-04
4.832677477425752e-02 1.267109052892661e-02 7.141020569053639e-04
4.847365767870793e-02 1.262095131206155e-02 7.095498908119164e-04
4.862054051953379e-02 1.330012106767869e-02 7.129142715188688e-04
4.876742329654236e-02 1.194478634643558e-02 7.092913132057304e-04
4.891430600954088e-02 1.312986966426555e-02 7.067419019960234e-04
4.906118865833660e-02 1.273368323066998e-02 7.092231723079147e-04
4.920807124273676e-02 1.401981447034522e-02 7.099034359116272e-04
4.935495376254866e-02 1.339741439031326e-02 7.072332873101326e-04
4.950183621757952e-02 1.344399015012664e-02 7.053247189900074e-04
4.964871860763660e-02 1.246198877856145e-02 7.083113253580207e-04
4.979560093252714e-02 1.319031103552807e-02 7.026200212520221e-04
4.994248319205841e-02 1.314423539609425e-02 7.045146893524820e-04
5.008936538603768e-02 1.238089365804388e-02 7.043116365616123e-04
5.023624751427219e-02 1.267082381791633e-02 7.004788496580050e-04
5.038312957656918e-02 1.270198059098208e-02 7.073765061457016e-04
5.053001157273595e-02 1.231428219819910e-02 6.981282708089571e-04
5.067689350257971e-02 1.248867789761770e-02 7.010109289176854e-04
5.082377536590776e-02 1.310108866498619e-02 6.968359186981830e-04
5.097065716252732e-02 1.257160609635261e-02 6.931238760038157e-04
5.111753889224568e-02 1.289905548052346e-02 6.975296234281997e-04
5.126442055487009e-02 1.227206961103674e-02 6.972671102880440e-04
5.141130215020779e-02 1.265881381907495e-02 6.908081895300779e-04
5.155818367806608e-02 1.252656141291548e-02 6.970557407466793e-04
5.170506513825220e-02 1.276878750914445e-02 6.911811520482284e-04
5.185194653057341e-02 1.384247690873587e-02 6.973682320104665e-04
5.199882785483697e-02 1.217921416567029e-02 6.872220317595356e-04
5.214570911085015e-02 1.225205834165905e-02 6.899125326159164e-04
5.229259029842022e-02 1.108322595310345e-02 6.868865503733057e-04
5.243947141735442e-02 1.230310556064775e-02 6.879413401816284e-04
5.258635246746002e-02 1.183006394820979e-02 6.888574688219720e-04
5.273323344854430e-02 1.239217319291642e-02 6.875094109546305e-04
5.288011436041453e-02 1.128872180488274e-02 6.885217401588295e-04
5.302699520287798e-02 1.195747046092557e-02 6.798479981689232e-04
5.317387597574186e-02 1.258976800745371e-02 6.863875791011502e-04
5.332075667881350e-02 1.315471608096114e-02 6.868550657419863e-04
5.346763731190016e-02 1.321094276273999e-02 6.796187650002142e-04
5.361451787480907e-02 1.282309438940738e-02 6.892346965874103e-04
5.376139836734754e-02 1.368675491275042e-02 6.791163900185077e-04
5.390827878932278e-02 1.311522973708174e-02 6.773023149724700e-04
5.405515914054214e-02 1.213984499864125e-02 6.750416766182028e-04
5.420203942081284e-02 1.284198822215958e-02 6.749851704629527e-04
5.434891962994216e-02 1.300921489949440e-02 6.896453021793701e-04
5.449579976773735e-02 1.225895833490004e-02 6.603753539096946e-04
5.464267983400574e-02 1.119296430554711e-02 6.738068950148745e-04
5.478955982855453e-02 1.271172934624499e-02 6.759126026953829e-04
5.493643975119106e-02 1.241560863650804e-02 6.747807272654471e-04
5.508331960172257e-02 1.290972964831744e-02 6.715157580436262e-04
5.523019937995633e-02 1.283514628095312e-02 6.693285996795602e-04
5.537707908569962e-02 1.135423185236700e-02 6.755866413246054e-04
5.552395871875969e-02 1.195539697871998e-02 6.752353438706438e-04
5.567083827894388e-02 1.139696578685880e-02 6.674113702134655e-04
5.581771776605941e-02 1.194147707468696e-02 6.695436207371068e-04
5.596459717991355e-02 1.147922765982039e-02 6.689783277432165e-04
5.611147652031365e-02 1.259389786936064e-02 6.736916005658238e-04
5.625835578706691e-02 1.087243463143220e-02 6.708322841335410e-04
5.640523497998061e-02 1.180980564333786e-02 6.594129190782623e-04
5.655211409886209e-02 1.264640196604384e-02 6.737641066358499e-04
5.669899314351858e-02 1.215518259487187e-02 6.690919882889244e-04
5.684587211375740e-02 1.255897543827063e-02 6.634702333177717e-04
5.699275100938578e-02 1.251334300126284e-02 6.691232781191364e-04
5.713962983021098e-02 1.206587265013381e-02 6.593920394580713e-04
5.728650857604041e-02 1.175731187202899e-02 6.577966192770986e-04
5.743338724668124e-02 1.261342190983742e-02 6.613270279682993e-04
5.758026584194079e-02 1.176131711343179e-02 6.582857302496051e-04
5.772714436162631e-02 1.153197480539447e-02 6.701584108820836e-04
5.787402280554513e-02 1.175047619178145e-02 6.602679422060681e-04
5.802090117350451e-02 1.137844610906076e-02 6.630799857553842e-04
5.816777946531173e-02 1.087107520604206e-02 6.560473785952744e-04
5.831465768077408e-02 1.241413467625782e-02 6.575110379140387e-04
5.846153581969887e-02 1.177748175340933e-02 6.625289403025234e-04
5.860841388189336e-02 1.227717967943510e-02 6.593342986782152e-04
5.875529186716485e-02 1.056566822614246e-02 6.609986606274130e-04
5.890216977532061e-02 1.124729811404235e-02 6.527491889502802e-04
5.904904760616795e-02 1.099455976769108e-02 6.572705702103734e-04
5.919592535951414e-02 1.184080548380480e-02 6.510053754278460e-04
5.934280303516650e-02 1.211479789794430e-02 6.607119719176666e-04
5.948968063293228e-02 1.191134678802043e-02 6.488891402572351e-04
5.963655815261879e-02 1.158241662670074e-02 6.653439304536630e-04
5.978343559403334e-02 1.222712799405416e-02 6.740566631153329e-04
5.993031295698319e-02 1.159402598888929e-02 6.738310284408657e-04
6.007719024127564e-02 1.184975943516919e-02 6.828110460281266e-04
6.022406744671802e-02 1.183885606531712e-02 6.856359739151380e-04
6.037094457311754e-02 1.223680494704934e-02 6.935333908107931e-04
6.051782162028158e-02 1.120336868356758e-02 6.887299863300204e-04
6.066469858801743e-02 1.168238607190205e-02 6.914875823864923e-04
6.081157547613233e-02 1.131447348968356e-02 7.076832967396398e-04
6.095845228443361e-02 1.106120902399736e-02 7.031496969185418e-04
6.110532901272856e-02 1.240538408648937e-02 7.153574393539315e-04
6.125220566082447e-02 1.209866704519857e-02 7.130413466404615e-04
6.139908222852867e-02 1.190880940011413e-02 7.138709535201938e-04
6.154595871564840e-02 9.972524644907619e-03 7.193381963242449e-04
6.169283512199103e-02 1.228184443997293e-02 7.208253393513303e-04
6.183971144736379e-02 1.201006242615144e-02 7.218996660256143e-04
6.198658769157404e-02 1.255820920212130e-02 7.238288502869068e-04
6.213346385442904e-02 1.116851510799725e-02 7.335725287725192e-04
6.228033993573612e-02 1.222673421188028e-02 7.336737000741171e-04
6.242721593530259e-02 1.196522245026191e-02 7.318621783537328e-04
6.257409185293569e-02 1.120595173151741e-02 7.198404599112356e-04
6.272096768844279e-02 1.004946263346003e-02 7.066499811079140e-04
6.286784344163118e-02 1.256186638002463e-02 6.966026063271734e-04
6.301471911230812e-02 1.190005688217476e-02 7.005620320098989e-04
6.316159470028096e-02 1.319572626858502e-02 6.901076856805774e-04
6.330847020535701e-02 1.159158635692634e-02 6.930779748269832e-04
6.345534562734356e-02 1.081241397591281e-02 6.879361861391840e-04
6.360222096604792e-02 1.140713990685875e-02 6.844555931030134e-04
6.374909622127738e-02 1.138250837479991e-02 6.781778751174387e-04
6.389597139283930e-02 1.092383770054271e-02 6.793253977810774e-04
6.404284648054094e-02 1.252109384716838e-02 6.873616110521890e-04
6.418972148418961e-02 1.106206276747287e-02 6.685982764344456e-04
6.433659640359266e-02 1.190419465635785e-02 6.830044106500019e-04
6.448347123855734e-02 1.156878207730620e-02 6.629237535390152e-04
6.463034598889104e-02 1.184423341510452e-02 6.747608444279470e-04
6.477722065440102e-02 1.154027556048790e-02 6.706628334942645e-04
6.492409523489458e-02 1.155271221801739e-02 6.651122421277096e-04
6.507096973017908e-02 1.219637846347615e-02 6.694804628076206e-04
6.521784414006179e-02 1.080701096304483e-02 6.652566038778378e-04
6.536471846435006e-02 1.164026325067836e-02 6.618329312304283e-04
6.551159270285120e-02 1.299226722135298e-02 6.652149769733964e-04
6.565846685537249e-02 1.197279812713703e-02 6.583441267707522e-04
6.580534092172129e-02 1.223204993742522e-02 6.640320447297803e-04
6.595221490170489e-02 1.200864951794626e-02 6.579954637746047e-04
6.609908879513064e-02 1.098554304686930e-02 6.531691377895258e-04
6.624596260180583e-02 1.170105855887955e-02 6.518091904550005e-04
6.639283632153778e-02 1.152566431875030e-02 6.515817276504372e-04
6.653970995413383e-02 1.086587061529706e-02 6.645372334924024e-04
6.668658349940126e-02 1.210967618851792e-02 6.482325015528254e-04
6.683345695714746e-02 1.263966165895036e-02 6.567728626415639e-04
6.698033032717969e-02 1.060097011990195e-02 6.470847879619966e-04
6.712720360930530e-02 1.192553994604952e-02 6.554248830878499e-04
6.727407680333160e-02 1.177799696920828e-02 6.490187444396626e-04
6.742094990906593e-02 1.198970571514769e-02 6.495050765960455e-04
6.756782292631559e-02 1.102644218928134e-02 6.460955605622809e-04
6.771469585488793e-02 1.191934323335259e-02 6.461893605107108e-04
6.786156869459029e-02 1.186048992836384e-02 6.507218199455512e-04
6.800844144522995e-02 9.929345310727094e-03 6.412224048567859e-04
6.815531410661428e-02 1.162561599992237e-02 6.462032006198353e-04
6.830218667855054e-02 1.002531758811182e-02 6.444432657502757e-04
6.844905916084618e-02 1.117102387445849e-02 6.467198373727960e-04
6.859593155330840e-02 1.087807722560424e-02 6.422971320508854e-04
6.874280385574461e-02 1.086534787170367e-02 6.348293394410764e-04
6.888967606796213e-02 1.167810670043049e-02 6.446186496716427e-04
6.903654818976826e-02 1.184397919307227e-02 6.344929218088413e-04
6.918342022097036e-02 1.229181065848552e-02 6.334887801817393e-04
6.933029216137575e-02 1.057217551509393e-02 6.404273856206042e-04
6.947716401079176e-02 1.118636818819968e-02 6.318999031845319e-04
6.962403576902575e-02 1.114586224809237e-02 6.410492364234448e-04
6.977090743588503e-02 1.006233810099816e-02 6.314447507924181e-04
6.991777901117695e-02 1.243099333511586e-02 6.341866689456879e-04
7.006465049470884e-02 1.049307406079124e-02 6.316307622189030e-04
7.021152188628801e-02 1.022690658677188e-02 6.343037444871883e-04
7.035839318572186e-02 1.003225208689540e-02 6.308773096264827e-04
7.050526439281767e-02 1.069466029520848e-02 6.216780019793067e-04
7.065213550738278e-02 1.125193947115462e-02 6.258322670508289e-04
7.079900652922456e-02 1.061507225550502e-02 6.313083373202614e-04
7.094587745815036e-02 1.163593475986991e-02 6.242087593263174e-04
7.109274829396750e-02 1.231858565083623e-02 6.302562073997783e-04
7.123961903648333e-02 1.081855734590828e-02 6.187730531590669e-04
7.138648968550515e-02 1.136538446870713e-02 6.287087872881491e-04
7.153336024084035e-02 1.078539866117993e-02 6.297489521791986e-04
7.168023070229627e-02 1.123158282193086e-02 6.150001034751005e-04
7.182710106968025e-02 1.044337180602853e-02 6.213107869752164e-04
7.197397134279965e-02 1.132592167195879e-02 6.153826198945792e-04
7.212084152146177e-02 1.323409580447090e-02 6.280098145076448e-04
7.226771160547400e-02 9.996490230526513e-03 6.176988929834089e-04
7.241458159464363e-02 1.180160544527868e-02 6.177752521708048e-04
7.256145148877813e-02 1.055687528274297e-02 6.186544208606259e-04
7.270832128768472e-02 9.597944940219351e-03 6.138749344966530e-04
7.285519099117078e-02 1.024096842517486e-02 6.146039990796087e-04
7.300206059904372e-02 1.083844546023465e-02 6.157161506370882e-04
7.314893011111082e-02 1.082653949025837e-02 6.121788741268352e-04
7.329579952717949e-02 1.096827762537114e-02 6.169029898523986e-04
7.344266884705702e-02 1.001591965886558e-02 6.112857996003093e-04
7.358953807055085e-02 1.112473243932077e-02 6.181085322045208e-04
7.373640719746824e-02 1.033010957527739e-02 6.045900798715062e-04
7.388327622761658e-02 1.063617249294557e-02 6.096590985054742e-04
7.403014516080324e-02 1.057980098297455e-02 6.092570203724760e-04
7.417701399683559e-02 1.019077146308954e-02 6.129983863541112e-04
7.432388273552094e-02 1.128488871910162e-02 6.118652137551483e-04
7.447075137666670e-02 1.159916060621240e-02 6.041595836017751e-04
7.461761992008017e-02 1.072464881616049e-02 6.076180365207978e-04
7.476448836556873e-02 1.097212318217092e-02 5.980009957562656e-04
7.491135671293978e-02 1.136425280618565e-02 6.057984663661276e-04
7.505822496200062e-02 1.146918926201891e-02 5.991265751333014e-04
7.520509311255867e-02 1.068059730874675e-02 5.986564404956069e-04
7.535196116442125e-02 1.017727140449110e-02 6.044969866192038e-04
7.549882911739574e-02 1.036104341568364e-02 5.990040167074498e-04
7.564569697128951e-02 1.036902521256438e-02 6.030657336798467e-04
7.579256472590988e-02 1.100600606832550e-02 5.981924072378377e-04
7.593943238106428e-02 1.118821634313490e-02 5.987264130941379e-04
7.608629993656001e-02 1.105163815546730e-02 5.980418729253122e-04
7.623316739220451e-02 1.135435874582608e-02 5.919160870175361e-04
7.638003474780510e-02 1.194291755481005e-02 5.966645813589063e-04
7.652690200316913e-02 9.868641833488760e-03 6.013435758362549e-04
7.667376915810399e-02 9.995624848291916e-03 5.970060250846680e-04
7.682063621241707e-02 1.074884255313317e-02 6.000197060435748e-04
7.696750316591573e-02 1.034618986834788e-02 5.940453902988610e-04
7.711437001840733e-02 9.441452315267107e-03 5.957182446532144e-04
7.726123676969926e-02 9.687369932234997e-03 5.894317868446754e-04
7.740810341959885e-02 1.126528313930824e-02 5.958851884621491e-04
7.755496996791353e-02 1.048110839406372e-02 5.940715511616445e-04
7.770183641445062e-02 1.002064516339884e-02 5.939764374156590e-04
7.784870275901755e-02 1.009571490666461e-02 5.932710974475556e-04
7.799556900142161e-02 1.100940421912383e-02 5.909377437913489e-04
7.814243514147029e-02 9.701654697672210e-03 5.925579354614438e-04
7.828930117897089e-02 1.077864037507742e-02 5.898792656047636e-04
7.843616711373082e-02 1.030937859488310e-02 5.934598004161669e-04
7.858303294555745e-02 1.058174982277847e-02 5.891690053034817e-04
7.872989867425814e-02 9.933300273170303e-03 5.791820032318796e-04
7.887676429964030e-02 1.090549158450464e-02 5.833939617166414e-04
7.902362982151130e-02 1.074025340910744e-02 5.888817689894287e-04
7.917049523967849e-02 9.847690004499247e-03 5.879476078139850e-04
7.931736055394929e-02 9.989834184684318e-03 5.804286475277531e-04
7.946422576413109e-02 1.027925355454056e-02 5.851056281390628e-04
7.961109087003126e-02 8.502387411177675e-03 5.873777018429219e-04
7.975795587145719e-02 1.028538356635208e-02 5.822407481508267e-04
7.990482076821626e-02 1.081004992096335e-02 5.905310057886196e-04
8.005168556011584e-02 1.010198688697844e-02 5.818405529573132e-04
8.019855024696333e-02 9.804759649035032e-03 5.843691160939568e-04
8.034541482856614e-02 9.811787299320494e-03 5.839646569488530e-04
8.049227930473164e-02 9.457987206186288e-03 5.873434520020425e-04
8.063914367526719e-02 1.031564657478417e-02 5.818703087939067e-04
8.078600793998023e-02 1.040593806179946e-02 5.809693082099469e-04
8.093287209867814e-02 1.027242934077364e-02 5.820728522439637e-04
8.107973615116830e-02 1.028486842003566e-02 5.803775195786839e-04
8.122660009725811e-02 1.040555940409376e-02 5.710314585211236e-04
8.137346393675496e-02 1.133801096246235e-02 5.842996713217527e-04
8.152032766946624e-02 1.116077640050903e-02 5.806233777417353e-04
8.166719129519935e-02 1.059886501161465e-02 5.789583268395496e-04
8.181405481376169e-02 9.724551953121848e-03 5.735307850814349e-04
8.196091822496063e-02 1.019878510794787e-02 5.770295313129687e-04
8.210778152860361e-02 9.942224247567929e-03 5.825135293928646e-04
8.225464472449802e-02 9.620938351138324e-03 5.740078486941032e-04
8.240150781245126e-02 1.018061352659338e-02 5.780456109249210e-04
8.254837079227068e-02 9.993709611763235e-03 5.702252562259468e-04
8.269523366376372e-02 9.426836525014488e-03 5.777370701596950e-04
8.284209642673782e-02 9.326676137391422e-03 5.759087801115207e-04
8.298895908100032e-02 1.003254246370230e-02 5.799820390490290e-04
8.313582162635863e-02 9.391183987822349e-03 5.708341273692781e-04
8.328268406262020e-02 1.044804120933824e-02 5.689538540446599e-04
8.342954638959241e-02 1.020569380279104e-02 5.756304262130710e-04
8.357640860708263e-02 9.149806785134284e-03 5.721847793235713e-04
8.372327071489834e-02 1.019671922816937e-02 5.677783846594953e-04
8.387013271284686e-02 1.028713105364840e-02 5.745697602333871e-04
8.401699460073567e-02 1.055023884756278e-02 5.626181682642709e-04
8.416385637837218e-02 1.114289984396850e-02 5.721815441171081e-04
8.431071804556375e-02 9.245589057970332e-03 5.689779492652265e-04
8.445757960211780e-02 9.584433137027511e-03 5.692868559203958e-04
8.460444104784176e-02 9.101815380579140e-03 5.705075209294233e-04
8.475130238254304e-02 1.074890848149417e-02 5.693503354933071e-04
8.489816360602907e-02 8.930366073619682e-03 5.755381824339036e-04
8.504502471810724e-02 9.786140026351519e-03 5.641876956360595e-04
8.519188571858496e-02 1.050771301487945e-02 5.695977666208136e-04
8.533874660726967e-02 9.069284824449513e-03 5.672037651812264e-04
8.548560738396878e-02 9.858388223478591e-03 5.687300056055807e-04
8.563246804848969e-02 9.798256397703542e-03 5.645347617747325e-04
8.577932860063983e-02 8.743182223422194e-03 5.660467503574963e-04
8.592618904022660e-02 9.822665673590553e-03 5.622466770449583e-04
8.607304936705747e-02 1.085698596818597e-02 5.675444896326768e-04
8.621990958093982e-02 9.897700946743403e-03 5.603380627981091e-04
8.636676968168105e-02 9.823464747127662e-03 5.671281209546771e-04
8.651362966908867e-02 9.712792176927405e-03 5.630077607045237e-04
8.666048954297001e-02 1.034957448620726e-02 5.634464144260873e-04
8.680734930313255e-02 9.993680272754196e-03 5.636300611041710e-04
8.695420894938369e-02 9.715328500451438e-03 5.600651600687613e-04
8.710106848153085e-02 1.032640525429690e-02 5.681628450573490e-04
8.724792789938152e-02 9.253147209603256e-03 5.567156110243685e-04
8.739478720274303e-02 1.011203603600107e-02 5.617905056406485e-04
8.754164639142284e-02 9.718438664112540e-03 5.631210290338052e-04
8.768850546522844e-02 9.672162502044061e-03 5.587793023921299e-04
8.783536442396719e-02 9.501247814459539e-03 5.618982033946102e-04
8.798222326744658e-02 9.538811562926118e-03 5.600808339022705e-04
8.812908199547397e-02 8.639168903352642e-03 5.557852280436080e-04
8.827594060785686e-02 9.741552300233011e-03 5.658759001142604e-04
8.842279910440262e-02 8.120747232684604e-03 5.559180746009668e-04
8.856965748491875e-02 1.025692797080608e-02 5.593378018950539e-04
8.871651574921269e-02 9.382922287419214e-03 5.565390789065448e-04
8.886337389709180e-02 8.252472347157411e-03 5.559178860023359e-04
8.901023192836355e-02 8.487515238733961e-03 5.544243633821497e-04
8.915708984283539e-02 8.665144358934255e-03 5.555017261341937e-04
8.930394764031480e-02 9.044908437956058e-03 5.526989226976993e-04
8.945080532060913e-02 8.895566900177652e-03 5.606612474078126e-04
8.959766288352591e-02 9.548726026207514e-03 5.492106560817826e-04
8.974452032887251e-02 9.179771473385058e-03 5.530574894731880e-04
8.989137765645640e-02 9.900555002242998e-03 5.526537352277817e-04
9.003823486608507e-02 9.606751200488312e-03 5.494918469479415e-04
9.018509195756588e-02 9.707882444911909e-03 5.561810808897704e-04
9.033194893070630e-02 8.762411686382402e-03 5.458757344533306e-04
9.047880578531384e-02 8.893534375707274e-03 5.579887657034610e-04
9.062566252119587e-02 9.442228456077992e-03 5.495221583117978e-04
9.077251913815987e-02 8.980859895059472e-03 5.511942494517381e-04
9.091937563601328e-02 7.846831677186446e-03 5.495452253932031e-04
9.106623201456360e-02 8.852717066634853e-03 5.491903586052621e-04
9.121308827361818e-02 8.558494812835811e-03 5.456865043435653e-04
9.135994441298455e-02 9.748886166574244e-03 5.524797432377305e-04
9.150680043247014e-02 9.157841133138696e-03 5.456694163099797e-04
9.165365633188237e-02 1.039723382019029e-02 5.514354818093997e-04
9.180051211102878e-02 8.673735498895396e-03 5.446861703570949e-04
9.194736776971676e-02 8.616039879515229e-03 5.486735376791216e-04
9.209422330775377e-02 9.081419615862887e-03 5.492664261772931e-04
9.224107872494727e-02 8.719619178835724e-03 5.428178979195874e-04
9.238793402110473e-02 9.137726222927144e-03 5.450588259303160e-04
9.253478919603364e-02 9.219407412803873e-03 5.416755409313491e-04
9.268164424954135e-02 8.909938818564030e-03 5.456203561750446e-04
9.282849918143544e-02 8.446018294366371e-03 5.391417866120341e-04
9.297535399152332e-02 8.726354751324480e-03 5.438244554244114e-04
9.312220867961245e-02 8.241581581535790e-03 5.445881977480457e-04
9.326906324551029e-02 9.963282948132564e-03 5.442158069119011e-04
9.341591768902432e-02 9.643409474828583e-03 5.476189860283152e-04
9.356277200996202e-02 8.330663791962215e-03 5.440373802611012e-04
9.370962620813084e-02 7.756611622669500e-03 5.372686480960180e-04
9.385648028333822e-02 8.889212876865582e-03 5.470881244151663e-04
9.400333423539166e-02 9.126339096885238e-03 5.375522000318414e-04
9.415018806409861e-02 7.935883046695989e-03 5.400611277717402e-04
9.429704176926657e-02 8.794279663241507e-03 5.394047881740183e-04
9.444389535070297e-02 9.630754041342518e-03 5.386738329361837e-04
9.459074880821530e-02 8.522473161126557e-03 5.411668331642576e-04
9.473760214161106e-02 8.986284585444803e-03 5.412326763442333e-04
9.488445535069767e-02 8.935812111197485e-03 5.445101680450114e-04
9.503130843528265e-02 8.833113036095673e-03 5.386883977143053e-04
9.517816139517343e-02 9.173634380486306e-03 5.405586264434929e-04
9.532501423017756e-02 9.015424856636509e-03 5.351684990787226e-04
9.547186694010244e-02 8.484205920962976e-03 5.370569855126001e-04
9.561871952475558e-02 8.781892207789521e-03 5.379141441479564e-04
9.576557198394450e-02 8.096003892498442e-03 5.364741934426085e-04
9.591242431747660e-02 9.294767050703433e-03 5.397777196440723e-04
9.605927652515940e-02 8.383501567997562e-03 5.336232169599716e-04
9.620612860680040e-02 8.488025992383665e-03 5.308000668290173e-04
9.635298056220708e-02 8.049524666042591e-03 5.317196648988260e-04
9.649983239118688e-02 8.365307262603516e-03 5.370140421822606e-04
9.664668409354732e-02 8.879380157038458e-03 5.356184929225159e-04
9.679353566909588e-02 7.857948703540637e-03 5.306794704000228e-04
9.694038711764005e-02 7.570538397581736e-03 5.333170064420838e-04
9.708723843898734e-02 7.394775170425564e-03 5.297302054544997e-04
9.723408963294519e-02 8.960406964279360e-03 5.329943128447072e-04
9.738094069932111e-02 8.018189823270263e-03 5.325540149782085e-04
9.752779163792259e-02 8.140525802706902e-03 5.286970542985033e-04
9.767464244855714e-02 7.942916746092219e-03 5.309636482678908e-04
9.782149313103225e-02 7.348066127836304e-03 5.309546172187997e-04
9.796834368515536e-02 8.025102861554429e-03 5.303897005979544e-04
9.811519411073406e-02 8.616964957597404e-03 5.277169818636286e-04
9.826204440757576e-02 8.821599533763486e-03 5.313656586646389e-04
9.840889457548796e-02 7.889609119877090e-03 5.291863523552180e-04
9.855574461427828e-02 8.707163991474514e-03 5.282688441678621e-04
9.870259452375403e-02 7.959519798883251e-03 5.296421683488277e-04
9.884944430372282e-02 7.926957410996246e-03 5.248486023705312e-04
9.899629395399215e-02 7.321532561790446e-03 5.285125314878035e-04
9.914314347436951e-02 7.849486974305590e-03 5.284257245792612e-04
9.928999286466240e-02 7.772775754256747e-03 5.205831087333891e-04
9.943684212467831e-02 7.717577757075130e-03 5.296646138864027e-04
9.958369125422474e-02 6.944786667908411e-03 5.242015277875232e-04
9.973054025310922e-02 8.094682255313295e-03 5.293305108906251e-04
9.987738912113926e-02 8.572754075873528e-03 5.273286392728428e-04
1.000242378581224e-01 7.720562050823480e-03 5.251149418836901e-04
1.001710864638660e-01 7.444694631299186e-03 5.374029827316183e-04
1.003179349381778e-01 7.902611961749927e-03 5.406775201175713e-04
1.004647832808650e-01 7.787124396101280e-03 5.513126111880759e-04
1.006116314917355e-01 7.845047170339776e-03 5.487320502843652e-04
1.007584795705964e-01 7.504945370453663e-03 5.540082216382507e-04
1.009053275172555e-01 6.579565648663139e-03 5.582168983569092e-04
1.010521753315203e-01 8.459872036158462e-03 5.611443053488185e-04
1.011990230131982e-01 8.228741944300887e-03 5.620458865940743e-04
1.013458705620967e-01 7.548077422995932e-03 5.644464843160055e-04
1.014927179780235e-01 6.698989750015919e-03 5.684693148478313e-04
1.016395652607859e-01 8.248145784195256e-03 5.789383766617450e-04
1.017864124101916e-01 8.129933171200242e-03 5.671593341968442e-04
1.019332594260479e-01 7.978559015912934e-03 5.779064978326733e-04
1.020801063081626e-01 7.988983511884019e-03 5.731940196737245e-04
1.022269530563430e-01 7.062541087442789e-03 5.823177304848281e-04
1.023737996703967e-01 7.716826163282555e-03 5.810597287005397e-04
1.025206461501313e-01 7.366051275717250e-03 5.769200806498627e-04
1.026674924953542e-01 8.818837676611997e-03 5.910401502537626e-04
1.028143387058730e-01 7.232356292988315e-03 5.903554072016428e-04
1.029611847814952e-01 7.976479728112952e-03 5.713343761250389e-04
1.031080307220284e-01 7.933720347214821e-03 5.702233867235347e-04
1.032548765272800e-01 8.309579906750311e-03 5.705160732472093e-04
1.034017221970575e-01 7.763229970757002e-03 5.653731533367287e-04
1.035485677311687e-01 8.377707086647441e-03 5.582989611879149e-04
1.036954131294208e-01 6.614093259703298e-03 5.538174586624628e-04
1.038422583916216e-01 6.454785918853214e-03 5.544813257431846e-04
1.039891035175785e-01 7.642518316716415e-03 5.513457365937242e-04
1.041359485070990e-01 7.669133048637205e-03 5.547236360190063e-04
1.042827933599908e-01 7.400973346399089e-03 5.453607279129719e-04
1.044296380760613e-01 7.208212305742294e-03 5.472738686956571e-04
1.045764826551180e-01 7.408811825875863e-03 5.484203917107356e-04
1.047233270969686e-01 8.305001424154863e-03 5.480371652182242e-04
1.048701714014205e-01 6.920864715693464e-03 5.394988064915259e-04
1.050170155682814e-01 7.443916523171809e-03 5.460687782908113e-04
1.051638595973586e-01 6.836032298417054e-03 5.419949890456528e-04
1.053107034884598e-01 7.249781076470041e-03 5.411633431599767e-04
1.054575472413926e-01 6.776302670785109e-03 5.370843534951076e-04
1.056043908559644e-01 7.873547851810055e-03 5.400578462755174e-04
1.057512343319829e-01 7.712059037933195e-03 5.416068407178178e-04
1.058980776692555e-01 8.109661004566084e-03 5.355582944039709e-04
1.060449208675899e-01 6.221029150974586e-03 5.342684807004855e-04
1.061917639267934e-01 8.006667504546063e-03 5.341355929014682e-04
1.063386068466738e-01 6.806158392771964e-03 5.332116522589441e-04
1.064854496270386e-01 7.854327045363842e-03 5.373815331127247e-04
1.066322922676953e-01 8.208927999060875e-03 5.318695967127543e-04
1.067791347684515e-01 6.941068866259097e-03 5.335039624628955e-04
1.069259771291147e-01 7.295722284679554e-03 5.343313675279045e-04
1.070728193494925e-01 6.683806139273331e-03 5.298404942512154e-04
1.072196614293924e-01 7.668710609186712e-03 5.339240086804678e-04
1.073665033686221e-01 6.430026690124725e-03 5.220485419566636e-04
1.075133451669889e-01 7.148870072742054e-03 5.284186834438500e-04
1.076601868243007e-01 6.429136194000195e-03 5.300260175497346e-04
1.078070283403648e-01 6.567642678935350e-03 5.248201430862186e-04
1.079538697149888e-01 7.175871478315397e-03 5.285617242018145e-04
1.081007109479804e-01 6.960302873513886e-03 5.237176413465683e-04
1.082475520391470e-01 7.157920697121629e-03 5.320565162545074e-04
1.083943929882962e-01 7.340403600110494e-03 5.263190017652098e-04
1.085412337952357e-01 7.236090774708818e-03 5.192272898091190e-04
1.086880744597730e-01 6.999349602011271e-03 5.324059222772597e-04
1.088349149817155e-01 7.460781625370220e-03 5.186981721251584e-04
1.089817553608711e-01 6.222679730180722e-03 5.245376726371456e-04
1.091285955970470e-01 7.488676213661192e-03 5.244822450085294e-04
1.092754356900511e-01 6.666378223550620e-03 5.184519292768050e-04
1.094222756396908e-01 6.563535075343146e-03 5.217103821264135e-04
1.095691154457736e-01 8.119563979375750e-03 5.158294427481832e-04
1.097159551081073e-01 7.630789870106244e-03 5.183998333504917e-04
1.098627946264993e-01 6.510413680043347e-03 5.123998716386760e-04
1.100096340007572e-01 6.558442574004735e-03 5.140721407258285e-04
1.101564732306887e-01 6.218926589187062e-03 5.154204565925099e-04
1.103033123161012e-01 6.702838168201294e-03 5.126574624557634e-04
1.104501512568025e-01 6.551809773927673e-03 5.152732983466293e-04
1.105969900525999e-01 7.214788604047451e-03 5.064327659967180e-04
1.107438287033013e-01 6.396547260297160e-03 5.150676295094031e-04
1.108906672087140e-01 6.274383300494171e-03 5.125535605038088e-04
1.110375055686457e-01 6.674153977766782e-03 5.185095174348569e-04
1.111843437829041e-01 6.513831286492913e-03 5.269979106461127e-04
1.113311818512966e-01 6.644531940288442e-03 5.270064328009110e-04
1.114780197736309e-01 6.839140253559343e-03 5.375567188138213e-04
1.116248575497145e-01 7.053746656147185e-03 5.397323575972786e-04
1.117716951793551e-01 6.675510396345395e-03 5.417359328140092e-04
1.119185326623603e-01 6.968647142687744e-03 5.499900046262408e-04
1.120653699985375e-01 5.922752582142202e-03 5.407544836439372e-04
1.122122071876945e-01 6.595577440636859e-03 5.493479822853736e-04
1.123590442296388e-01 6.764065916174720e-03 5.481459948279543e-04
1.125058811241781e-01 5.554519883118991e-03 5.564946649557456e-04
1.126527178711198e-01 5.726355000023437e-03 5.553462261846862e-04
1.127995544702717e-01 6.121957973083875e-03 5.543868081385068e-04
1.129463909214413e-01 6.514797285893676e-03 5.579871431078821e-04
1.130932272244362e-01 6.791869872198488e-03 5.512431483102315e-04
1.132400633790640e-01 6.157597695968833e-03 5.509292110130217e-04
1.133868993851323e-01 7.073025436680782e-03 5.504801667786493e-04
1.135337352424488e-01 5.962737606811309e-03 5.569014372232379e-04
1.136805709508210e-01 5.945211509132022e-03 5.609645938390311e-04
1.138274065100565e-01 6.553476131188040e-03 5.529903568874527e-04
1.139742419199631e-01 6.132783576848804e-03 5.540819960976552e-04
1.141210771803480e-01 6.820239186327326e-03 5.556685273592944e-04
1.142679122910192e-01 4.931528125597335e-03 5.570170065205446e-04
1.144147472517842e-01 4.993305359013318e-03 5.560452509701024e-04
1.145615820624505e-01 6.778861428139565e-03 5.571720297441332e-04
1.147084167228259e-01 5.920195794837801e-03 5.594140766848658e-04
1.148552512327178e-01 6.500886597466260e-03 5.575582658169652e-04
1.150020855919340e-01 6.000506123689141e-03 5.563432995467579e-04
1.151489198002821e-01 5.924935882150147e-03 5.638214041249540e-04
1.152957538575695e-01 5.889411418585925e-03 5.581834151591680e-04
1.154425877636041e-01 5.755674796514430e-03 5.621925700252405e-04
1.155894215181933e-01 6.918828717236679e-03 5.553768301781152e-04
1.157362551211449e-01 5.467933123881209e-03 5.609391714550940e-04
1.158830885722664e-01 5.392190723537806e-03 5.655910583866432e-04
1.160299218713654e-01 5.799745731866827e-03 5.665473089493431e-04
1.161767550182498e-01 5.261722912684424e-03 5.669163602237985e-04
1.163235880127268e-01 6.510747836057798e-03 5.596120099960536e-04
1.164704208546044e-01 6.140246201842422e-03 5.685959355382317e-04
1.166172535436900e-01 4.847129148265738e-03 5.616294774967802e-04
1.167640860797913e-01 6.092809250520676e-03 5.615047044887750e-04
1.169109184627159e-01 6.052393543249998e-03 5.636554226287510e-04
1.170577506922715e-01 6.099196154296970e-03 5.665166693861205e-04
1.172045827682657e-01 5.969809425850253e-03 5.681025483584850e-04
1.173514146905061e-01 5.553898364428223e-03 5.639350498311915e-04
1.174982464588003e-01 6.434815980842810e-03 5.640881025868107e-04
1.176450780729561e-01 5.543307519339825e-03 5.691245612131645e-04
1.177919095327811e-01 5.899331796889719e-03 5.724398082616111e-04
1.179387408380827e-01 4.582928094761965e-03 5.636460440082950e-04
1.180855719886688e-01 4.689378725017701e-03 5.648062451045318e-04
1.182324029843469e-01 5.362716928052154e-03 5.716998284249597e-04
1.183792338249248e-01 5.433180189685232e-03 5.685539646299371e-04
1.185260645102099e-01 5.978750751245496e-03 5.696111426467304e-04
1.186728950400101e-01 6.602408643386201e-03 5.676498079228804e-04
1.188197254141328e-01 5.593801729931136e-03 5.707693094734490e-04
1.189665556323859e-01 4.797982939828119e-03 5.764904168785316e-04
1.191133856945769e-01 5.792607656897189e-03 5.694002321869628e-04
1.192602156005134e-01 5.553443407467443e-03 5.706779631276232e-04
1.194070453500032e-01 5.130370778196937e-03 5.675323454936901e-04
1.195538749428538e-01 5.745003667104320e-03 5.684488177397620e-04
1.197007043788729e-01 4.574201154408776e-03 5.732038532653596e-04
1.198475336578682e-01 5.562697370197732e-03 5.655655396375188e-04
1.199943627796474e-01 5.820290112456420e-03 5.771500344933833e-04
1.201411917440180e-01 6.245682787260461e-03 5.716359926190783e-04
1.202880205507879e-01 6.187650831663061e-03 5.745279141485636e-04
1.204348491997644e-01 5.231406097148249e-03 5.718563209415786e-04
1.205816776907555e-01 5.251663541385626e-03 5.706847949101864e-04
1.207285060235687e-01 5.377034990056428e-03 5.766603431081591e-04
1.208753341980116e-01 5.287225083773309e-03 5.730671701321453e-04
1.210221622138920e-01 6.290287436557520e-03 5.727613348628499e-04
1.211689900710175e-01 5.622907494644031e-03 5.675323452076908e-04
1.213158177691958e-01 6.436542770113635e-03 5.768089424817933e-04
1.214626453082345e-01 5.604526366121270e-03 5.795621995511847e-04
1.216094726879414e-01 5.824282026666027e-03 5.733417216509702e-04
1.217562999081240e-01 5.356215031246024e-03 5.722578530078561e-04
1.219031269685900e-01 4.852172132240710e-03 5.718084966896588e-04
1.220499538691473e-01 5.610940883599554e-03 5.765278952212951e-04
1.221967806096032e-01 5.986982834288617e-03 5.770864952986801e-04
1.223436071897657e-01 5.941249836056569e-03 5.676073218588447e-04
1.224904336094423e-01 5.591833840876343e-03 5.796426384995662e-04
1.226372598684407e-01 5.016177865892321e-03 5.760984645856134e-04
1.227840859665686e-01 4.508701743478011e-03 5.790191805171292e-04
1.229309119036337e-01 5.226390770197940e-03 5.723841864101347e-04
1.230777376794436e-01 5.552430135404755e-03 5.706656959974621e-04
1.232245632938061e-01 4.274412243166241e-03 5.782196255625957e-04
1.233713887465287e-01 5.841519023826586e-03 5.675153361680379e-04
1.235182140374194e-01 5.654813240111134e-03 5.819114866138320e-04
1.236650391662856e-01 4.947606228281656e-03 5.742824758392434e-04
1.238118641329350e-01 5.278194763969901e-03 5.773725530264235e-04
1.239586889371753e-01 5.448647496897051e-03 5.837663439837238e-04
1.241055135788144e-01 3.585539035112226e-03 5.724713605700670e-04
1.242523380576598e-01 4.794419093368462e-03 5.798534162112435e-04
1.243991623735193e-01 5.333874647420322e-03 5.741084091206788e-04
1.245459865262004e-01 4.889239697925466e-03 5.758558712964905e-04
1.246928105155109e-01 5.180959070050004e-03 5.778311190745032e-04
1.248396343412586e-01 5.231468340749441e-03 5.758570803399506e-04
1.249864580032510e-01 5.527797615440552e-03 5.785059031170169e-04
1.251332815012960e-01 5.381331740128374e-03 5.800315673594075e-04
1.252801048352011e-01 4.826918460518860e-03 5.785607972742524e-04
1.254269280047742e-01 4.212002333144310e-03 5.773585933982844e-04
1.255737510098228e-01 4.773350856041927e-03 5.772917236280835e-04
1.257205738501548e-01 5.362574168234432e-03 5.840917411812957e-04
1.258673965255777e-01 4.311271326566200e-03 5.769923305668785e-04
1.260142190358993e-01 4.895398045495603e-03 5.816890480645177e-04
1.261610413809274e-01 3.877395466186663e-03 5.784018403973606e-04
1.263078635604696e-01 4.892156364519529e-03 5.721282032857337e-04
1.264546855743336e-01 3.615334975516300e-03 5.787568892455710e-04
1.266015074223272e-01 4.496821645017991e-03 5.688487305911322e-04
1.267483291042580e-01 4.064046452530541e-03 5.727785071177881e-04
1.268951506199338e-01 4.851896191674744e-03 5.720722693124483e-04
1.270419719691622e-01 4.282550744172468e-03 5.745781724066269e-04
1.271887931517510e-01 4.986349392784695e-03 5.698329851325954e-04
1.273356141675080e-01 4.409204755854297e-03 5.729755126499021e-04
1.274824350162407e-01 4.252730558653324e-03 5.705439529554306e-04
1.276292556977570e-01 3.994522534675355e-03 5.701070852211130e-04
1.277760762118645e-01 4.477310942486806e-03 5.780459101825225e-04
1.279228965583711e-01 3.705849260529873e-03 5.678253375591330e-04
1.280697167370843e-01 4.246366722846591e-03 5.741864682181671e-04
1.282165367478119e-01 4.837157667983864e-03 5.784927730506115e-04
1.283633565903617e-01 4.970859397298440e-03 5.665384774271160e-04
1.285101762645414e-01 4.946818802931828e-03 5.764178382168897e-04
1.286569957701586e-01 4.462748002003012e-03 5.668311170654269e-04
1.288038151070212e-01 4.794266188701195e-03 5.723704566689995e-04
1.289506342749369e-01 5.396324861110220e-03 5.751971606420375e-04
1.290974532737133e-01 4.405262224544756e-03 5.690690761945083e-04
1.292442721031583e-01 5.701613369692218e-03 5.784955036588763e-04
1.293910907630794e-01 5.141424882664130e-03 5.728200485620287e-04
1.295379092532846e-01 4.145541757647029e-03 5.720817582852038e-04
1.296847275735815e-01 4.456325168965021e-03 5.737455224513650e-04
1.298315457237779e-01 4.147898567119656e-03 5.724666340237922e-04
1.299783637036815e-01 4.627409815468488e-03 5.815266963533902e-04
1.301251815131000e-01 5.408494703651174e-03 5.721527477250320e-04
1.302719991518412e-01 4.974233257321999e-03 5.769829001573986e-04
1.304188166197129e-01 4.756988231146595e-03 5.745274803454848e-04
1.305656339165226e-01 3.270177779695000e-03 5.785942609999260e-04
1.307124510420783e-01 4.758931594107009e-03 5.754806994079142e-04
1.308592679961877e-01 4.066718112709203e-03 5.753605060757640e-04
1.310060847786584e-01 4.593364698241584e-03 5.737621408070381e-04
1.311529013892983e-01 4.696278183295064e-03 5.782445655486558e-04
1.312997178279152e-01 4.167515780436428e-03 5.758356964970954e-04
1.314465340943166e-01 3.595099155727689e-03 5.694831054491509e-04
1.315933501883105e-01 4.948404148281805e-03 5.698069508900911e-04
1.317401661097045e-01 5.060754141107356e-03 5.770703720214920e-04
1.318869818583065e-01 3.305470355217890e-03 5.731946118227279e-04
1.320337974339242e-01 3.874826537547422e-03 5.779185203746602e-04
1.321806128363652e-01 4.416153600469733e-03 5.753496892396427e-04
1.323274280654375e-01 4.136345324439833e-03 5.772829852189165e-04
1.324742431209487e-01 3.940294352602461e-03 5.821701324554878e-04
1.326210580027065e-01 4.044902858612966e-03 5.688320246805645e-04
1.327678727105190e-01 4.523247504566254e-03 5.770846045908650e-04
1.329146872441935e-01 4.178266565544639e-03 5.735778840036723e-04
1.330615016035382e-01 3.549124441354286e-03 5.707440963722678e-04
1.332083157883606e-01 4.046597507588203e-03 5.714726492842360e-04
1.333551297984685e-01 3.676138972295384e-03 5.741706211507903e-04
1.335019436336697e-01 3.292045404889718e-03 5.755264497918196e-04
1.336487572937721e-01 3.830512727559225e-03 5.756252213281562e-04
1.337955707785833e-01 3.123298371337399e-03 5.806198231339568e-04
1.339423840879111e-01 3.791049827588584e-03 5.806754774442330e-04
1.340891972215633e-01 4.125921987147841e-03 5.729070155773069e-04
1.342360101793477e-01 5.133885106548270e-03 5.776119357091145e-04
1.343828229610720e-01 4.677857545165585e-03 5.698985965568571e-04
1.345296355665440e-01 4.867886448193502e-03 5.820517525727037e-04
1.346764479955716e-01 2.873704694743833e-03 5.693900040752012e-04
1.348232602479625e-01 3.610851306040230e-03 5.775420623402186e-04
1.349700723235245e-01 3.695343593117056e-03 5.749686486528540e-04
1.351168842220653e-01 3.950946147134483e-03 5.703233620058806e-04
1.352636959433928e-01 4.791283996119474e-03 5.783835438722388e-04
1.354105074873147e-01 4.301525189929769e-03 5.683298031370633e-04
1.355573188536388e-01 4.022878254372821e-03 5.806293121532580e-04
1.357041300421729e-01 3.415815910034328e-03 5.739870994243105e-04
1.358509410527249e-01 3.015889764847173e-03 5.774495505913411e-04
1.359977518851024e-01 2.937030650447497e-03 5.785973805442457e-04
1.361445625391133e-01 4.310764366156817e-03 5.717952498114998e-04
1.362913730145654e-01 5.205265064107014e-03 5.802510954229755e-04
1.364381833112665e-01 4.808851830474895e-03 5.751583937579039e-04
1.365849934290243e-01 3.850897865266750e-03 5.753386748317661e-04
1.367318033676468e-01 3.472310357179434e-03 5.823316848163770e-04
1.368786131269416e-01 3.478631115375069e-03 5.718077520077217e-04
1.370254227067166e-01 4.398841936580777e-03 5.767504163880293e-04
1.371722321067795e-01 3.376288857488386e-03 5.702974084232706e-04
1.373190413269383e-01 3.908037917049034e-03 5.753154357421284e-04
1.374658503670007e-01 4.347471763387064e-03 5.829192063008293e-04
1.376126592267744e-01 3.758841541903074e-03 5.765080239381626e-04
1.377594679060673e-01 3.433578902631493e-03 5.855324559091647e-04
1.379062764046873e-01 2.030069719445164e-03 5.659949530411583e-04
1.380530847224421e-01 2.832796804592661e-03 5.771366999459812e-04
1.381998928591395e-01 2.706026486484700e-03 5.814068276053381e-04
1.383467008145873e-01 3.225093985091926e-03 5.744259285911726e-04
1.384935085885935e-01 4.021192160952165e-03 5.813086208323074e-04
1.386403161809657e-01 3.549869344358166e-03 5.701912155698782e-04
1.387871235915119e-01 4.145895968145403e-03 5.787886237160520e-04
1.389339308200397e-01 3.393596411625207e-03 5.782491458452369e-04
1.390807378663571e-01 2.343724612429167e-03 5.699367066438027e-04
1.392275447302719e-01 3.880419246116825e-03 5.809758516925519e-04
1.393743514115918e-01 3.249057489975763e-03 5.717530360785863e-04
1.395211579101248e-01 3.015218334191423e-03 5.820640209806416e-04
1.396679642256785e-01 2.247906095115494e-03 5.772680026195072e-04
1.398147703580609e-01 2.932249624825865e-03 5.737993913276483e-04
1.399615763070799e-01 3.747412049505023e-03 5.815143453473078e-04
1.401083820725432e-01 2.987850207184826e-03 5.826770303067173e-04
1.402551876542587e-01 1.972820106848683e-03 5.788493055521105e-04
1.404019930520340e-01 3.100924485297652e-03 5.799740617611541e-04
1.405487982656773e-01 3.848932286047534e-03 5.880012534996308e-04
1.406956032949962e-01 3.170697983439986e-03 5.997224204572952e-04
1.408424081397986e-01 3.539118095401071e-03 6.127510117247671e-04
1.409892127998923e-01 2.181297643519044e-03 6.121417304668868e-04
1.411360172750852e-01 2.422976903279188e-03 6.262068999658215e-04
1.412828215651852e-01 4.000966422080119e-03 6.386959583976137e-04
1.414296256699999e-01 3.295686525097394e-03 6.294047452563772e-04
1.415764295893374e-01 2.322427779649050e-03 6.413240449346849e-04
1.417232333230055e-01 3.745246110308127e-03 6.452943783409612e-04
1.418700368708119e-01 3.143794211046902e-03 6.575592750387813e-04
1.420168402325645e-01 2.868192534040432e-03 6.694880962828132e-04
1.421636434080713e-01 2.969610438837138e-03 6.608215198870964e-04
1.423104463971400e-01 2.059859857449867e-03 6.761832277056150e-04
1.424572491995785e-01 2.006524787416822e-03 6.760783075041585e-04
1.426040518151946e-01 2.372570422100923e-03 6.922577720043286e-04
1.427508542437963e-01 3.066712210609962e-03 6.838495901936463e-04
1.428976564851913e-01 2.568192760226263e-03 6.955435414372573e-04
1.430444585391876e-01 3.004068141280907e-03 7.028756744475686e-04
1.431912604055929e-01 1.926383469231721e-03 7.044600271285654e-04
1.433380620842152e-01 3.794713029132628e-03 7.116622951118125e-04
1.434848635748623e-01 3.473175964313833e-03 7.111790954311356e-04
1.436316648773420e-01 3.406096371911229e-03 7.203492591816672e-04
1.437784659914622e-01 2.516603484928642e-03 7.270183065812667e-04
1.439252669170309e-01 2.595640049276960e-03 7.417249890656540e-04
1.440720676538558e-01 3.681727925130230e-03 7.274136164111608e-04
1.442188682017449e-01 1.916750007229302e-03 7.356170112854559e-04
1.443656685605060e-01 1.056378664445104e-03 7.432548234083165e-04
1.445124687299469e-01 4.159410902054347e-03 7.700749612377754e-04
1.446592687098756e-01 3.758356895293342e-03 7.593414235647545e-04
1.448060685000999e-01 1.796283511112633e-03 7.707384034499657e-04
1.449528681004278e-01 2.793590462421108e-03 7.618727143219920e-04
1.450996675106670e-01 2.289690247073296e-03 7.687596305775951e-04
1.452464667306255e-01 3.471928492903224e-03 7.684871649909535e-04
1.453932657601112e-01 3.089505589153673e-03 7.823249097002575e-04
1.455400645989318e-01 2.849790959117271e-03 7.879062558796227e-04
1.456868632468954e-01 2.549134697684534e-03 7.837661113963692e-04
1.458336617038097e-01 2.053230025260499e-03 7.869892098366465e-04
1.459804599694828e-01 3.347153382983954e-03 7.941536584359579e-04
1.461272580437224e-01 3.285918252192183e-03 8.151984130893221e-04
1.462740559263364e-01 3.926094986829751e-03 8.162820568115119e-04
1.464208536171328e-01 1.778009231878590e-03 8.194631254519562e-04
1.465676511159195e-01 2.738672409555443e-03 8.241066006690267e-04
1.467144484225043e-01 2.352858270167286e-03 8.198841635919067e-04
1.468612455366952e-01 2.949932522166234e-03 8.279481412282446e-04
1.470080424582999e-01 2.225152647553416e-03 8.369847586997416e-04
1.471548391871265e-01 1.961309126850820e-03 8.204157115435707e-04
1.473016357229828e-01 2.733269195328130e-03 8.552956282132371e-04
1.474484320656767e-01 1.502573580591699e-03 8.320820581385985e-04
1.475952282150162e-01 1.809003686831386e-03 8.436717099268691e-04
1.477420241708091e-01 1.589559823806239e-03 8.415871242761346e-04
1.478888199328633e-01 1.436596197527939e-03 8.456492024653359e-04
1.480356155009868e-01 3.239002228985928e-03 8.625431063102845e-04
1.481824108749874e-01 3.057046586382555e-03 8.524779234490900e-04
1.483292060546731e-01 2.377445715130168e-03 8.727524351515065e-04
1.484760010398518e-01 3.506330779733121e-03 8.508069804810814e-04
1.486227958303313e-01 1.445236540655730e-03 8.728223047016289e-04
1.487695904259196e-01 1.622911281400701e-03 8.800997237120707e-04
1.489163848264247e-01 3.605518128874589e-03 8.577865749857879e-04
1.490631790316544e-01 5.147078172100027e-04 8.825195233470296e-04
1.492099730414167e-01 3.642867307126051e-03 9.277978174514384e-04
1.493567668555194e-01 1.521885822774193e-03 8.897736960235092e-04
1.495035604737705e-01 3.119025725314787e-03 8.938765680030909e-04
1.496503538959780e-01 2.768344836754688e-03 8.674967154382725e-04
1.497971471219496e-01 1.610540265946758e-03 8.891606859937604e-04
1.499439401514935e-01 2.342834459619311e-03 8.667044585919645e-04
1.500907329844174e-01 1.202434037628841e-03 8.914335019406473e-04
1.502375256205293e-01 2.744729187510872e-03 8.818002071015146e-04
1.503843180596373e-01 2.751695577531868e-03 8.880269347926437e-04
1.505311103015491e-01 1.434590456675194e-03 9.078489446250774e-04
1.506779023460727e-01 2.460309848929825e-03 8.801446493596195e-04
1.508246941930161e-01 3.028456669974982e-03 9.051719453855247e-04
1.509714858421872e-01 2.002046021493814e-03 8.844544807843998e-04
1.511182772933938e-01 2.333340820887591e-03 8.874417442005938e-04
1.512650685464441e-01 2.166292577296813e-03 9.137997479500957e-04
1.514118596011459e-01 1.411226705656772e-03 8.859580710709672e-04
1.515586504573071e-01 1.949488141347027e-03 9.029644643527156e-04
1.517054411147357e-01 1.455015535221573e-03 8.933035588973635e-04
1.518522315732397e-01 1.331645052556047e-03 9.068519767848868e-04
1.519990218326269e-01 2.551107093759587e-03 9.130814532508507e-04
1.521458118927054e-01 1.104658079556332e-03 8.914201211439078e-04
1.522926017532831e-01 2.765431762905144e-03 9.303612120524808e-04
1.524393914141679e-01 2.108909527118717e-03 9.085655525251778e-04
1.525861808751677e-01 1.205921676563530e-03 9.283011705250702e-04
1.527329701360906e-01 1.687858330612579e-03 9.199108917065877e-04
1.528797591967446e-01 1.987915034573851e-03 9.176261426917370e-04
1.530265480569374e-01 1.936531279909925e-03 9.500541853740409e-04
1.531733367164773e-01 3.747164372860135e-03 9.056279859898099e-04
1.533201251751719e-01 2.746167621904709e-03 9.473964408275820e-04
1.534669134328294e-01 2.640155093145990e-03 9.231368730112785e-04
1.536137014892578e-01 1.291015962721694e-03 9.453329003786257e-04
1.537604893442648e-01 1.696033064532596e-03 9.555308157456504e-04
1.539072769976586e-01 1.847626290640140e-03 9.381376759993785e-04
1.540540644492471e-01 1.777026356308054e-03 9.664755062591071e-04
1.542008516988383e-01 1.153220533044082e-03 9.456822227079253e-04
1.543476387462401e-01 3.804062289331490e-04 9.679869895040400e-04
1.544944255912605e-01 1.263385988328687e-03 9.533186001186829e-04
1.546412122337075e-01 1.174088825200630e-03 9.636639186120658e-04
1.547879986733890e-01 2.153626542854581e-03 9.658906754584721e-04
1.549347849101131e-01 9.765409906824279e-04 9.585177639978210e-04
1.550815709436878e-01 3.199130468187786e-03 9.808187137165137e-04
1.552283567739209e-01 8.610461340962398e-04 9.647824566378535e-04
1.553751424006205e-01 2.262208506687363e-03 9.874071552627311e-04
1.555219278235946e-01 2.329498033325181e-03 9.943290047411612e-04
1.556687130426511e-01 1.537576629042045e-03 9.829938640055042e-04
1.558154980575980e-01 1.207571712037831e-03 9.922595560826106e-04
1.559622828682433e-01 1.594902432131309e-03 9.869821221546002e-04
1.561090674743951e-01 2.152116587828999e-03 1.002766467784731e-03
1.562558518758612e-01 2.256187269477322e-03 1.001516497115183e-03
1.564026360724498e-01 5.185123361653330e-04 1.002994134363137e-03
1.565494200639687e-01 2.632452686218248e-03 9.953849096476452e-04
1.566962038502260e-01 1.849901601807832e-03 1.010405232282221e-03
1.568429874310297e-01 2.123998832020525e-03 1.023134591005578e-03
1.569897708061878e-01 9.629919652685448e-04 1.020502605838476e-03
1.571365539755082e-01 1.769557858378726e-03 1.023891705755342e-03
1.572833369387990e-01 9.571220623837923e-04 1.018587501662426e-03
1.574301196958682e-01 3.150282961083267e-03 1.020183152942185e-03
1.575769022465238e-01 1.255183020107958e-03 1.036928587557010e-03
1.577236845905738e-01 2.967236582627308e-03 1.008713435886952e-03
1.578704667278262e-01 2.214567618448558e-03 1.045170255992279e-03
1.580172486580890e-01 1.124249237867926e-03 1.034334139149303e-03
1.581640303811701e-01 1.346173945183353e-03 1.031238798190419e-03
1.583108118968778e-01 1.918314591697367e-03 1.055187502429667e-03
1.584575932050198e-01 9.091269246340734e-04 1.055078230980460e-03
1.586043743054044e-01 1.348554368148010e-03 1.080786957611111e-03
1.587511551978395e-01 4.079935049461450e-04 1.070140432687211e-03
1.588979358821330e-01 1.494122477254543e-03 1.068157743119954e-03
1.590447163580930e-01 1.225349765799067e-03 1.072618946534367e-03
1.591914966255276e-01 1.562027175731414e-03 1.076791641537554e-03
1.593382766842448e-01 1.414019198120568e-03 1.076791120054747e-03
1.594850565340525e-01 3.764474394840535e-03 1.105672310619532e-03
1.596318361747588e-01 2.250718360633323e-03 1.087578186807221e-03
1.597786156061718e-01 1.509605582476072e-03 1.109329874197563e-03
1.599253948280995e-01 1.548250686815557e-03 1.091951062895383e-03
1.600721738403499e-01 1.118591441380740e-03 1.117254435423568e-03
1.602189526427309e-01 1.980136161113391e-03 1.113919739822275e-03
1.603657312350509e-01 -7.621604744785792e-04 1.120258105381509e-03
1.605125096171175e-01 6.938278541169528e-04 1.103598656106605e-03
1.606592877887390e-01 1.339572837025069e-03 1.118273230377008e-03
1.608060657497234e-01 8.822519495872483e-04 1.137395274422393e-03
1.609528434998787e-01 1.150770303798702e-03 1.128685726358347e-03
1.610996210390131e-01 2.630663321113369e-03 1.140943082771228e-03
1.612463983669344e-01 5.347555832058789e-04 1.142118154443117e-03
1.613931754834508e-01 7.559454192639818e-04 1.134563688916480e-03
1.615399523883702e-01 1.161477677685883e-03 1.162760959182104e-03
1.616867290815008e-01 1.546616588037578e-03 1.149902528700806e-03
1.618335055626506e-01 5.865270322603420e-04 1.170049810603662e-03
1.619802818316277e-01 7.371908034901905e-05 1.159873938576925e-03
1.621270578882401e-01 2.630748230075942e-04 1.158506706193639e-03
1.622738337322958e-01 2.404739645725050e-03 1.183715116759705e-03
1.624206093636030e-01 3.269521808152415e-03 1.191286866899126e-03
1.625673847819697e-01 8.393292619881113e-04 1.202471708603359e-03
1.627141599872038e-01 3.792278972886404e-04 1.188442951431551e-03
1.628609349791136e-01 -1.408649542393355e-03 1.199046035092965e-03
1.630077097575070e-01 2.348489971184762e-03 1.210944465737713e-03
1.631544843221922e-01 3.515128467059258e-03 1.194855368725935e-03
1.633012586729772e-01 2.906376611490126e-03 1.228825405794593e-03
1.634480328096700e-01 1.589406520651053e-03 1.233513234519876e-03
1.635948067320787e-01 5.571100549403305e-04 1.218659374026676e-03
1.637415804400115e-01 1.555147296157540e-03 1.215486155174164e-03
1.638883539332764e-01 1.225004693361886e-03 1.242911815863407e-03
1.640351272116813e-01 1.573907130196892e-03 1.249530488433311e-03
1.641819002750345e-01 2.377281135035336e-03 1.282125467107136e-03
1.643286731231440e-01 1.399280323601962e-04 1.246178059490121e-03
1.644754457558179e-01 2.962953435417073e-03 1.269304875951776e-03
1.646222181728642e-01 2.547957552926926e-03 1.278149941520956e-03
1.647689903740911e-01 -1.486116829817455e-04 1.262781187526629e-03
1.649157623593066e-01 -2.014269997127367e-03 1.313437564167964e-03
1.650625341283188e-01 1.428587433003893e-03 1.281423994709437e-03
1.652093056809359e-01 1.374615908809069e-03 1.287867359828855e-03
1.653560770169658e-01 1.187182064037548e-03 1.333532165740080e-03
1.655028481362167e-01 1.610305447797275e-03 1.331408440319673e-03
1.656496190384967e-01 -9.800284714160210e-04 1.302468911232210e-03
1.657963897236138e-01 -5.829047182967043e-05 1.317083936863848e-03
1.659431601913762e-01 2.333071170620669e-03 1.326519973078991e-03
1.660899304415920e-01 3.206317555980534e-03 1.363210768012767e-03
1.662367004740692e-01 -1.698438440670302e-03 1.348276116868282e-03
1.663834702886159e-01 -4.655511213273688e-05 1.356621810176412e-03
1.665302398850404e-01 1.346903530315170e-03 1.382221293204044e-03
1.666770092631506e-01 2.398254696326217e-03 1.397801696871436e-03
1.668237784227546e-01 1.080898365505149e-03 1.386235786851431e-03
1.669705473636607e-01 2.385941216023341e-03 1.389358665828619e-03
1.671173160856769e-01 7.166750751326963e-04 1.401427754567730e-03
1.672640845886112e-01 1.465103195129752e-03 1.398623539593796e-03
1.674108528722718e-01 1.459656966075233e-03 1.412987200335580e-03
1.675576209364669e-01 -3.420026077142055e-04 1.460309896574221e-03
1.677043887810044e-01 2.242578869494515e-03 1.418542788783549e-03
1.678511564056927e-01 1.192380569453621e-03 1.469015769434829e-03
1.679979238103397e-01 -6.354488824443392e-04 1.495689756479590e-03
1.681446909947535e-01 1.215253664392081e-04 1.452022186884207e-03
1.682914579587425e-01 -1.826162529811834e-04 1.488876874634046e-03
1.684382247021145e-01 9.533486426333166e-04 1.469039435920981e-03
1.685849912246778e-01 1.477084111277213e-03 1.502166646201962e-03
1.687317575262405e-01 1.374970028750212e-03 1.539586929364556e-03
1.688785236066107e-01 -2.797678098715539e-03 1.503093678007354e-03
1.690252894655966e-01 3.697774929978497e-05 1.538704987776304e-03
1.691720551030063e-01 -1.060223873106661e-03 1.511504707491889e-03
1.693188205186478e-01 1.617874285787425e-03 1.585737442729311e-03
1.694655857123294e-01 6.129190254173152e-04 1.567439267835209e-03
1.696123506838591e-01 -1.819241302211728e-03 1.588162059555793e-03
1.697591154330453e-01 1.325113808878001e-03 1.607390058147888e-03
1.699058799596958e-01 1.684543051041818e-04 1.611066275079736e-03
1.700526442636189e-01 -3.340728424078614e-04 1.628172655012921e-03
1.701994083446229e-01 2.618417345757959e-03 1.601317465435084e-03
1.703461722025157e-01 -7.737529680274446e-04 1.688310248397050e-03
1.704929358371055e-01 1.525666947570795e-03 1.622685245846957e-03
1.706396992482005e-01 -1.172026893155010e-03 1.650255291917152e-03
1.707864624356089e-01 1.557491036709661e-03 1.692306424173642e-03
1.709332253991387e-01 -2.811905778037875e-05 1.681628026803062e-03
1.710799881385982e-01 -1.063446481716959e-03 1.726958766133993e-03
1.712267506537955e-01 -5.578949293286375e-04 1.778846342411539e-03
1.713735129445388e-01 -1.791324583304403e-03 1.745647955405044e-03
1.715202750106361e-01 4.041796069076063e-04 1.802046506876562e-03
1.716670368518958e-01 -6.823427798758407e-04 1.782987084224501e-03
1.718137984681258e-01 9.254349706094809e-04 1.835688945274663e-03
1.719605598591345e-01 2.426189321248656e-03 1.830140035169168e-03
1.721073210247299e-01 3.159861099681451e-03 1.831345700310855e-03
1.722540819647203e-01 1.283335170231319e-03 1.904078785659523e-03
1.724008426789137e-01 -1.753218158742226e-03 1.890751548100022e-03
1.725476031671185e-01 2.396001036405315e-03 1.907477737629171e-03
1.726943634291426e-01 -1.981689772995654e-03 2.005449902209202e-03
1.728411234647944e-01 -4.285009813089513e-04 2.009216673469647e-03
1.729878832738820e-01 5.099438846743927e-03 1.972955254253287e-03
1.731346428562135e-01 -1.325222114365459e-03 2.038332188154024e-03
1.732814022115972e-01 -2.612596128559189e-03 1.949655100015468e-03
1.734281613398412e-01 6.648184544251345e-04 2.108095384984361e-03
1.735749202407538e-01 1.509159885377208e-04 2.097654649651928e-03
1.737216789141430e-01 6.660338866315495e-04 2.142210422981766e-03
1.738684373598171e-01 9.923676850665118e-04 2.150881109117107e-03
1.740151955775843e-01 -7.632020809413005e-04 2.104342996503581e-03
1.741619535672527e-01 2.273138160417768e-03 2.270247592794787e-03
1.743087113286306e-01 -1.734261342880651e-04 2.301186655782187e-03
1.744554688615261e-01 2.975833965057723e-03 2.316978900397073e-03
1.746022261657475e-01 4.869878733244760e-04 2.341562833610360e-03
1.747489832411029e-01 1.835387753089669e-03 2.429054489319219e-03
1.748957400874005e-01 -8.306699012424404e-04 2.353597620853668e-03
1.750424967044485e-01 -3.348250645867416e-04 2.406800850248025e-03
1.751892530920552e-01 -9.077317316993161e-04 2.597523761559490e-03
1.753360092500287e-01 -1.103901895505350e-03 2.570547046189233e-03
1.754827651781772e-01 3.877443731666491e-03 2.606498099633688e-03
1.756295208763090e-01 3.187476761501919e-03 2.584334039884323e-03
1.757762763442323e-01 1.753456288733375e-05 2.663113211015984e-03
1.759230315817552e-01 -6.125918032543685e-04 2.783650846559927e-03
1.760697865886859e-01 -1.373032831340036e-03 2.885860372985708e-03
1.762165413648328e-01 1.666210787146328e-03 2.782338305459702e-03
1.763632959100039e-01 -1.277812454145916e-03 2.924389369177184e-03
1.765100502240076e-01 9.170027328751315e-05 3.060263706653085e-03
1.766568043066521e-01 -5.437351953942632e-03 3.074865454077330e-03
1.768035581577454e-01 -1.886848894638737e-03 3.271347988280664e-03
1.769503117770959e-01 -3.372668815456708e-03 3.399372355702355e-03
1.770970651645119e-01 1.190978739998428e-03 3.370864839356202e-03
1.772438183198014e-01 6.102294041368599e-03 3.572405767681820e-03
1.773905712427729e-01 -3.984681280555280e-03 3.762799816990476e-03
1.775373239332344e-01 6.901190369609842e-03 3.844507480345789e-03
1.776840763909942e-01 -2.258935637681825e-03 4.157030273403840e-03
1.778308286158606e-01 -1.938218206382075e-03 4.364065361319254e-03
1.779775806076418e-01 -6.110767290977301e-03 4.578272639098705e-03
1.781243323661459e-01 4.178405544641539e-05 4.938273136025761e-03
1.782710838911813e-01 3.455422589526466e-03 5.732311462496077e-03
1.784178351825563e-01 -8.215195356216121e-03 6.033483867147869e-03
1.785645862400790e-01 -9.966237406188103e-03 7.160863335745337e-03
1.787113370635576e-01 1.251707756688187e-02 8.333863942130475e-03
1.788580876528005e-01 -1.625442760432348e-02 9.686922731858184e-03
1.790048380076158e-01 1.712833128513018e-03 1.186764253795948e-02
