<X> <Y> <dY>
8.813602216919226e-04 -7.657194168912272e+01 2.728495707392102e+00
1.028253589049351e-03 -7.253764059062475e+01 1.485847991975191e+00
1.175146955056984e-03 -3.638271837002981e+01 1.130211581150500e+00
1.322040319521992e-03 -2.592253764510254e+01 6.939003605994238e-01
1.468933682251548e-03 -1.915093225994755e+01 5.035183753622936e-01
1.615827043052824e-03 -1.273763665079552e+01 3.550805123282716e-01
1.762720401732992e-03 -8.605854524068130e+00 3.077425622756205e-01
1.909613758099223e-03 -6.764139159362182e+00 2.639047907739253e-01
2.056507111958691e-03 -5.563529723580288e+00 2.223433668113748e-01
2.203400463118568e-03 -3.184247862658416e+00 1.955554310294710e-01
2.350293811386024e-03 -3.146157519130777e+00 1.639899116762590e-01
2.497187156568232e-03 -2.300444743916298e+00 1.474880670980877e-01
2.644080498472365e-03 -1.626761074101041e+00 1.289156680148641e-01
2.790973836905595e-03 -1.477094080083138e+00 1.134775050137392e-01
2.937867171675094e-03 -1.049774454976442e+00 1.049103478815562e-01
3.084760502588034e-03 -8.816165600058821e-01 9.296299477674166e-02
3.231653829451588e-03 -6.874784563445316e-01 8.505347117117470e-02
3.378547152072927e-03 -5.434553764651856e-01 7.797165264952088e-02
3.525440470259224e-03 -4.422024479460909e-01 7.034122938689834e-02
3.672333783817651e-03 -3.043248032372712e-01 6.562690709324195e-02
3.819227092555382e-03 -2.925152144730714e-01 5.910896214291592e-02
3.966120396279587e-03 -2.683693813041880e-01 5.640706782044954e-02
4.113013694797441e-03 -2.428560917117679e-01 5.099569434324723e-02
4.259906987916115e-03 -1.005924518673068e-01 4.723454750957310e-02
4.406800275442781e-03 -1.291618890304188e-01 4.464623675474021e-02
4.553693557184614e-03 -8.777793199693669e-02 4.125254867978934e-02
4.700586832948783e-03 -9.682105026953482e-02 3.860858804993009e-02
4.847480102542463e-03 1.605264470350026e-02 3.595775668891688e-02
4.994373365772829e-03 -2.591873694796687e-02 3.400455142283868e-02
5.141266622447048e-03 -2.356577616707094e-02 3.196404160825685e-02
5.288159872372297e-03 -3.914554670451060e-02 2.958848790265456e-02
5.435053115355749e-03 5.678822056894759e-02 2.826933290045259e-02
5.581946351204576e-03 -1.260836683234169e-02 2.661203286162539e-02
5.728839579725948e-03 9.759439247835485e-03 2.484913595487668e-02
5.875732800727044e-03 5.096511831600150e-03 2.372032326954514e-02
6.022626014015034e-03 -2.772158441816184e-02 2.247121687180190e-02
6.169519219397089e-03 -4.249373119377424e-04 2.131145918669131e-02
6.316412416680385e-03 -2.695216624086634e-02 2.037290825678238e-02
6.463305605672094e-03 -8.858498673998280e-03 1.910266692276838e-02
6.610198786179393e-03 -2.595243637648111e-02 1.813396713358501e-02
6.757091958009447e-03 -1.396071486555713e-02 1.722408871167287e-02
6.903985120969439e-03 7.300905038296787e-03 1.646154381080839e-02
7.050878274866538e-03 -2.235281498255361e-02 1.581323507351253e-02
7.197771419507919e-03 -1.675575693126964e-02 1.481389360394897e-02
7.344664554700750e-03 1.576600557272684e-03 1.427179226010042e-02
7.491557680252214e-03 -2.224653265011697e-02 1.375509230634252e-02
7.638450795969478e-03 6.501224795356932e-03 1.304229718938943e-02
7.785343901659718e-03 -1.866673658994414e-04 1.256210848580129e-02
7.932236997130110e-03 -1.995577965401575e-02 1.189399198930191e-02
8.079130082187821e-03 1.375985239723133e-02 1.155012491341621e-02
8.226023156640037e-03 1.320076755322207e-02 1.109423728080684e-02
8.372916220293923e-03 7.057046214123414e-03 1.049403686214137e-02
8.519809272956652e-03 1.875842566052111e-03 1.016133973945198e-02
8.666702314435403e-03 -1.817513171185116e-03 9.774958055367522e-03
8.813595344537354e-03 -1.020538993327396e-02 9.427206079338838e-03
8.960488363069672e-03 -4.578331021726171e-04 9.085494826933160e-03
9.107381369839535e-03 -1.195547544521376e-02 8.611980728348099e-03
9.254274364654119e-03 -1.054848966649684e-02 8.417672859547552e-03
9.401167347320593e-03 -1.810570195100770e-02 8.050087557281647e-03
9.548060317646137e-03 -1.540702407605072e-03 7.868752281432129e-03
9.694953275437929e-03 -6.670951357481024e-03 7.578263222844811e-03
9.841846220503138e-03 -1.799817953812451e-02 7.232024520034658e-03
9.988739152648940e-03 -2.194098397148749e-03 7.099628953883000e-03
1.013563207168251e-02 -1.746902178523764e-02 6.772221896391114e-03
1.028252497741103e-02 5.373733939511184e-03 6.540482196122231e-03
1.042941786964167e-02 -1.025898422550586e-02 6.352280043477401e-03
1.057631074818160e-02 -1.273323676117836e-02 6.161658848219870e-03
1.072320361283801e-02 -8.642206771381887e-03 6.034572643718492e-03
1.087009646341806e-02 4.081877191127787e-04 5.716074409936463e-03
1.101698929972894e-02 3.305160515573940e-03 5.587452022390743e-03
1.116388212157781e-02 -8.528185726703068e-03 5.442260912295762e-03
1.131077492877186e-02 -4.889652118886675e-03 5.279034892393627e-03
1.145766772111827e-02 -4.250209857814110e-03 5.153049090430928e-03
1.160456049842420e-02 -6.272599297863014e-03 4.951151526615650e-03
1.175145326049683e-02 -2.915963181246566e-03 4.827658088965335e-03
1.189834600714335e-02 7.077800524681437e-03 4.695428224732652e-03
1.204523873817092e-02 -1.215081405056190e-02 4.559037868560425e-03
1.219213145338673e-02 -8.171745197860975e-03 4.413048584821207e-03
1.233902415259795e-02 -3.377869135943024e-03 4.322249405254784e-03
1.248591683561175e-02 -4.435687195285713e-03 4.219784817100382e-03
1.263280950223533e-02 -2.566105343549286e-03 4.118217044602599e-03
1.277970215227585e-02 -7.326426024505785e-03 3.922808636083985e-03
1.292659478554047e-02 -9.106405562484432e-03 3.861281127038400e-03
1.307348740183641e-02 -5.850555326055613e-03 3.787623116940433e-03
1.322038000097082e-02 3.334509452133399e-03 3.681063550647973e-03
1.336727258275089e-02 -6.980723359814043e-03 3.574947878925003e-03
1.351416514698378e-02 -3.078969113737558e-03 3.506408724103611e-03
1.366105769347668e-02 -2.627559583746652e-03 3.415905906837025e-03
1.380795022203677e-02 -3.431289104445324e-03 3.350250579288272e-03
1.395484273247122e-02 7.614603916003826e-03 3.244732178591205e-03
1.410173522458722e-02 -7.758319512131304e-04 3.175593713064437e-03
1.424862769819194e-02 -1.718808705590728e-04 3.111537280276005e-03
1.439552015309257e-02 -4.034699569922980e-03 3.038704755672071e-03
1.454241258909627e-02 -2.491950478252849e-03 2.974694145226272e-03
1.468930500601023e-02 -2.169622058615795e-03 2.873358228005547e-03
1.483619740364163e-02 1.870747990085688e-03 2.818850700142743e-03
1.498308978179765e-02 2.983773411581690e-03 2.787825216805419e-03
1.512998214028546e-02 -3.043630877848059e-04 2.700915496681088e-03
1.527687447891225e-02 2.260121746331152e-03 2.654483889725465e-03
1.542376679748520e-02 1.901695048493238e-03 2.603992083042904e-03
1.557065909581149e-02 4.608364371592608e-03 2.553345962726461e-03
1.571755137369829e-02 3.291759510915161e-03 2.495854554593160e-03
1.586444363095279e-02 2.540002531861484e-03 2.435470587374638e-03
1.601133586738216e-02 -6.013393698129932e-04 2.398989067427183e-03
1.615822808279360e-02 -2.065919504447037e-03 2.345713196627929e-03
1.630512027699426e-02 2.923175822019280e-03 2.303840260678312e-03
1.645201244979136e-02 3.628317848805434e-03 2.245164698137738e-03
1.659890460099205e-02 3.905214919738257e-03 2.198504134200413e-03
1.674579673040351e-02 2.870676839536779e-03 2.184887718357956e-03
1.689268883783294e-02 6.697630463278699e-04 2.130099615661389e-03
1.703958092308753e-02 2.024586020395106e-03 2.100414695129356e-03
1.718647298597442e-02 5.806108265227783e-03 2.031259531496966e-03
1.733336502630083e-02 2.210952577808416e-03 2.005548948731237e-03
1.748025704387393e-02 4.445094800176789e-03 1.993018857860135e-03
1.762714903850091e-02 2.802126991685683e-03 1.939609427377742e-03
1.777404100998893e-02 1.412096500252061e-03 1.917787182970624e-03
1.792093295814520e-02 4.882428921828868e-03 1.875742116331289e-03
1.806782488277687e-02 5.750738725964655e-04 1.855039871186264e-03
1.821471678369116e-02 3.774675145468712e-03 1.823265781661688e-03
1.836160866069522e-02 3.565272560860339e-03 1.777486134273807e-03
1.850850051359626e-02 9.039228859175282e-04 1.799843141378051e-03
1.865539234220144e-02 5.639341264190728e-03 1.785749597366757e-03
1.880228414631796e-02 6.326274704643865e-03 1.753395598661813e-03
1.894917592575301e-02 2.461669115478432e-03 1.750184059840786e-03
1.909606768031375e-02 1.642348657186427e-03 1.722171021894548e-03
1.924295940980738e-02 2.255737253874055e-03 1.743877639704314e-03
1.938985111404109e-02 7.083763885367374e-03 1.741682831305197e-03
1.953674279282204e-02 -2.751812446634308e-05 1.738854840374826e-03
1.968363444595744e-02 5.496553873609905e-03 1.733133033746453e-03
1.983052607325447e-02 6.644142276881476e-03 1.717726680373037e-03
1.997741767452030e-02 2.661201928358649e-03 1.717967317957000e-03
2.012430924956213e-02 3.844646178385420e-03 1.714167867712539e-03
2.027120079818715e-02 3.438685408869186e-03 1.676235283032413e-03
2.041809232020253e-02 3.768208047037571e-03 1.687037754025569e-03
2.056498381541546e-02 3.060791398311715e-03 1.675700928844789e-03
2.071187528363314e-02 7.170306311809676e-03 1.654900114942458e-03
2.085876672466273e-02 5.779348297513485e-03 1.648273161736596e-03
2.100565813831145e-02 4.116432324365747e-03 1.640997012461868e-03
2.115254952438645e-02 7.193894191442596e-03 1.625196042209876e-03
2.129944088269494e-02 3.063245136718038e-03 1.618823641569529e-03
2.144633221304411e-02 1.117007482611316e-03 1.596932621367478e-03
2.159322351524114e-02 5.980038577168783e-03 1.606746325998795e-03
2.174011478909322e-02 3.857499744643376e-03 1.580213408540629e-03
2.188700603440753e-02 5.128537158444238e-03 1.565226023193573e-03
2.203389725099126e-02 7.656468111732636e-03 1.546764036690186e-03
2.218078843865161e-02 7.179581197418459e-03 1.510296348637192e-03
2.232767959719575e-02 3.648717900147938e-03 1.487368114256377e-03
2.247457072643089e-02 6.108666942527180e-03 1.458740623642667e-03
2.262146182616420e-02 8.760339204879780e-03 1.439556520223946e-03
2.276835289620287e-02 7.879534254773609e-03 1.413801124528595e-03
2.291524393635411e-02 7.226822962522909e-03 1.396661402092095e-03
2.306213494642509e-02 6.758362174359013e-03 1.398980535733728e-03
2.320902592622301e-02 7.003416175709746e-03 1.360039110339969e-03
2.335591687555505e-02 4.064219519201181e-03 1.354649115841823e-03
2.350280779422841e-02 6.403401540860859e-03 1.339194092340834e-03
2.364969868205026e-02 8.448457539384214e-03 1.319814132338996e-03
2.379658953882782e-02 7.406768069660930e-03 1.322794798070232e-03
2.394348036436827e-02 8.639835205546441e-03 1.304474822342046e-03
2.409037115847880e-02 1.004267003718061e-02 1.297195034812458e-03
2.423726192096658e-02 7.126902967612841e-03 1.275508440442594e-03
2.438415265163884e-02 8.577355314373277e-03 1.251427886045661e-03
2.453104335030275e-02 7.717033866540174e-03 1.258575558280125e-03
2.467793401676551e-02 7.677430225628072e-03 1.234583345151823e-03
2.482482465083430e-02 8.116510525273136e-03 1.231444767575667e-03
2.497171525231632e-02 9.731838809853005e-03 1.225875234442963e-03
2.511860582101877e-02 9.101899737940171e-03 1.209180199204310e-03
2.526549635674884e-02 1.135178119199740e-02 1.195829209116560e-03
2.541238685931370e-02 9.488950807116482e-03 1.181477382880816e-03
2.555927732852058e-02 9.507927809122725e-03 1.173030766928368e-03
2.570616776417666e-02 9.740990377227978e-03 1.169836726917321e-03
2.585305816608912e-02 8.964581525613542e-03 1.154961558876824e-03
2.599994853406517e-02 1.175223614732408e-02 1.155447034065337e-03
2.614683886791200e-02 1.066377549054707e-02 1.141579372129819e-03
2.629372916743681e-02 9.832044751804806e-03 1.131071426567906e-03
2.644061943244679e-02 1.011133941917175e-02 1.120008267946737e-03
2.658750966274912e-02 1.154693304544128e-02 1.111341275297080e-03
2.673439985815102e-02 1.006930331145483e-02 1.123222552066306e-03
2.688129001845969e-02 1.170721431324287e-02 1.094198966823238e-03
2.702818014348229e-02 1.250502772530294e-02 1.095799744254310e-03
2.717507023302605e-02 1.101391499612022e-02 1.080039839826707e-03
2.732196028689816e-02 1.233931498389430e-02 1.083477962160315e-03
2.746885030490582e-02 1.160458017316194e-02 1.072021500250712e-03
2.761574028685621e-02 1.209939264817251e-02 1.069482670042514e-03
2.776263023255653e-02 1.264199979744106e-02 1.053726512460978e-03
2.790952014181400e-02 1.327078889177268e-02 1.047292432728843e-03
2.805641001443581e-02 1.269302440635523e-02 1.042500433819383e-03
2.820329985022913e-02 1.238690490061806e-02 1.047340355406447e-03
2.835018964900120e-02 1.289686215033812e-02 1.025810597071678e-03
2.849707941055920e-02 1.270791293621918e-02 1.018122451257895e-03
2.864396913471031e-02 1.143913830970477e-02 1.022140372289791e-03
2.879085882126178e-02 1.467166722111615e-02 1.011597762692821e-03
2.893774847002075e-02 1.375685020317039e-02 9.999054619396078e-04
2.908463808079444e-02 1.429677551295368e-02 1.000635702648267e-03
2.923152765339008e-02 1.325629125822693e-02 9.912521421684695e-04
2.937841718761485e-02 1.676422271049391e-02 9.904122286095594e-04
2.952530668327594e-02 1.452901972855066e-02 9.910823992923241e-04
2.967219614018056e-02 1.192339302140928e-02 9.740798477713571e-04
2.981908555813591e-02 1.556494393025752e-02 9.823128950296831e-04
2.996597493694921e-02 1.392534842406587e-02 9.655097309954020e-04
3.011286427642763e-02 1.774870425575569e-02 9.657023924385804e-04
3.025975357637840e-02 1.707193757349627e-02 9.556916092655237e-04
3.040664283660871e-02 1.678048567962670e-02 9.582581576497950e-04
3.055353205692574e-02 1.598042484123556e-02 9.542610544913051e-04
3.070042123713675e-02 1.663311391738355e-02 9.473339159546632e-04
3.084731037704891e-02 1.542524470262267e-02 9.347958557454128e-04
3.099419947646940e-02 1.620932403188938e-02 9.364404635899827e-04
3.114108853520547e-02 1.709130023901569e-02 9.348921252658183e-04
3.128797755306430e-02 1.798024088283971e-02 9.301899141102592e-04
3.143486652985308e-02 1.968999548707287e-02 9.163234383189754e-04
3.158175546537905e-02 1.845106316660685e-02 9.279530944873587e-04
3.172864435944940e-02 1.632656681277148e-02 9.210916062973546e-04
3.187553321187133e-02 1.742976028242329e-02 9.036037561284140e-04
3.202242202245206e-02 1.927363835068978e-02 9.077186453625452e-04
3.216931079099877e-02 1.829410607369658e-02 9.021453216804570e-04
3.231619951731869e-02 1.932056004984603e-02 9.094230596184027e-04
3.246308820121902e-02 1.914431537661455e-02 9.003958176773175e-04
3.260997684250697e-02 1.926580986495100e-02 8.870906909325439e-04
3.275686544098974e-02 1.927996461257548e-02 8.915320172852000e-04
3.290375399647455e-02 1.894363295244568e-02 8.770320582157790e-04
3.305064250876859e-02 1.947182798192048e-02 8.911737898982531e-04
3.319753097767910e-02 2.000813170879270e-02 8.795663906822333e-04
3.334441940301325e-02 1.921220881599489e-02 8.767026801909201e-04
3.349130778457828e-02 2.001984495413548e-02 8.776315124558956e-04
3.363819612218139e-02 1.931018786677650e-02 8.715501115964684e-04
3.378508441562977e-02 1.993916447203970e-02 8.634326550436311e-04
3.393197266473066e-02 2.097992982759827e-02 8.618384442909182e-04
3.407886086929125e-02 2.325431302248262e-02 8.691569250414792e-04
3.422574902911878e-02 2.033444242224028e-02 8.590985398472848e-04
3.437263714402042e-02 2.188028520222107e-02 8.579596186809735e-04
3.451952521380341e-02 2.104091788782855e-02 8.499769628277452e-04
3.466641323827495e-02 2.207613591006929e-02 8.598069684976277e-04
3.481330121724226e-02 2.067953469487730e-02 8.668345690124955e-04
3.496018915051253e-02 2.091449987219379e-02 8.831018540692740e-04
3.510707703789302e-02 1.964842442186259e-02 8.749915944592724e-04
3.525396487919091e-02 2.215164270664642e-02 8.797801566701452e-04
3.540085267421340e-02 2.214867315207865e-02 8.682629602570495e-04
3.554774042276775e-02 2.135460264208541e-02 8.648880899392402e-04
3.569462812466112e-02 2.267343961419864e-02 8.530512720650283e-04
3.584151577970077e-02 2.266029368649494e-02 8.495624847749402e-04
3.598840338769389e-02 2.240573219743413e-02 8.489881075761152e-04
3.613529094844770e-02 2.458457128757348e-02 8.439473650317639e-04
3.628217846176941e-02 2.302148129523776e-02 8.430160115639573e-04
3.642906592746626e-02 2.255342283213340e-02 8.353199067651476e-04
3.657595334534545e-02 2.312218442659456e-02 8.365949889560624e-04
3.672284071521419e-02 2.353390507264592e-02 8.343794052026775e-04
3.686972803687972e-02 2.376559580960001e-02 8.328928498901411e-04
3.701661531014922e-02 2.447593927485557e-02 8.238623229366118e-04
3.716350253482994e-02 2.231400169811140e-02 8.175468008155432e-04
3.731038971072909e-02 2.345660474464411e-02 8.208016293599551e-04
3.745727683765387e-02 2.275032718639015e-02 8.458967626702873e-04
3.760416391541153e-02 2.244439982427866e-02 8.375584405651667e-04
3.775105094380928e-02 2.431486739454959e-02 8.063030402697200e-04
3.789793792265433e-02 2.269621053869599e-02 8.052890607396586e-04
3.804482485175390e-02 2.493543315887067e-02 8.048331915780454e-04
3.819171173091522e-02 2.465251436677735e-02 7.963173354464912e-04
3.833859855994550e-02 2.389976464605420e-02 7.995989646122946e-04
3.848548533865198e-02 2.435372240580656e-02 7.920370186428614e-04
3.863237206684186e-02 2.505606345596896e-02 7.918660911028988e-04
3.877925874432238e-02 2.399168100424889e-02 7.963439545404759e-04
3.892614537090076e-02 2.263189332056757e-02 7.767036331525774e-04
3.907303194638420e-02 2.370424570633073e-02 7.945928029267240e-04
3.921991847057994e-02 2.325015519088080e-02 7.738020761099463e-04
3.936680494329520e-02 2.438710531105664e-02 7.843294098189356e-04
3.951369136433722e-02 2.409293562879639e-02 7.771355523340498e-04
3.966057773351322e-02 2.442819824629658e-02 7.697521716628898e-04
3.980746405063040e-02 2.460281485212050e-02 7.751080444350694e-04
3.995435031549600e-02 2.418310866362781e-02 7.614800374103681e-04
4.010123652791726e-02 2.428228615182279e-02 7.615807394110374e-04
4.024812268770137e-02 2.498532778652288e-02 7.647765145531645e-04
4.039500879465560e-02 2.474510868943789e-02 7.602543910518626e-04
4.054189484858715e-02 2.429044135773595e-02 7.549499997825137e-04
4.068878084930326e-02 2.497382324131898e-02 7.525974356958661e-04
4.083566679661114e-02 2.496821455012197e-02 7.560429912320412e-04
4.098255269031803e-02 2.320894483045827e-02 7.519749831968691e-04
4.112943853023117e-02 2.457578969000010e-02 7.603392672550847e-04
4.127632431615776e-02 2.477799327648270e-02 7.732597450102812e-04
4.142321004790505e-02 2.380998701698082e-02 7.702869673362776e-04
4.157009572528026e-02 2.567566737052840e-02 7.845300913837697e-04
4.171698134809063e-02 2.345767895657950e-02 7.865760636533879e-04
4.186386691614337e-02 2.374739128931912e-02 7.836773912448605e-04
4.201075242924574e-02 2.362895195901889e-02 7.890630388024841e-04
4.215763788720495e-02 2.490129143627177e-02 7.848519778391883e-04
4.230452328982824e-02 2.341849246226458e-02 7.881218370742706e-04
4.245140863692285e-02 2.455340485835332e-02 7.894075648862047e-04
4.259829392829599e-02 2.408365629904796e-02 7.878130140426505e-04
4.274517916375490e-02 2.378056541393797e-02 7.850085111261512e-04
4.289206434310684e-02 2.403780232974215e-02 7.871017531064737e-04
4.303894946615900e-02 2.316015923409727e-02 7.886777505060898e-04
4.318583453271865e-02 2.399661466984356e-02 7.841606632219295e-04
4.333271954259301e-02 2.307990138066185e-02 7.884936974505060e-04
4.347960449558931e-02 2.393151063279856e-02 7.803950282257980e-04
4.362648939151479e-02 2.312764983366463e-02 7.816995419859267e-04
4.377337423017669e-02 2.284216471342066e-02 7.843922242467071e-04
4.392025901138226e-02 2.380699483895479e-02 7.888540645277146e-04
4.406714373493869e-02 2.404179490596044e-02 7.893398614911901e-04
4.421402840065326e-02 2.490025403054174e-02 7.870831811791810e-04
4.436091300833320e-02 2.426716954576823e-02 7.884541057933632e-04
4.450779755778574e-02 2.460753005017218e-02 7.845425845652182e-04
4.465468204881811e-02 2.421368089050894e-02 7.853459758722444e-04
4.480156648123757e-02 2.356729944722602e-02 7.900760226482077e-04
4.494845085485134e-02 2.279456517843778e-02 7.826994076645478e-04
4.509533516946668e-02 2.339826849587008e-02 7.898774661750490e-04
4.524221942489082e-02 2.273542215501591e-02 7.850379776620051e-04
4.538910362093100e-02 2.356480215285307e-02 7.854342683119511e-04
4.553598775739446e-02 2.362796984827644e-02 7.871626001935776e-04
4.568287183408844e-02 2.369456024771555e-02 7.832996669474976e-04
4.582975585082019e-02 2.362217199380185e-02 7.793031990278892e-04
4.597663980739693e-02 2.202866434342096e-02 7.766505359602777e-04
4.612352370362593e-02 2.263899623067510e-02 7.650494273072678e-04
4.627040753931443e-02 2.306295961815711e-02 7.701247738220202e-04
4.641729131426967e-02 2.360360624141432e-02 7.636949146230402e-04
4.656417502829888e-02 2.168603742068326e-02 7.656053017978347e-04
4.671105868120932e-02 2.159552909873056e-02 7.633651448072945e-04
4.685794227280822e-02 2.144967884606020e-02 7.624352423235095e-04
4.700482580290285e-02 2.225830928836635e-02 7.559503522964327e-04
4.715170927130044e-02 2.318051732208300e-02 7.590187901430215e-04
4.729859267780824e-02 2.306500836398820e-02 7.588842876057939e-04
4.744547602223349e-02 2.211701247407114e-02 7.613971437981554e-04
4.759235930438345e-02 2.303250823762464e-02 7.638873171947211e-04
4.773924252406536e-02 2.277703080521106e-02 7.552375072500987e-04
4.788612568108647e-02 2.083124977342616e-02 7.504470974773276e-04
4.803300877525407e-02 2.182290335838008e-02 7.540761142518549e-04
4.817989180637530e-02 2.126797139220283e-02 7.534530475716340e-04
4.832677477425752e-02 2.143712115928792e-02 7.515861510664752e-04
4.847365767870793e-02 2.167335386074956e-02 7.483535133334378e-04
4.862054051953379e-02 2.269553895723760e-02 7.529670216333719e-04
4.876742329654236e-02 2.128885657429777e-02 7.493739749789767e-04
4.891430600954088e-02 2.289976329923975e-02 7.481501017983931e-04
4.906118865833660e-02 2.124833263109692e-02 7.455264059396890e-04
4.920807124273676e-02 2.240625208798445e-02 7.459060280305949e-04
4.935495376254866e-02 2.219668721321693e-02 7.451859545034890e-04
4.950183621757952e-02 2.206679420415726e-02 7.421790928259637e-04
4.964871860763660e-02 1.984769492151292e-02 7.401921952630118e-04
4.979560093252714e-02 2.244531705351854e-02 7.420028911029378e-04
4.994248319205841e-02 2.049124645122202e-02 7.363916633716857e-04
5.008936538603768e-02 2.143047157855483e-02 7.428205141183326e-04
5.023624751427219e-02 2.052329895509169e-02 7.343193617346496e-04
5.038312957656918e-02 2.030913166182377e-02 7.404362059838952e-04
5.053001157273595e-02 2.160206705158239e-02 7.374664607195418e-04
5.067689350257971e-02 2.113748593598991e-02 7.379393737960797e-04
5.082377536590776e-02 2.059449553343717e-02 7.293977743667033e-04
5.097065716252732e-02 2.114238862209857e-02 7.298234515826506e-04
5.111753889224568e-02 2.160420648491438e-02 7.352139256718029e-04
5.126442055487009e-02 2.027814875983850e-02 7.315920386081519e-04
5.141130215020779e-02 2.033503893045035e-02 7.238656346827766e-04
5.155818367806608e-02 2.027603706716059e-02 7.304970190715826e-04
5.170506513825220e-02 2.117127246054292e-02 7.272312891946266e-04
5.185194653057341e-02 2.080652972199252e-02 7.278758709831609e-04
5.199882785483697e-02 2.078290283817966e-02 7.239651932817946e-04
5.214570911085015e-02 2.080388013899287e-02 7.265401221547407e-04
5.229259029842022e-02 1.965731800813944e-02 7.237563446038213e-04
5.243947141735442e-02 2.043849097230498e-02 7.228529390448473e-04
5.258635246746002e-02 2.022189405846202e-02 7.249878100852331e-04
5.273323344854430e-02 1.987930430419128e-02 7.196339002342736e-04
5.288011436041453e-02 1.955453606673318e-02 7.243547619312697e-04
5.302699520287798e-02 1.969160721794842e-02 7.130883114351874e-04
5.317387597574186e-02 1.983458782602131e-02 7.177167324956478e-04
5.332075667881350e-02 2.028737384128342e-02 7.176996050483505e-04
5.346763731190016e-02 2.104333175064663e-02 7.133164109659624e-04
5.361451787480907e-02 1.856066372214012e-02 7.145297315205465e-04
5.376139836734754e-02 2.143318003967942e-02 7.125933572641634e-04
5.390827878932278e-02 2.079877712050353e-02 7.102835102721054e-04
5.405515914054214e-02 2.029990006454278e-02 7.105709148842134e-04
5.420203942081284e-02 2.071806001863290e-02 7.087954170597501e-04
5.434891962994216e-02 1.979120230185363e-02 7.193388230230249e-04
5.449579976773735e-02 2.018955878544209e-02 6.945144942917544e-04
5.464267983400574e-02 1.960283305023279e-02 7.100417598257009e-04
5.478955982855453e-02 1.990119633291905e-02 7.072344677940274e-04
5.493643975119106e-02 1.877073669961717e-02 7.023260423038152e-04
5.508331960172257e-02 2.073350813059012e-02 7.055312594222310e-04
5.523019937995633e-02 2.079207811794397e-02 7.033706603446454e-04
5.537707908569962e-02 2.001384374975637e-02 7.126742359513570e-04
5.552395871875969e-02 1.843642375075275e-02 7.034069995882601e-04
5.567083827894388e-02 2.004026700470894e-02 7.040788921767023e-04
5.581771776605941e-02 1.915588854623852e-02 7.008284159347786e-04
5.596459717991355e-02 1.882569722213479e-02 7.006048873718782e-04
5.611147652031365e-02 1.906470125605652e-02 7.017593742200362e-04
5.625835578706691e-02 1.946407757540073e-02 7.076256105438283e-04
5.640523497998061e-02 1.949540591991225e-02 6.922727974546599e-04
5.655211409886209e-02 1.825353189587037e-02 6.982924664018500e-04
5.669899314351858e-02 1.831523559029155e-02 6.960108342865328e-04
5.684587211375740e-02 1.902614192565819e-02 6.915416626842197e-04
5.699275100938578e-02 1.893468182218338e-02 6.969525811556721e-04
5.713962983021098e-02 1.946752812287399e-02 6.913297291129641e-04
5.728650857604041e-02 1.868038641837879e-02 6.879259269047170e-04
5.743338724668124e-02 1.907067929862009e-02 6.893272568922796e-04
5.758026584194079e-02 1.966510403519715e-02 6.920595917220425e-04
5.772714436162631e-02 1.688695648468432e-02 6.936174179222344e-04
5.787402280554513e-02 1.916751158588505e-02 6.922218506292086e-04
5.802090117350451e-02 1.861240493491595e-02 6.941482771230154e-04
5.816777946531173e-02 1.901819597159792e-02 6.905965185816407e-04
5.831465768077408e-02 1.894880124923542e-02 6.857314835682529e-04
5.846153581969887e-02 1.828806032920002e-02 6.906109699776220e-04
5.860841388189336e-02 1.816995338635236e-02 6.850138056034837e-04
5.875529186716485e-02 1.855449851681536e-02 6.948453384556313e-04
5.890216977532061e-02 1.842051591314537e-02 6.835776564724199e-04
5.904904760616795e-02 1.916740114799183e-02 6.918050923205645e-04
5.919592535951414e-02 1.930149084169626e-02 6.831014688260843e-04
5.934280303516650e-02 1.785281649082740e-02 6.856137474796238e-04
5.948968063293228e-02 1.936535183728439e-02 6.806210118177366e-04
5.963655815261879e-02 1.708546374386245e-02 6.891722958218582e-04
5.978343559403334e-02 1.862938247718347e-02 7.019600195404234e-04
5.993031295698319e-02 1.917884137297596e-02 7.068793301978335e-04
6.007719024127564e-02 1.869111419753235e-02 7.131253389939670e-04
6.022406744671802e-02 1.821437600208366e-02 7.145188669768544e-04
6.037094457311754e-02 1.814261353881543e-02 7.208633781967294e-04
6.051782162028158e-02 1.896317589700557e-02 7.242940980341837e-04
6.066469858801743e-02 1.872751086131281e-02 7.240583689191733e-04
6.081157547613233e-02 1.735422429088470e-02 7.356988374445688e-04
6.095845228443361e-02 1.840168398830820e-02 7.369670026866733e-04
6.110532901272856e-02 1.905951638223833e-02 7.467164851978365e-04
6.125220566082447e-02 1.787533141272404e-02 7.405321113599783e-04
6.139908222852867e-02 1.911266759880529e-02 7.477061522603518e-04
6.154595871564840e-02 1.741594808317449e-02 7.546302063453571e-04
6.169283512199103e-02 1.912850200940884e-02 7.532565790799704e-04
6.183971144736379e-02 1.990584805273927e-02 7.597394925393004e-04
6.198658769157404e-02 1.792267701001647e-02 7.497174547555536e-04
6.213346385442904e-02 1.832889077392121e-02 7.681229520989327e-04
6.228033993573612e-02 1.941248348372773e-02 7.683192259000773e-04
6.242721593530259e-02 1.694793066248668e-02 7.567436540240405e-04
6.257409185293569e-02 1.849852961844775e-02 7.545497045661496e-04
6.272096768844279e-02 1.848689909553948e-02 7.457416802971848e-04
6.286784344163118e-02 2.060748378617204e-02 7.339635857247877e-04
6.301471911230812e-02 1.691026044444927e-02 7.243111971074792e-04
6.316159470028096e-02 1.902189542105897e-02 7.172580600282019e-04
6.330847020535701e-02 1.842052737695359e-02 7.246264777899153e-04
6.345534562734356e-02 1.803037622145020e-02 7.204819086140725e-04
6.360222096604792e-02 1.829027529666893e-02 7.160243131858461e-04
6.374909622127738e-02 1.819018657614392e-02 7.090041072424113e-04
6.389597139283930e-02 1.815038927956993e-02 7.119777769455648e-04
6.404284648054094e-02 1.818576878527930e-02 7.133187598726853e-04
6.418972148418961e-02 1.775136440895046e-02 6.986543953276515e-04
6.433659640359266e-02 1.662420020237469e-02 7.048047023244670e-04
6.448347123855734e-02 1.893675374611348e-02 6.957659572108810e-04
6.463034598889104e-02 1.818790734447997e-02 7.033563474614932e-04
6.477722065440102e-02 1.736310663631755e-02 6.971356064558229e-04
6.492409523489458e-02 1.886316325096640e-02 6.976922433623766e-04
6.507096973017908e-02 1.884942809742262e-02 6.991754669693659e-04
6.521784414006179e-02 1.705741914937375e-02 6.930666987158782e-04
6.536471846435006e-02 1.947066792985606e-02 6.964127371573314e-04
6.551159270285120e-02 1.836682700958793e-02 6.897514944457862e-04
6.565846685537249e-02 1.743164525829122e-02 6.827912928996348e-04
6.580534092172129e-02 1.794180947242287e-02 6.897983540390913e-04
6.595221490170489e-02 1.635429380679790e-02 6.778541975367908e-04
6.609908879513064e-02 1.832660973050088e-02 6.856154586141163e-04
6.624596260180583e-02 1.753757656891140e-02 6.779100873922735e-04
6.639283632153778e-02 1.724918826141528e-02 6.772203120488290e-04
6.653970995413383e-02 1.725933860273640e-02 6.930738835945416e-04
6.668658349940126e-02 1.840900309096795e-02 6.760210185626536e-04
6.683345695714746e-02 1.874213897262529e-02 6.837044636289836e-04
6.698033032717969e-02 1.668750343572397e-02 6.740151151647328e-04
6.712720360930530e-02 1.711574431797781e-02 6.786038933155587e-04
6.727407680333160e-02 1.746156862059252e-02 6.742723167722190e-04
6.742094990906593e-02 1.829621591632969e-02 6.773795247734629e-04
6.756782292631559e-02 1.808879996263606e-02 6.769490696756037e-04
6.771469585488793e-02 1.730698245556699e-02 6.700553111996756e-04
6.786156869459029e-02 1.674089398811601e-02 6.725811940326057e-04
6.800844144522995e-02 1.650539945383691e-02 6.698534082341603e-04
6.815531410661428e-02 1.739442755755339e-02 6.717699404770611e-04
6.830218667855054e-02 1.610583988855627e-02 6.710748171135017e-04
6.844905916084618e-02 1.696645214084014e-02 6.721682601110338e-04
6.859593155330840e-02 1.742345832379158e-02 6.708121098590284e-04
6.874280385574461e-02 1.660870857572790e-02 6.600852760409014e-04
6.888967606796213e-02 1.721983191208670e-02 6.691775280529004e-04
6.903654818976826e-02 1.837117213006856e-02 6.628456994401089e-04
6.918342022097036e-02 1.865534095426734e-02 6.614523493320688e-04
6.933029216137575e-02 1.643305921998994e-02 6.661135770041399e-04
6.947716401079176e-02 1.814569385543385e-02 6.615904184188728e-04
6.962403576902575e-02 1.631602885484431e-02 6.639073666785927e-04
6.977090743588503e-02 1.584530079291864e-02 6.565411224919822e-04
6.991777901117695e-02 1.744307867859875e-02 6.563210615705151e-04
7.006465049470884e-02 1.728992336763661e-02 6.609023864070336e-04
7.021152188628801e-02 1.669118271892202e-02 6.619203872181754e-04
7.035839318572186e-02 1.773224596751886e-02 6.638089932827139e-04
7.050526439281767e-02 1.772798724254526e-02 6.520005567652836e-04
7.065213550738278e-02 1.771254659628094e-02 6.538488650430889e-04
7.079900652922456e-02 1.665847661825745e-02 6.575109494680208e-04
7.094587745815036e-02 1.786417923413103e-02 6.509043962972978e-04
7.109274829396750e-02 1.810875663434538e-02 6.557238213514048e-04
7.123961903648333e-02 1.673295241235706e-02 6.441217690238128e-04
7.138648968550515e-02 1.615415742249303e-02 6.497477616269491e-04
7.153336024084035e-02 1.634974338684132e-02 6.539933682807037e-04
7.168023070229627e-02 1.799388754643341e-02 6.440078200940425e-04
7.182710106968025e-02 1.776725122890349e-02 6.530619314641863e-04
7.197397134279965e-02 1.743810432089896e-02 6.416934294613620e-04
7.212084152146177e-02 1.671424358653583e-02 6.438123262343119e-04
7.226771160547400e-02 1.797122117686259e-02 6.517680907857941e-04
7.241458159464363e-02 1.799298651208269e-02 6.445198387541279e-04
7.256145148877813e-02 1.717291514903700e-02 6.472065659505334e-04
7.270832128768472e-02 1.663206920605224e-02 6.437282982442316e-04
7.285519099117078e-02 1.689007058461603e-02 6.430877773948519e-04
7.300206059904372e-02 1.804595717823572e-02 6.464791468436370e-04
7.314893011111082e-02 1.751493677849084e-02 6.404712053451915e-04
7.329579952717949e-02 1.755350925552758e-02 6.449512276519202e-04
7.344266884705702e-02 1.683973151190859e-02 6.401064876509518e-04
7.358953807055085e-02 1.641042496250568e-02 6.408399538178757e-04
7.373640719746824e-02 1.733114979003073e-02 6.340325934498538e-04
7.388327622761658e-02 1.656055540154525e-02 6.348243198965806e-04
7.403014516080324e-02 1.682421895091617e-02 6.355884999703937e-04
7.417701399683559e-02 1.592298170522408e-02 6.372674994724968e-04
7.432388273552094e-02 1.755785351714248e-02 6.383457510515972e-04
7.447075137666670e-02 1.710620310814678e-02 6.272987665624448e-04
7.461761992008017e-02 1.634208009695786e-02 6.315304385404673e-04
7.476448836556873e-02 1.675404978334346e-02 6.223317050790318e-04
7.491135671293978e-02 1.722516581050804e-02 6.305411245994736e-04
7.505822496200062e-02 1.684091791033853e-02 6.219086332202154e-04
7.520509311255867e-02 1.703689303370439e-02 6.253736494217695e-04
7.535196116442125e-02 1.624605920808673e-02 6.298957042940138e-04
7.549882911739574e-02 1.681850146083163e-02 6.259260093267600e-04
7.564569697128951e-02 1.570444200140127e-02 6.255757416927913e-04
7.579256472590988e-02 1.662138632955292e-02 6.218155037156523e-04
7.593943238106428e-02 1.699392790463726e-02 6.232256780022251e-04
7.608629993656001e-02 1.714147737464098e-02 6.237514626355948e-04
7.623316739220451e-02 1.696356613527466e-02 6.153482851348885e-04
7.638003474780510e-02 1.725625225673833e-02 6.191987277286392e-04
7.652690200316913e-02 1.564376225471505e-02 6.253408550611011e-04
7.667376915810399e-02 1.611550866462193e-02 6.225844404897239e-04
7.682063621241707e-02 1.665306222328388e-02 6.247295352664142e-04
7.696750316591573e-02 1.538520543775130e-02 6.152630264594379e-04
7.711437001840733e-02 1.619554805590095e-02 6.238179595198436e-04
7.726123676969926e-02 1.653202802470199e-02 6.176748495738623e-04
7.740810341959885e-02 1.697683254971764e-02 6.197781291894152e-04
7.755496996791353e-02 1.621633808649758e-02 6.179390837788632e-04
7.770183641445062e-02 1.508864709699784e-02 6.152483740639267e-04
7.784870275901755e-02 1.607034952824533e-02 6.183095758642622e-04
7.799556900142161e-02 1.678842786682794e-02 6.149563980909073e-04
7.814243514147029e-02 1.531263171844147e-02 6.158590909071406e-04
7.828930117897089e-02 1.665869530959348e-02 6.143372961452602e-04
7.843616711373082e-02 1.577263363419613e-02 6.162785700884000e-04
7.858303294555745e-02 1.661412679166856e-02 6.144336169181564e-04
7.872989867425814e-02 1.744819520378066e-02 6.100211954217665e-04
7.887676429964030e-02 1.722501247317471e-02 6.096974405200431e-04
7.902362982151130e-02 1.564601590257733e-02 6.094844283508626e-04
7.917049523967849e-02 1.650705280100645e-02 6.154419351768944e-04
7.931736055394929e-02 1.657888222748048e-02 6.078124973635408e-04
7.946422576413109e-02 1.591373254357342e-02 6.084357901948381e-04
7.961109087003126e-02 1.531574213789577e-02 6.154839085865983e-04
7.975795587145719e-02 1.644423522117348e-02 6.075672798573652e-04
7.990482076821626e-02 1.600439791689552e-02 6.121311463503785e-04
8.005168556011584e-02 1.604902685664550e-02 6.064821517484059e-04
8.019855024696333e-02 1.562333147456115e-02 6.084042923181576e-04
8.034541482856614e-02 1.587813879745829e-02 6.091102587307577e-04
8.049227930473164e-02 1.424412692732509e-02 6.072374654481199e-04
8.063914367526719e-02 1.703453373615831e-02 6.093825737660312e-04
8.078600793998023e-02 1.610806055176242e-02 6.044702735998481e-04
8.093287209867814e-02 1.645352009558399e-02 6.074876853577137e-04
8.107973615116830e-02 1.549648451522848e-02 6.022233026713562e-04
8.122660009725811e-02 1.747256758577653e-02 5.997911756153082e-04
8.137346393675496e-02 1.619568093692239e-02 6.047609879390695e-04
8.152032766946624e-02 1.718897688649770e-02 6.053540249035378e-04
8.166719129519935e-02 1.518555181271721e-02 5.982143019330234e-04
8.181405481376169e-02 1.620267837637251e-02 6.000296215769020e-04
8.196091822496063e-02 1.606735494223363e-02 6.012679584040156e-04
8.210778152860361e-02 1.498158697128524e-02 6.035559194213059e-04
8.225464472449802e-02 1.538842641196192e-02 5.975885106016589e-04
8.240150781245126e-02 1.605037402971372e-02 6.022325305483987e-04
8.254837079227068e-02 1.551954286133224e-02 5.928724550049399e-04
8.269523366376372e-02 1.455758549821396e-02 5.991143330707222e-04
8.284209642673782e-02 1.539359044898848e-02 6.008581894102745e-04
8.298895908100032e-02 1.481068659876161e-02 5.997289674537694e-04
8.313582162635863e-02 1.585456235139615e-02 5.971816229176107e-04
8.328268406262020e-02 1.682381992300713e-02 5.950239981458443e-04
8.342954638959241e-02 1.513403025307371e-02 5.960781556907760e-04
8.357640860708263e-02 1.543676771666097e-02 5.977865526422683e-04
8.372327071489834e-02 1.645671802568564e-02 5.933338739777052e-04
8.387013271284686e-02 1.575045681708606e-02 5.970885742875067e-04
8.401699460073567e-02 1.640981326086081e-02 5.866926533194481e-04
8.416385637837218e-02 1.676788586832997e-02 5.953790626303530e-04
8.431071804556375e-02 1.548110393877713e-02 5.942303911586915e-04
8.445757960211780e-02 1.446922698811477e-02 5.894404456035246e-04
8.460444104784176e-02 1.606861279854543e-02 5.987428573219221e-04
8.475130238254304e-02 1.618679677945839e-02 5.915296713313639e-04
8.489816360602907e-02 1.399519654061293e-02 5.963942031283131e-04
8.504502471810724e-02 1.618730714521408e-02 5.900320407539615e-04
8.519188571858496e-02 1.593278078183877e-02 5.918772872592257e-04
8.533874660726967e-02 1.434810481022405e-02 5.887383186818259e-04
8.548560738396878e-02 1.486898793511349e-02 5.893234873027786e-04
8.563246804848969e-02 1.598705479632470e-02 5.896797295258481e-04
8.577932860063983e-02 1.465144220194292e-02 5.899578854428973e-04
8.592618904022660e-02 1.564191478014241e-02 5.860311349297218e-04
8.607304936705747e-02 1.581907100252911e-02 5.880543892976314e-04
8.621990958093982e-02 1.511824439818278e-02 5.815800294259372e-04
8.636676968168105e-02 1.454854062307235e-02 5.865573267013604e-04
8.651362966908867e-02 1.532708749087201e-02 5.860203796661071e-04
8.666048954297001e-02 1.484543381683222e-02 5.820147521375666e-04
8.680734930313255e-02 1.498228305624806e-02 5.840328427566701e-04
8.695420894938369e-02 1.423701813353837e-02 5.787041307585667e-04
8.710106848153085e-02 1.535051777759035e-02 5.887109711415339e-04
8.724792789938152e-02 1.494651175062954e-02 5.798457370923149e-04
8.739478720274303e-02 1.487011696661837e-02 5.813405518035013e-04
8.754164639142284e-02 1.472026514863831e-02 5.835731168956708e-04
8.768850546522844e-02 1.520001434669423e-02 5.812054575919381e-04
8.783536442396719e-02 1.395933795770237e-02 5.802666169005956e-04
8.798222326744658e-02 1.465145151822494e-02 5.809519756950895e-04
8.812908199547397e-02 1.429528058578096e-02 5.786012714780226e-04
8.827594060785686e-02 1.381967049738708e-02 5.826927871511043e-04
8.842279910440262e-02 1.438405600330767e-02 5.810556854516484e-04
8.856965748491875e-02 1.540484756747585e-02 5.802557924083623e-04
8.871651574921269e-02 1.464354460338143e-02 5.778361550675596e-04
8.886337389709180e-02 1.352552406826867e-02 5.773407591619625e-04
8.901023192836355e-02 1.470330415172385e-02 5.794315844298240e-04
8.915708984283539e-02 1.523321506808426e-02 5.817806744456074e-04
8.930394764031480e-02 1.387980223876784e-02 5.723220377853806e-04
8.945080532060913e-02 1.460534270428267e-02 5.835078397314474e-04
8.959766288352591e-02 1.499030712296449e-02 5.713010786677261e-04
8.974452032887251e-02 1.450551433303954e-02 5.747882722438479e-04
8.989137765645640e-02 1.474696029878937e-02 5.724437740495770e-04
9.003823486608507e-02 1.471264816940298e-02 5.700673774978549e-04
9.018509195756588e-02 1.486397669370038e-02 5.772079610876722e-04
9.033194893070630e-02 1.398405700895525e-02 5.669889432759166e-04
9.047880578531384e-02 1.419134047531021e-02 5.794190139831189e-04
9.062566252119587e-02 1.463379227083580e-02 5.704554099149650e-04
9.077251913815987e-02 1.442629227328190e-02 5.729150877681179e-04
9.091937563601328e-02 1.380721064312897e-02 5.735512283394069e-04
9.106623201456360e-02 1.438127119848087e-02 5.713618085147196e-04
9.121308827361818e-02 1.406116555264971e-02 5.678808800201079e-04
9.135994441298455e-02 1.359811413968183e-02 5.684587085220747e-04
9.150680043247014e-02 1.380535762126650e-02 5.644652051058142e-04
9.165365633188237e-02 1.446484034003171e-02 5.682851762841233e-04
9.180051211102878e-02 1.367473891712205e-02 5.647104221344648e-04
9.194736776971676e-02 1.487952050093819e-02 5.735949832245681e-04
9.209422330775377e-02 1.424637143210690e-02 5.701608443069138e-04
9.224107872494727e-02 1.437467296076215e-02 5.654654652586756e-04
9.238793402110473e-02 1.441841103338830e-02 5.664047087481234e-04
9.253478919603364e-02 1.402762155821852e-02 5.610169729842673e-04
9.268164424954135e-02 1.421199252169592e-02 5.670256398249344e-04
9.282849918143544e-02 1.453562141699502e-02 5.635353630655304e-04
9.297535399152332e-02 1.360754522574949e-02 5.634957345720757e-04
9.312220867961245e-02 1.325543616625947e-02 5.647738045781625e-04
9.326906324551029e-02 1.458557587591073e-02 5.628202443217414e-04
9.341591768902432e-02 1.320133897391935e-02 5.623567997129158e-04
9.356277200996202e-02 1.346986863933386e-02 5.645650607094137e-04
9.370962620813084e-02 1.386146583412212e-02 5.615019713576982e-04
9.385648028333822e-02 1.289146965159174e-02 5.634601102960265e-04
9.400333423539166e-02 1.345500806706801e-02 5.551856440473554e-04
9.415018806409861e-02 1.373672898246899e-02 5.632567990032040e-04
9.429704176926657e-02 1.317472437970032e-02 5.569841017983597e-04
9.444389535070297e-02 1.436188465012510e-02 5.578048359228398e-04
9.459074880821530e-02 1.342409285515317e-02 5.608469537355570e-04
9.473760214161106e-02 1.309449233731734e-02 5.579801747094641e-04
9.488445535069767e-02 1.309990356427320e-02 5.613168144003840e-04
9.503130843528265e-02 1.425066309453954e-02 5.600835542814326e-04
9.517816139517343e-02 1.361068758442816e-02 5.585721232691294e-04
9.532501423017756e-02 1.414502525042144e-02 5.556865425308624e-04
9.547186694010244e-02 1.318127355457865e-02 5.557993692721699e-04
9.561871952475558e-02 1.290710919692279e-02 5.546843551974805e-04
9.576557198394450e-02 1.324676544887710e-02 5.569740805820574e-04
9.591242431747660e-02 1.361348850895563e-02 5.572579639629188e-04
9.605927652515940e-02 1.341286567476369e-02 5.537702583697779e-04
9.620612860680040e-02 1.353529389889007e-02 5.509344002255523e-04
9.635298056220708e-02 1.345734540699571e-02 5.532106031203997e-04
9.649983239118688e-02 1.307340982438840e-02 5.559336814819693e-04
9.664668409354732e-02 1.419738842066973e-02 5.567443626407936e-04
9.679353566909588e-02 1.333286848008822e-02 5.522487199313131e-04
9.694038711764005e-02 1.250891648311467e-02 5.530328864474896e-04
9.708723843898734e-02 1.229490693989986e-02 5.491717865598470e-04
9.723408963294519e-02 1.349903583515505e-02 5.513454838285911e-04
9.738094069932111e-02 1.307521129414582e-02 5.526846325068780e-04
9.752779163792259e-02 1.408351002607192e-02 5.519268962472591e-04
9.767464244855714e-02 1.343104836865695e-02 5.527591158001026e-04
9.782149313103225e-02 1.254364255716948e-02 5.514724816418466e-04
9.796834368515536e-02 1.289219503147734e-02 5.498521348857414e-04
9.811519411073406e-02 1.320879888054282e-02 5.459797911482689e-04
9.826204440757576e-02 1.274822948751802e-02 5.472814984233028e-04
9.840889457548796e-02 1.360208799673846e-02 5.517822500245880e-04
9.855574461427828e-02 1.359514876126090e-02 5.476305579379116e-04
9.870259452375403e-02 1.305667550731764e-02 5.498404894863082e-04
9.884944430372282e-02 1.294463451868550e-02 5.446187601323098e-04
9.899629395399215e-02 1.265212468895155e-02 5.495932775396404e-04
9.914314347436951e-02 1.381023747764614e-02 5.518700705777013e-04
9.928999286466240e-02 1.329174470523583e-02 5.421121349612623e-04
9.943684212467831e-02 1.279527958110323e-02 5.498444543384142e-04
9.958369125422474e-02 1.228481264124118e-02 5.451604407386104e-04
9.973054025310922e-02 1.274927057004427e-02 5.477642135988313e-04
9.987738912113926e-02 1.289045806640726e-02 5.445551237584779e-04
1.000242378581224e-01 1.215700389585535e-02 5.425964601431284e-04
1.001710864638660e-01 1.293135183784280e-02 5.593255234585941e-04
1.003179349381778e-01 1.184426376000254e-02 5.569347592030656e-04
1.004647832808650e-01 1.236090307835043e-02 5.702349658585318e-04
1.006116314917355e-01 1.364058136127211e-02 5.723668132980363e-04
1.007584795705964e-01 1.303405084002135e-02 5.767326727268776e-04
1.009053275172555e-01 1.237710850047129e-02 5.825832272553193e-04
1.010521753315203e-01 1.273201867335552e-02 5.792913777426102e-04
1.011990230131982e-01 1.253711140948397e-02 5.804516488877605e-04
1.013458705620967e-01 1.264093566165308e-02 5.861269968278257e-04
1.014927179780235e-01 1.209070008697894e-02 5.913915652571543e-04
1.016395652607859e-01 1.204410058611474e-02 5.957400162427921e-04
1.017864124101916e-01 1.200724724489849e-02 5.839854119994286e-04
1.019332594260479e-01 1.282689608507270e-02 5.990448380847047e-04
1.020801063081626e-01 1.279105115903059e-02 5.943008507500399e-04
1.022269530563430e-01 1.168354461738606e-02 6.026829771836842e-04
1.023737996703967e-01 1.191807647052306e-02 5.997132774797292e-04
1.025206461501313e-01 1.213612619876744e-02 5.978427635481286e-04
1.026674924953542e-01 1.187307248809448e-02 6.051907428606067e-04
1.028143387058730e-01 1.056770944830043e-02 6.056218242792971e-04
1.029611847814952e-01 1.278213824218122e-02 5.925411323047098e-04
1.031080307220284e-01 1.136392790740785e-02 5.853821247368007e-04
1.032548765272800e-01 1.220167483460900e-02 5.873256852408455e-04
1.034017221970575e-01 1.183717527690455e-02 5.828314934306583e-04
1.035485677311687e-01 1.220136395425458e-02 5.747494788476833e-04
1.036954131294208e-01 1.140048975884831e-02 5.738897477128399e-04
1.038422583916216e-01 1.111688499275749e-02 5.740100351726849e-04
1.039891035175785e-01 1.220128957390326e-02 5.705331510800444e-04
1.041359485070990e-01 1.185744399370698e-02 5.723705720415624e-04
1.042827933599908e-01 1.143338501382766e-02 5.622308712671161e-04
1.044296380760613e-01 1.229251762159852e-02 5.683393412890001e-04
1.045764826551180e-01 1.044694460386133e-02 5.614775739072101e-04
1.047233270969686e-01 1.209557301736858e-02 5.641139348958541e-04
1.048701714014205e-01 1.151177892516118e-02 5.582725141970442e-04
1.050170155682814e-01 1.209446443032290e-02 5.652696006824794e-04
1.051638595973586e-01 1.131305239405999e-02 5.604779910766852e-04
1.053107034884598e-01 1.119414154314240e-02 5.575064343848148e-04
1.054575472413926e-01 1.163041933035654e-02 5.570393791197966e-04
1.056043908559644e-01 1.183746764122795e-02 5.563486705411507e-04
1.057512343319829e-01 1.193139180085710e-02 5.591281217112610e-04
1.058980776692555e-01 1.288392724469047e-02 5.551345193917785e-04
1.060449208675899e-01 1.117324116238050e-02 5.542373571893447e-04
1.061917639267934e-01 1.155800437012749e-02 5.488897464514666e-04
1.063386068466738e-01 1.170432667572792e-02 5.529967372829336e-04
1.064854496270386e-01 1.124153705729520e-02 5.516095523057712e-04
1.066322922676953e-01 1.207036506683401e-02 5.477291417764530e-04
1.067791347684515e-01 1.037018463567919e-02 5.476192720327838e-04
1.069259771291147e-01 1.096951967526368e-02 5.495370946080447e-04
1.070728193494925e-01 1.157599443447574e-02 5.493700747690434e-04
1.072196614293924e-01 1.110496466983557e-02 5.482164589346431e-04
1.073665033686221e-01 1.220490281775555e-02 5.449847840790117e-04
1.075133451669889e-01 1.152784550483311e-02 5.461384973392870e-04
1.076601868243007e-01 1.096093028055439e-02 5.484484548723920e-04
1.078070283403648e-01 1.082800187548443e-02 5.420551244070976e-04
1.079538697149888e-01 1.090144610445242e-02 5.437890384205912e-04
1.081007109479804e-01 1.129552451492336e-02 5.410359403320191e-04
1.082475520391470e-01 1.040291862016489e-02 5.454619070729563e-04
1.083943929882962e-01 1.058628076458726e-02 5.397861191101684e-04
1.085412337952357e-01 1.141381188896361e-02 5.360459663848452e-04
1.086880744597730e-01 9.481069280784741e-03 5.428545479579406e-04
1.088349149817155e-01 1.111932058554077e-02 5.335024300431291e-04
1.089817553608711e-01 1.083894411619968e-02 5.429574707680878e-04
1.091285955970470e-01 1.054997335887918e-02 5.370654062004186e-04
1.092754356900511e-01 1.034871526293100e-02 5.332846541374739e-04
1.094222756396908e-01 1.022661548921199e-02 5.365208831517165e-04
1.095691154457736e-01 1.167785434403094e-02 5.301585062811852e-04
1.097159551081073e-01 1.087982185935631e-02 5.316773472031784e-04
1.098627946264993e-01 1.008406082338698e-02 5.266838114927396e-04
1.100096340007572e-01 1.017896027125584e-02 5.287383133470147e-04
1.101564732306887e-01 1.114395107350735e-02 5.347398769749352e-04
1.103033123161012e-01 1.083828625352239e-02 5.289189312985272e-04
1.104501512568025e-01 1.057315357920945e-02 5.311915780412997e-04
1.105969900525999e-01 1.102668745867069e-02 5.215637677338616e-04
1.107438287033013e-01 1.049185017595215e-02 5.311495484637294e-04
1.108906672087140e-01 9.936548856422631e-03 5.271075653490214e-04
1.110375055686457e-01 1.071465704468761e-02 5.345455921305463e-04
1.111843437829041e-01 1.036067392234193e-02 5.426529161473697e-04
1.113311818512966e-01 1.078707409323408e-02 5.439241915099904e-04
1.114780197736309e-01 1.039936083836829e-02 5.525054647134743e-04
1.116248575497145e-01 1.075518294118642e-02 5.551277840042336e-04
1.117716951793551e-01 9.792588313891126e-03 5.550255947466025e-04
1.119185326623603e-01 1.102676075149297e-02 5.670714832245772e-04
1.120653699985375e-01 1.108197744869418e-02 5.621562533008142e-04
1.122122071876945e-01 1.002746822930654e-02 5.642535327095552e-04
1.123590442296388e-01 1.109006200763521e-02 5.664263883864575e-04
1.125058811241781e-01 8.836356852687584e-03 5.708040741268619e-04
1.126527178711198e-01 1.079470006273754e-02 5.768007137459712e-04
1.127995544702717e-01 1.008948365958439e-02 5.714014556177397e-04
1.129463909214413e-01 1.071255672712465e-02 5.759404878208618e-04
1.130932272244362e-01 9.834151328962176e-03 5.645711890148720e-04
1.132400633790640e-01 1.005965915658428e-02 5.678217221664612e-04
1.133868993851323e-01 1.131626770557280e-02 5.685879694822204e-04
1.135337352424488e-01 9.615807510349014e-03 5.727345742631921e-04
1.136805709508210e-01 9.513464549999701e-03 5.765061824769847e-04
1.138274065100565e-01 1.049019001839688e-02 5.698868812872984e-04
1.139742419199631e-01 1.111001280514180e-02 5.754475137668730e-04
1.141210771803480e-01 1.076329756491097e-02 5.728113580432819e-04
1.142679122910192e-01 9.056446438614923e-03 5.746968241871511e-04
1.144147472517842e-01 9.802490393493204e-03 5.766788880729600e-04
1.145615820624505e-01 9.990201788880019e-03 5.713651135398388e-04
1.147084167228259e-01 9.672130304223639e-03 5.760200373711017e-04
1.148552512327178e-01 9.370523807420685e-03 5.702869025946563e-04
1.150020855919340e-01 9.697332827075937e-03 5.725972465678978e-04
1.151489198002821e-01 8.770226391587073e-03 5.766266663519561e-04
1.152957538575695e-01 9.961661717804299e-03 5.760076758847866e-04
1.154425877636041e-01 9.672592774098808e-03 5.793901404277440e-04
1.155894215181933e-01 1.000211892121420e-02 5.691226801576837e-04
1.157362551211449e-01 1.061236662456422e-02 5.831756367289208e-04
1.158830885722664e-01 9.322816822433707e-03 5.827852304543310e-04
1.160299218713654e-01 9.604580621871577e-03 5.830760365784543e-04
1.161767550182498e-01 9.384537965696910e-03 5.849518875091352e-04
1.163235880127268e-01 1.013289700926861e-02 5.755971157538730e-04
1.164704208546044e-01 9.557180563345868e-03 5.838020214540789e-04
1.166172535436900e-01 9.261702100763129e-03 5.808212595402954e-04
1.167640860797913e-01 1.020725657390872e-02 5.795474279674969e-04
1.169109184627159e-01 1.036821026090193e-02 5.826838071511960e-04
1.170577506922715e-01 9.533763649183876e-03 5.818458071728208e-04
1.172045827682657e-01 9.838750660530431e-03 5.852590056413563e-04
1.173514146905061e-01 9.386782194798198e-03 5.806982179476511e-04
1.174982464588003e-01 9.763793706263008e-03 5.790654915351040e-04
1.176450780729561e-01 8.892649234349865e-03 5.842032258583127e-04
1.177919095327811e-01 8.161884613000280e-03 5.829945369522386e-04
1.179387408380827e-01 9.103600728641548e-03 5.834064833688450e-04
1.180855719886688e-01 8.459999539479811e-03 5.814221622214348e-04
1.182324029843469e-01 8.663504795126139e-03 5.866275535844478e-04
1.183792338249248e-01 9.904998921781072e-03 5.882931811226958e-04
1.185260645102099e-01 9.288592924900377e-03 5.844361297337304e-04
1.186728950400101e-01 8.775104115600103e-03 5.779008831819742e-04
1.188197254141328e-01 9.432719478242585e-03 5.878097818525538e-04
1.189665556323859e-01 8.741321026123114e-03 5.939419472150620e-04
1.191133856945769e-01 8.947088458866251e-03 5.836297983055822e-04
1.192602156005134e-01 9.375484415184916e-03 5.877323783962440e-04
1.194070453500032e-01 8.304210006460854e-03 5.818924758842622e-04
1.195538749428538e-01 9.747024014374659e-03 5.863889575069428e-04
1.197007043788729e-01 8.139136721503133e-03 5.892208811126959e-04
1.198475336578682e-01 9.159565330469771e-03 5.816136990392016e-04
1.199943627796474e-01 8.877029526763879e-03 5.911670166548633e-04
1.201411917440180e-01 9.411458451311737e-03 5.859560907544560e-04
1.202880205507879e-01 9.115416243022104e-03 5.880638553391887e-04
1.204348491997644e-01 8.272563695202528e-03 5.856421687442425e-04
1.205816776907555e-01 9.090908705047744e-03 5.877775896112362e-04
1.207285060235687e-01 8.188224776346238e-03 5.897187845356628e-04
1.208753341980116e-01 8.217806131198350e-03 5.865165070632053e-04
1.210221622138920e-01 8.423668909873006e-03 5.829962009666177e-04
1.211689900710175e-01 9.580791740755839e-03 5.851534059908525e-04
1.213158177691958e-01 8.921477938481323e-03 5.885112520292677e-04
1.214626453082345e-01 8.293069233421411e-03 5.920978893952557e-04
1.216094726879414e-01 8.689150469706957e-03 5.864457493656490e-04
1.217562999081240e-01 9.031659347820898e-03 5.888920585613766e-04
1.219031269685900e-01 8.739636399104031e-03 5.892065968297658e-04
1.220499538691473e-01 9.031924187591063e-03 5.922053816799684e-04
1.221967806096032e-01 9.044827600581758e-03 5.913190723660532e-04
1.223436071897657e-01 8.155436337184159e-03 5.780547850058709e-04
1.224904336094423e-01 7.957770261719520e-03 5.908979875600282e-04
1.226372598684407e-01 8.364245618800850e-03 5.912694269870803e-04
1.227840859665686e-01 7.887571131026528e-03 5.944702223748281e-04
1.229309119036337e-01 8.474330303698865e-03 5.872492481506297e-04
1.230777376794436e-01 8.758028957975540e-03 5.854311604206809e-04
1.232245632938061e-01 8.086017124033867e-03 5.956033061625862e-04
1.233713887465287e-01 9.812911326110788e-03 5.853729981480216e-04
1.235182140374194e-01 7.628716424024820e-03 5.914410446596946e-04
1.236650391662856e-01 7.826061873595714e-03 5.877252250341696e-04
1.238118641329350e-01 7.097180599746289e-03 5.862895264062559e-04
1.239586889371753e-01 8.655516781781230e-03 5.986601876885566e-04
1.241055135788144e-01 7.055171666579576e-03 5.881030093268717e-04
1.242523380576598e-01 8.146243328969384e-03 5.951318002238030e-04
1.243991623735193e-01 8.818322100315915e-03 5.901401212557035e-04
1.245459865262004e-01 8.217080206763977e-03 5.911946597552538e-04
1.246928105155109e-01 8.053988938606786e-03 5.912933105866330e-04
1.248396343412586e-01 7.618340417848166e-03 5.871514114178731e-04
1.249864580032510e-01 7.822295867969401e-03 5.895016916407001e-04
1.251332815012960e-01 7.071151655570322e-03 5.884489746218340e-04
1.252801048352011e-01 8.061883496300621e-03 5.934972565455913e-04
1.254269280047742e-01 6.996239041902740e-03 5.903878079901952e-04
1.255737510098228e-01 8.065332389179848e-03 5.924114908400307e-04
1.257205738501548e-01 7.143543575587104e-03 5.929948113037385e-04
1.258673965255777e-01 8.042119951107962e-03 5.939466220714097e-04
1.260142190358993e-01 6.974249352183200e-03 5.917039411125600e-04
1.261610413809274e-01 7.040691682997973e-03 5.930085549022257e-04
1.263078635604696e-01 8.874533679988765e-03 5.903493957984949e-04
1.264546855743336e-01 7.256061427691782e-03 5.954546884603697e-04
1.266015074223272e-01 8.091342156756005e-03 5.853315893977113e-04
1.267483291042580e-01 7.614494218365524e-03 5.890897424506458e-04
1.268951506199338e-01 8.299476134506115e-03 5.877507762184115e-04
1.270419719691622e-01 7.092322402335424e-03 5.878370612177981e-04
1.271887931517510e-01 8.269098233897199e-03 5.849892572554447e-04
1.273356141675080e-01 7.128488503136414e-03 5.857234261489123e-04
1.274824350162407e-01 7.270144686014400e-03 5.845431816814054e-04
1.276292556977570e-01 8.130073164367048e-03 5.886805395587832e-04
1.277760762118645e-01 6.410702707992258e-03 5.875391040051353e-04
1.279228965583711e-01 7.425144924003840e-03 5.846120000856766e-04
1.280697167370843e-01 6.853564511020306e-03 5.865489433725080e-04
1.282165367478119e-01 6.875830943546819e-03 5.884272951559514e-04
1.283633565903617e-01 8.753350864884915e-03 5.837645065700874e-04
1.285101762645414e-01 7.577112659478777e-03 5.888146840839197e-04
1.286569957701586e-01 8.220280405311500e-03 5.839910503088119e-04
1.288038151070212e-01 7.788029283174096e-03 5.863546730020929e-04
1.289506342749369e-01 7.531072755278788e-03 5.855770241634746e-04
1.290974532737133e-01 8.202008826195695e-03 5.863743639154310e-04
1.292442721031583e-01 7.229800750730800e-03 5.863316737664802e-04
1.293910907630794e-01 7.310054826989707e-03 5.832711385107738e-04
1.295379092532846e-01 6.919372198588214e-03 5.851618703057208e-04
1.296847275735815e-01 7.053418833705120e-03 5.859651478019953e-04
1.298315457237779e-01 6.880941891565941e-03 5.852793978160176e-04
1.299783637036815e-01 7.125012350938896e-03 5.935112792216506e-04
1.301251815131000e-01 8.120681787366919e-03 5.848462110798760e-04
1.302719991518412e-01 8.345874636442954e-03 5.926211776556399e-04
1.304188166197129e-01 7.445714232704566e-03 5.871545295598398e-04
1.305656339165226e-01 5.847540270963592e-03 5.907641081920359e-04
1.307124510420783e-01 7.449268751818147e-03 5.882628643812510e-04
1.308592679961877e-01 6.790722274572464e-03 5.881795462434541e-04
1.310060847786584e-01 6.840141264849523e-03 5.846114341151867e-04
1.311529013892983e-01 6.729095320552277e-03 5.880664069966571e-04
1.312997178279152e-01 7.661697677403221e-03 5.920906455027327e-04
1.314465340943166e-01 8.100551874701028e-03 5.900308112352611e-04
1.315933501883105e-01 7.790341283405020e-03 5.831926392270962e-04
1.317401661097045e-01 7.040866094377707e-03 5.868178981077799e-04
1.318869818583065e-01 7.483332087463901e-03 5.921924968043053e-04
1.320337974339242e-01 6.712994705469252e-03 5.913174195109722e-04
1.321806128363652e-01 7.095407727469351e-03 5.880301447339268e-04
1.323274280654375e-01 5.882244131838334e-03 5.859746064948639e-04
1.324742431209487e-01 6.317215958954067e-03 5.935772293368017e-04
1.326210580027065e-01 6.713232454914220e-03 5.815851328917104e-04
1.327678727105190e-01 7.089866746212233e-03 5.893684887368889e-04
1.329146872441935e-01 7.460820426617107e-03 5.888124982971497e-04
1.330615016035382e-01 7.630763782996612e-03 5.895786994536970e-04
1.332083157883606e-01 6.914340408654167e-03 5.850437042235652e-04
1.333551297984685e-01 6.413478252942992e-03 5.871735344805802e-04
1.335019436336697e-01 5.983997909470270e-03 5.883583154123577e-04
1.336487572937721e-01 6.368610909060909e-03 5.876675254680137e-04
1.337955707785833e-01 5.374359091124161e-03 5.915564540016110e-04
1.339423840879111e-01 5.719909601312897e-03 5.902036484416321e-04
1.340891972215633e-01 6.555491874973246e-03 5.845773247214252e-04
1.342360101793477e-01 7.875673298122688e-03 5.907330892527993e-04
1.343828229610720e-01 7.596625758388148e-03 5.835983316869490e-04
1.345296355665440e-01 7.114905247394361e-03 5.930554180230294e-04
1.346764479955716e-01 5.907771823358453e-03 5.836331690735693e-04
1.348232602479625e-01 6.709752068752077e-03 5.921104813360978e-04
1.349700723235245e-01 6.439305651752763e-03 5.880985607947332e-04
1.351168842220653e-01 7.468478414320385e-03 5.867000218889226e-04
1.352636959433928e-01 6.466643943838006e-03 5.869423199292609e-04
1.354105074873147e-01 6.444429854397108e-03 5.787889980571066e-04
1.355573188536388e-01 5.643148095277285e-03 5.889592620173603e-04
1.357041300421729e-01 5.964824602981153e-03 5.862566860993903e-04
1.358509410527249e-01 5.173946532772142e-03 5.879808607309817e-04
1.359977518851024e-01 6.633237047242158e-03 5.957132180093642e-04
1.361445625391133e-01 6.298892309513800e-03 5.816386059499280e-04
1.362913730145654e-01 7.606318503255018e-03 5.919566621374614e-04
1.364381833112665e-01 6.706579267662489e-03 5.846059311313104e-04
1.365849934290243e-01 6.147072310874777e-03 5.865406865237409e-04
1.367318033676468e-01 6.533668424973045e-03 5.968460817705950e-04
1.368786131269416e-01 5.852469035595480e-03 5.832627400831868e-04
1.370254227067166e-01 6.605955332596412e-03 5.876959565597725e-04
1.371722321067795e-01 5.477426955292341e-03 5.805637116156179e-04
1.373190413269383e-01 6.447307143552005e-03 5.875970175978070e-04
1.374658503670007e-01 5.754745146340497e-03 5.902933454569871e-04
1.376126592267744e-01 6.094385943392221e-03 5.878784874379729e-04
1.377594679060673e-01 6.248549625269198e-03 5.989384869020429e-04
1.379062764046873e-01 6.098743440200311e-03 5.846510416261054e-04
1.380530847224421e-01 5.761558596501799e-03 5.911346589327697e-04
1.381998928591395e-01 4.609364412143812e-03 5.908830270092086e-04
1.383467008145873e-01 4.992685908568212e-03 5.833432796000256e-04
1.384935085885935e-01 5.159456037221886e-03 5.875993473265200e-04
1.386403161809657e-01 5.085360569141805e-03 5.780622884161071e-04
1.387871235915119e-01 5.295830178311165e-03 5.851343567203270e-04
1.389339308200397e-01 5.805025101025099e-03 5.899420754628939e-04
1.390807378663571e-01 5.723268195485622e-03 5.857785931596587e-04
1.392275447302719e-01 5.559588379437312e-03 5.895748044807284e-04
1.393743514115918e-01 6.045321574400185e-03 5.852239731954921e-04
1.395211579101248e-01 5.682911297833705e-03 5.949269393669133e-04
1.396679642256785e-01 5.416805295349277e-03 5.920921987264357e-04
1.398147703580609e-01 5.665264869796784e-03 5.869355409428616e-04
1.399615763070799e-01 5.494613335256364e-03 5.903756810025106e-04
1.401083820725432e-01 5.254606584542354e-03 5.937013908014702e-04
1.402551876542587e-01 4.965907658714035e-03 5.931299804210802e-04
1.404019930520340e-01 5.589421791763714e-03 5.919110474695324e-04
1.405487982656773e-01 5.524166902587248e-03 5.964730723387660e-04
1.406956032949962e-01 5.741783409748982e-03 6.123102237633130e-04
1.408424081397986e-01 6.343704331389497e-03 6.268387309500817e-04
1.409892127998923e-01 5.123229504783457e-03 6.271387942085046e-04
1.411360172750852e-01 4.367020837014565e-03 6.366438249930131e-04
1.412828215651852e-01 5.736604837244373e-03 6.483479136701355e-04
1.414296256699999e-01 6.374221491777301e-03 6.456599713334130e-04
1.415764295893374e-01 5.574251062292667e-03 6.585234796159456e-04
1.417232333230055e-01 6.224713105929925e-03 6.589175780086260e-04
1.418700368708119e-01 6.229663224142333e-03 6.744612859763279e-04
1.420168402325645e-01 4.475132103200114e-03 6.789680557639324e-04
1.421636434080713e-01 5.875558381034490e-03 6.768800370958327e-04
1.423104463971400e-01 4.653934065203750e-03 6.908163401762468e-04
1.424572491995785e-01 4.563226283332479e-03 6.906893515631249e-04
1.426040518151946e-01 4.989005374954588e-03 7.072966362564754e-04
1.427508542437963e-01 5.117932777644353e-03 6.960361598134505e-04
1.428976564851913e-01 5.259886579427937e-03 7.111944666988886e-04
1.430444585391876e-01 5.662514275302214e-03 7.184595304702260e-04
1.431912604055929e-01 4.636700216337044e-03 7.204799128192607e-04
1.433380620842152e-01 5.908799756445751e-03 7.245793292890620e-04
1.434848635748623e-01 5.685403425556051e-03 7.248427969847046e-04
1.436316648773420e-01 5.361272354921094e-03 7.325230531960459e-04
1.437784659914622e-01 5.104305696853253e-03 7.429041031545067e-04
1.439252669170309e-01 4.418517312501037e-03 7.534841907849553e-04
1.440720676538558e-01 6.596079908088463e-03 7.451902892136818e-04
1.442188682017449e-01 5.005069565569239e-03 7.546076044897503e-04
1.443656685605060e-01 4.003006413884377e-03 7.613356396924202e-04
1.445124687299469e-01 5.429966947602467e-03 7.790882810197038e-04
1.446592687098756e-01 4.447263369269402e-03 7.649417059205027e-04
1.448060685000999e-01 3.626647313067121e-03 7.829487977047753e-04
1.449528681004278e-01 5.296287422470057e-03 7.780438024794106e-04
1.450996675106670e-01 4.976925765215293e-03 7.862049962642497e-04
1.452464667306255e-01 6.648842371391722e-03 7.889445684208570e-04
1.453932657601112e-01 5.231828667391339e-03 7.966457662062973e-04
1.455400645989318e-01 5.111499606618527e-03 8.034009339610872e-04
1.456868632468954e-01 4.682342646533573e-03 7.983155871374960e-04
1.458336617038097e-01 4.990914941532595e-03 8.066344632464725e-04
1.459804599694828e-01 4.793036986163915e-03 8.046840823751243e-04
1.461272580437224e-01 4.315129057807727e-03 8.233232825242707e-04
1.462740559263364e-01 5.562191869484318e-03 8.283001414879683e-04
1.464208536171328e-01 3.565882310811493e-03 8.323712221763375e-04
1.465676511159195e-01 4.965376453823452e-03 8.398437536061201e-04
1.467144484225043e-01 4.065286227034969e-03 8.323749459515359e-04
1.468612455366952e-01 4.665471822712067e-03 8.407321743473150e-04
1.470080424582999e-01 5.483177340610217e-03 8.597974743551320e-04
1.471548391871265e-01 5.602551279039556e-03 8.447508800139129e-04
1.473016357229828e-01 3.811514020863829e-03 8.640970126092949e-04
1.474484320656767e-01 5.222998161633272e-03 8.575249388201455e-04
1.475952282150162e-01 4.609299948829079e-03 8.637769553757022e-04
1.477420241708091e-01 4.127152481225752e-03 8.595446428583123e-04
1.478888199328633e-01 3.328232542879986e-03 8.596878016022291e-04
1.480356155009868e-01 5.253915830045561e-03 8.777642730197751e-04
1.481824108749874e-01 3.955129382067840e-03 8.601156777249478e-04
1.483292060546731e-01 4.566909426537835e-03 8.889339589552367e-04
1.484760010398518e-01 4.108345492119973e-03 8.566552139293792e-04
1.486227958303313e-01 3.178943620735000e-03 8.861083096263409e-04
1.487695904259196e-01 4.025603108710571e-03 8.980691650009669e-04
1.489163848264247e-01 5.386867343678131e-03 8.714068067746783e-04
1.490631790316544e-01 2.267739454454235e-03 8.960831291396958e-04
1.492099730414167e-01 4.529557627798809e-03 9.353434791139557e-04
1.493567668555194e-01 4.111318684732630e-03 9.091395349318525e-04
1.495035604737705e-01 3.128399913791515e-03 8.959130981143186e-04
1.496503538959780e-01 4.373462966447125e-03 8.801170289512085e-04
1.497971471219496e-01 3.962669932887865e-03 9.072205531237289e-04
1.499439401514935e-01 4.706702778435315e-03 8.845687714292504e-04
1.500907329844174e-01 5.027656012067361e-03 9.196190230741190e-04
1.502375256205293e-01 4.573858900163731e-03 8.960139745068640e-04
1.503843180596373e-01 4.834496325634056e-03 9.040563224426868e-04
1.505311103015491e-01 3.366552732086557e-03 9.230616057485324e-04
1.506779023460727e-01 3.750171849572971e-03 8.907728951840029e-04
1.508246941930161e-01 4.941019028185499e-03 9.202153409327421e-04
1.509714858421872e-01 3.105917332741977e-03 8.938483607428375e-04
1.511182772933938e-01 5.411853131518177e-03 9.107640970338190e-04
1.512650685464441e-01 3.281564203955589e-03 9.235140992733251e-04
1.514118596011459e-01 3.916061941602421e-03 9.048490732992078e-04
1.515586504573071e-01 4.352197725712721e-03 9.216346829237681e-04
1.517054411147357e-01 2.834827501702102e-03 9.046997587732927e-04
1.518522315732397e-01 2.058211088221190e-03 9.139073218522502e-04
1.519990218326269e-01 4.178348087823766e-03 9.266167903357386e-04
1.521458118927054e-01 3.269601269192666e-03 9.082592685175514e-04
1.522926017532831e-01 5.135223354614155e-03 9.493419384987262e-04
1.524393914141679e-01 4.887759444883644e-03 9.297578297077064e-04
1.525861808751677e-01 4.023233959060708e-03 9.505402407818156e-04
1.527329701360906e-01 4.241368198048758e-03 9.397984917975295e-04
1.528797591967446e-01 4.812398047762801e-03 9.395337979174752e-04
1.530265480569374e-01 4.080623328039760e-03 9.678859103596619e-04
1.531733367164773e-01 5.464633054736261e-03 9.199053161396746e-04
1.533201251751719e-01 4.089449873909745e-03 9.592780042908973e-04
1.534669134328294e-01 3.335665326694542e-03 9.301714064182716e-04
1.536137014892578e-01 2.642536117998856e-03 9.572589781173289e-04
1.537604893442648e-01 3.241712361586393e-03 9.690062905082893e-04
1.539072769976586e-01 3.575062093014555e-03 9.527638793330532e-04
1.540540644492471e-01 3.101284106503828e-03 9.784151307006277e-04
1.542008516988383e-01 3.138062744687383e-03 9.621259518181543e-04
1.543476387462401e-01 3.170172408043099e-03 9.908481749264790e-04
1.544944255912605e-01 3.185604526032594e-03 9.698193510623698e-04
1.546412122337075e-01 3.447356199145160e-03 9.823248781669312e-04
1.547879986733890e-01 3.944770784268135e-03 9.818100551569917e-04
1.549347849101131e-01 2.061462962411659e-03 9.687220623089211e-04
1.550815709436878e-01 3.526857056374095e-03 9.855198795615705e-04
1.552283567739209e-01 2.269557891168441e-03 9.773688928294366e-04
1.553751424006205e-01 4.192387711039135e-03 1.004178081862532e-03
1.555219278235946e-01 3.042952877264054e-03 1.001975218329684e-03
1.556687130426511e-01 3.090736385846519e-03 9.972001957883896e-04
1.558154980575980e-01 4.027292985327624e-03 1.016008350352257e-03
1.559622828682433e-01 3.138334071628741e-03 1.000937165971337e-03
1.561090674743951e-01 3.529090717771386e-03 1.015822842206712e-03
1.562558518758612e-01 2.787028386657109e-03 1.007825124086495e-03
1.564026360724498e-01 3.318626700895014e-03 1.027197388853800e-03
1.565494200639687e-01 4.296545660681220e-03 1.010804966527383e-03
1.566962038502260e-01 3.614742367033728e-03 1.026421666872153e-03
1.568429874310297e-01 4.196823487481320e-03 1.042039725569761e-03
1.569897708061878e-01 2.425673564754547e-03 1.034241354788110e-03
1.571365539755082e-01 2.790539714323219e-03 1.034302879171219e-03
1.572833369387990e-01 3.830196149430189e-03 1.043840527890279e-03
1.574301196958682e-01 3.628909454494934e-03 1.026337777014079e-03
1.575769022465238e-01 4.047972096484953e-03 1.062128068227015e-03
1.577236845905738e-01 4.556685524933440e-03 1.023970365395030e-03
1.578704667278262e-01 2.906580443920133e-03 1.053138888337266e-03
1.580172486580890e-01 4.995016132210840e-03 1.068739795996392e-03
1.581640303811701e-01 4.097177434902978e-03 1.056160173075669e-03
1.583108118968778e-01 4.784563079298435e-03 1.081448706626078e-03
1.584575932050198e-01 1.651233222592161e-03 1.063379125342119e-03
1.586043743054044e-01 2.392359012979916e-03 1.091847970354443e-03
1.587511551978395e-01 3.377267722351016e-03 1.097200037543353e-03
1.588979358821330e-01 2.289081208855749e-03 1.077087572211274e-03
1.590447163580930e-01 2.640698379351415e-03 1.087017704957550e-03
1.591914966255276e-01 2.073743495135604e-03 1.083412163251094e-03
1.593382766842448e-01 4.818324715300193e-03 1.108525121348860e-03
1.594850565340525e-01 4.032435664134987e-03 1.110435126293830e-03
1.596318361747588e-01 2.157427018846683e-03 1.089142802834371e-03
1.597786156061718e-01 3.601198393970195e-03 1.129728418087322e-03
1.599253948280995e-01 2.679837888166647e-03 1.104155234318441e-03
1.600721738403499e-01 1.959204808021251e-03 1.126927274827142e-03
1.602189526427309e-01 3.646253548417324e-03 1.130834140500564e-03
1.603657312350509e-01 3.527669382575193e-03 1.160236984509086e-03
1.605125096171175e-01 4.700498301902283e-03 1.141654586080255e-03
1.606592877887390e-01 1.337860421030954e-03 1.120665214342262e-03
1.608060657497234e-01 2.139340543329797e-03 1.151093586359733e-03
1.609528434998787e-01 3.444851729176428e-03 1.151897231302726e-03
1.610996210390131e-01 2.803893519851526e-03 1.145014249807215e-03
1.612463983669344e-01 1.807754759473389e-03 1.156151904282031e-03
1.613931754834508e-01 3.612718351443338e-03 1.162949263942281e-03
1.615399523883702e-01 3.245531232076315e-03 1.184141563089678e-03
1.616867290815008e-01 1.986041322262511e-03 1.156428771656597e-03
1.618335055626506e-01 2.007175415209091e-03 1.185613782147829e-03
1.619802818316277e-01 1.508537617305811e-03 1.175951964728261e-03
1.621270578882401e-01 3.533008213899388e-03 1.191489504387407e-03
1.622738337322958e-01 2.724345435564257e-03 1.189306400459631e-03
1.624206093636030e-01 3.507664275400905e-03 1.196135192827864e-03
1.625673847819697e-01 8.366492492903827e-04 1.205003842233365e-03
1.627141599872038e-01 3.119203978534623e-03 1.217057167414645e-03
1.628609349791136e-01 1.878777589095140e-03 1.232744005733428e-03
1.630077097575070e-01 3.972404741166105e-03 1.229349090067884e-03
1.631544843221922e-01 4.232632714995615e-03 1.204497662646383e-03
1.633012586729772e-01 2.873385153337718e-03 1.231183806445932e-03
1.634480328096700e-01 1.690869428487527e-03 1.237165231821446e-03
1.635948067320787e-01 3.425556493023850e-03 1.249247484164058e-03
1.637415804400115e-01 3.409604748960972e-03 1.236617766204047e-03
1.638883539332764e-01 4.864253747711769e-03 1.281830547827239e-03
1.640351272116813e-01 2.546587549774145e-03 1.261897232995102e-03
1.641819002750345e-01 1.555036118455052e-03 1.276511171536863e-03
1.643286731231440e-01 3.120936609876138e-03 1.278497661749241e-03
1.644754457558179e-01 1.479605668946576e-03 1.256915953332639e-03
1.646222181728642e-01 5.027782697532029e-03 1.306447658385680e-03
1.647689903740911e-01 3.823499703746034e-03 1.306136532408047e-03
1.649157623593066e-01 -1.564768679726693e-04 1.335456356077068e-03
1.650625341283188e-01 1.933932533610175e-03 1.289381138768876e-03
1.652093056809359e-01 3.368924849013783e-03 1.311710661710464e-03
1.653560770169658e-01 1.458571013135810e-03 1.339174829432022e-03
1.655028481362167e-01 1.741134930589955e-03 1.335637575710576e-03
1.656496190384967e-01 4.070063074578694e-03 1.359344091099202e-03
1.657963897236138e-01 3.514392826949842e-03 1.357633581593297e-03
1.659431601913762e-01 6.831138312095114e-03 1.377911567901784e-03
1.660899304415920e-01 3.635451756529022e-03 1.370884668851263e-03
1.662367004740692e-01 3.116343885154065e-04 1.373023444742952e-03
1.663834702886159e-01 1.446968283603381e-03 1.375910694168209e-03
1.665302398850404e-01 5.742474393096325e-04 1.376596574725636e-03
1.666770092631506e-01 3.231918931141819e-03 1.410044187107444e-03
1.668237784227546e-01 3.010873730828661e-03 1.410869636334310e-03
1.669705473636607e-01 3.952452626806570e-03 1.410078696735140e-03
1.671173160856769e-01 2.166717622104483e-03 1.420889872985901e-03
1.672640845886112e-01 3.708328242988752e-03 1.427399549000207e-03
1.674108528722718e-01 2.540987657964203e-03 1.428444996183638e-03
1.675576209364669e-01 2.080306429948337e-03 1.491468180058535e-03
1.677043887810044e-01 3.305741215887290e-03 1.433971418086865e-03
1.678511564056927e-01 3.059246329260139e-03 1.494023605073032e-03
1.679979238103397e-01 1.880548579024069e-03 1.528006695181135e-03
1.681446909947535e-01 3.406929663959400e-04 1.457676785903128e-03
1.682914579587425e-01 3.027111458343507e-03 1.530708776545532e-03
1.684382247021145e-01 8.284053087772952e-04 1.470685363262606e-03
1.685849912246778e-01 2.523651986974207e-03 1.518298361208006e-03
1.687317575262405e-01 2.516334796832299e-03 1.556838761559795e-03
1.688785236066107e-01 2.229663837983375e-03 1.567728343539560e-03
1.690252894655966e-01 2.243737049242682e-03 1.569586282816644e-03
1.691720551030063e-01 2.397587687829620e-03 1.557616827740497e-03
1.693188205186478e-01 9.598392242378352e-04 1.580768012950237e-03
1.694655857123294e-01 1.767299247971423e-03 1.585648517734246e-03
1.696123506838591e-01 -1.034995856068735e-03 1.601438028297191e-03
1.697591154330453e-01 2.012295856150720e-03 1.619757834416248e-03
1.699058799596958e-01 1.727746509093829e-03 1.634522793386802e-03
1.700526442636189e-01 1.366476440218652e-03 1.654239022702701e-03
1.701994083446229e-01 4.398189068688266e-03 1.628714556210795e-03
1.703461722025157e-01 -2.632806035131445e-03 1.666806810691555e-03
1.704929358371055e-01 3.751909679358537e-03 1.656558275886808e-03
1.706396992482005e-01 3.158174118679220e-03 1.712676100524305e-03
1.707864624356089e-01 2.056015653577026e-03 1.702953605433470e-03
1.709332253991387e-01 3.519112964608757e-03 1.734720087139048e-03
1.710799881385982e-01 5.719677638204040e-04 1.753733859509863e-03
1.712267506537955e-01 1.937929927057601e-03 1.816868127675301e-03
1.713735129445388e-01 1.754433350724100e-03 1.799090344452375e-03
1.715202750106361e-01 2.129185597706047e-03 1.830591434393910e-03
1.716670368518958e-01 5.269894561455235e-04 1.804622299237891e-03
1.718137984681258e-01 1.031923129884295e-03 1.841194620186448e-03
1.719605598591345e-01 3.844386917206598e-03 1.855162188843875e-03
1.721073210247299e-01 3.708223221089026e-03 1.843729128804075e-03
1.722540819647203e-01 -6.549440040586130e-04 1.878410016907264e-03
1.724008426789137e-01 1.428609843027819e-03 1.943212717657405e-03
1.725476031671185e-01 2.903650801857966e-03 1.919587075864306e-03
1.726943634291426e-01 -2.841697243890378e-03 1.996129617249431e-03
1.728411234647944e-01 -1.329726422600645e-03 1.999506664158481e-03
1.729878832738820e-01 4.793173260831922e-03 1.972419984527219e-03
1.731346428562135e-01 -5.303786513276522e-04 2.055538189473510e-03
1.732814022115972e-01 3.309844517259256e-03 2.052573816713603e-03
1.734281613398412e-01 6.543391043308864e-04 2.112390211496479e-03
1.735749202407538e-01 2.194247793617020e-03 2.136401610758951e-03
1.737216789141430e-01 1.302572315698958e-03 2.157705599572810e-03
1.738684373598171e-01 3.758792465064775e-03 2.203625063238728e-03
1.740151955775843e-01 1.400153169186321e-03 2.147790646405235e-03
1.741619535672527e-01 1.104449422291604e-04 2.236176706126941e-03
1.743087113286306e-01 4.255482627267046e-04 2.316515019010373e-03
1.744554688615261e-01 1.936190002123968e-04 2.270528197782532e-03
1.746022261657475e-01 1.653161268945137e-03 2.368928652995953e-03
1.747489832411029e-01 3.103455139225151e-04 2.405781765998450e-03
1.748957400874005e-01 1.374649162867153e-03 2.401656706686723e-03
1.750424967044485e-01 -8.628370733169399e-05 2.416702337729099e-03
1.751892530920552e-01 -7.411601803894737e-04 2.606164129456781e-03
1.753360092500287e-01 -4.196440737735022e-04 2.590044335986860e-03
1.754827651781772e-01 5.768748187335137e-03 2.650814173169421e-03
1.756295208763090e-01 5.769406122051460e-03 2.647359944074504e-03
1.757762763442323e-01 3.760308540382945e-03 2.748938196244604e-03
1.759230315817552e-01 -1.369403036543049e-03 2.772181742007987e-03
1.760697865886859e-01 5.254113497306716e-03 3.043181328957424e-03
1.762165413648328e-01 1.919578331368192e-03 2.794318590132946e-03
1.763632959100039e-01 1.451667637386364e-03 2.997729629247105e-03
1.765100502240076e-01 4.979818516673211e-04 3.076724986095916e-03
1.766568043066521e-01 -3.247186013385748e-05 3.224184373627318e-03
1.768035581577454e-01 -5.804219905375325e-03 3.176539855300791e-03
1.769503117770959e-01 -6.245544272603972e-03 3.327686600148891e-03
1.770970651645119e-01 5.093200694050509e-03 3.493568793248786e-03
1.772438183198014e-01 2.169725090489993e-03 3.463001057799258e-03
1.773905712427729e-01 1.298145586026748e-04 3.892370681811844e-03
1.775373239332344e-01 1.105297003624284e-02 3.990482159458625e-03
1.776840763909942e-01 1.794276612490254e-03 4.295234648052737e-03
1.778308286158606e-01 5.261331466139584e-03 4.625780934369874e-03
1.779775806076418e-01 -1.519911718606678e-03 4.751506972380719e-03
1.781243323661459e-01 2.902460327069689e-04 4.958604476693802e-03
1.782710838911813e-01 9.934766844072735e-03 6.006669600884888e-03
1.784178351825563e-01 -9.504339228316732e-03 5.989239544361870e-03
1.785645862400790e-01 -5.675397137033956e-03 7.412738029875444e-03
1.787113370635576e-01 8.142194735867480e-03 8.102451384865561e-03
1.788580876528005e-01 -4.668455324009257e-03 1.051705269967793e-02
1.790048380076158e-01 7.613161343568958e-03 1.229368589052863e-02
