<X> <Y> <dY>
8.813602216919226e-04 5.355073607400658e+02 2.904179391423338e+00
1.028253589049351e-03 2.965717589257839e+02 1.565772260450060e+00
1.175146955056984e-03 2.207375391907269e+02 1.191216501402425e+00
1.322040319521992e-03 1.395703529040876e+02 7.266285964382575e-01
1.468933682251548e-03 9.678064490510614e+01 5.249922505478278e-01
1.615827043052824e-03 7.047237061915607e+01 3.693151136329069e-01
1.762720401732992e-03 5.339336553029030e+01 3.196516189445702e-01
1.909613758099223e-03 4.137566974845654e+01 2.738835621146757e-01
2.056507111958691e-03 3.116951792232939e+01 2.303424319161321e-01
2.203400463118568e-03 2.461906742238651e+01 2.021100907560767e-01
2.350293811386024e-03 1.859562777068560e+01 1.693191250959636e-01
2.497187156568232e-03 1.452260505655667e+01 1.520375831598322e-01
2.644080498472365e-03 1.184531445569728e+01 1.327498457298057e-01
2.790973836905595e-03 9.760149162738344e+00 1.168199164902092e-01
2.937867171675094e-03 8.024465755638799e+00 1.078696046725911e-01
3.084760502588034e-03 6.317346472560355e+00 9.543639950749506e-02
3.231653829451588e-03 5.598952446451363e+00 8.731859674920626e-02
3.378547152072927e-03 4.794422425245762e+00 8.000367550095949e-02
3.525440470259224e-03 4.202677257332581e+00 7.216399458422949e-02
3.672333783817651e-03 3.672715946695783e+00 6.728964322118404e-02
3.819227092555382e-03 2.992462570718866e+00 6.053841583099075e-02
3.966120396279587e-03 2.646460074149346e+00 5.776510724716431e-02
4.113013694797441e-03 2.262763678563762e+00 5.218443741173539e-02
4.259906987916115e-03 2.083369964280045e+00 4.832069368367442e-02
4.406800275442781e-03 1.773577849209973e+00 4.565454581221492e-02
4.553693557184614e-03 1.616951639426085e+00 4.217873720651630e-02
4.700586832948783e-03 1.361517862450216e+00 3.944192151883128e-02
4.847480102542463e-03 1.260082446791364e+00 3.670383583495790e-02
4.994373365772829e-03 1.106055820285644e+00 3.471087542304089e-02
5.141266622447048e-03 1.025092735908977e+00 3.264049493814562e-02
5.288159872372297e-03 9.155070597673629e-01 3.021380888675545e-02
5.435053115355749e-03 8.480039668251995e-01 2.882783377529063e-02
5.581946351204576e-03 7.598037955073887e-01 2.715910943967951e-02
5.728839579725948e-03 6.905383800597693e-01 2.534748709612794e-02
5.875732800727044e-03 6.121748980952765e-01 2.418790192775365e-02
6.022626014015034e-03 5.374909099688486e-01 2.291738197642712e-02
6.169519219397089e-03 5.118531442209887e-01 2.173006859222907e-02
6.316412416680385e-03 4.347843877664191e-01 2.076608676970849e-02
6.463305605672094e-03 4.456722035298284e-01 1.948908105546764e-02
6.610198786179393e-03 4.021998378713692e-01 1.850510772597812e-02
6.757091958009447e-03 3.413856132187087e-01 1.755124313326760e-02
6.903985120969439e-03 3.247161710124710e-01 1.676776061276451e-02
7.050878274866538e-03 3.233987944601516e-01 1.613971678159844e-02
7.197771419507919e-03 3.154005207248963e-01 1.512723839691820e-02
7.344664554700750e-03 2.982622454710158e-01 1.456468248122157e-02
7.491557680252214e-03 2.388812933200918e-01 1.402653467598653e-02
7.638450795969478e-03 2.377670128950524e-01 1.329143202295765e-02
7.785343901659718e-03 2.278150712696701e-01 1.281024231465144e-02
7.932236997130110e-03 1.966283204521017e-01 1.213149981458892e-02
8.079130082187821e-03 1.853690545013964e-01 1.175681714091847e-02
8.226023156640037e-03 1.950971140717816e-01 1.130880223704254e-02
8.372916220293923e-03 1.796382240519324e-01 1.069850057243408e-02
8.519809272956652e-03 1.731789638777047e-01 1.036732473600858e-02
8.666702314435403e-03 1.383082520835373e-01 9.955262648303305e-03
8.813595344537354e-03 1.375436732212071e-01 9.614844829187856e-03
8.960488363069672e-03 1.387950133481914e-01 9.265880627551862e-03
9.107381369839535e-03 1.281108643554754e-01 8.791076720800347e-03
9.254274364654119e-03 1.206016103735339e-01 8.591594921731309e-03
9.401167347320593e-03 1.093867370118633e-01 8.219728576131843e-03
9.548060317646137e-03 1.222803418915347e-01 8.037232360344943e-03
9.694953275437929e-03 1.007819427823552e-01 7.731119311814486e-03
9.841846220503138e-03 8.469588855860441e-02 7.378589675728302e-03
9.988739152648940e-03 8.587622162938115e-02 7.234512362712440e-03
1.013563207168251e-02 8.647583693559995e-02 6.921424876147208e-03
1.028252497741103e-02 9.016422822235105e-02 6.670799095377294e-03
1.042941786964167e-02 8.521736682903699e-02 6.494237139383047e-03
1.057631074818160e-02 6.909586912782746e-02 6.289681053462106e-03
1.072320361283801e-02 7.727641560422442e-02 6.168738844364303e-03
1.087009646341806e-02 7.402629826329202e-02 5.834606824131447e-03
1.101698929972894e-02 7.811632018128441e-02 5.708367013699107e-03
1.116388212157781e-02 6.153038214753596e-02 5.558445353544766e-03
1.131077492877186e-02 6.486443398951765e-02 5.394734286631448e-03
1.145766772111827e-02 5.774590272050587e-02 5.260700642291118e-03
1.160456049842420e-02 6.302365794384825e-02 5.066943813463833e-03
1.175145326049683e-02 5.871803795866296e-02 4.934926492237048e-03
1.189834600714335e-02 7.008222374153496e-02 4.805006092378032e-03
1.204523873817092e-02 4.629539345083734e-02 4.662548058100086e-03
1.219213145338673e-02 4.531614985905705e-02 4.510296097680604e-03
1.233902415259795e-02 4.897064246273655e-02 4.419050986589209e-03
1.248591683561175e-02 4.559675131838262e-02 4.313925395454457e-03
1.263280950223533e-02 3.917118104095907e-02 4.201350840089000e-03
1.277970215227585e-02 4.907234205369673e-02 4.024655449254706e-03
1.292659478554047e-02 3.899063962186251e-02 3.952941784806164e-03
1.307348740183641e-02 3.805597447882495e-02 3.874270412373089e-03
1.322038000097082e-02 4.644604543069109e-02 3.766997754898944e-03
1.336727258275089e-02 3.513475549025032e-02 3.659117015707650e-03
1.351416514698378e-02 3.256451559984094e-02 3.581633572256091e-03
1.366105769347668e-02 3.487847842130366e-02 3.493797868068984e-03
1.380795022203677e-02 3.204994388274523e-02 3.425542146419127e-03
1.395484273247122e-02 4.132190883077177e-02 3.317544945314693e-03
1.410173522458722e-02 2.670275104686148e-02 3.238806103558426e-03
1.424862769819194e-02 3.229839440338764e-02 3.182927064763618e-03
1.439552015309257e-02 2.478557073883532e-02 3.104074103063442e-03
1.454241258909627e-02 3.151272307369887e-02 3.048849446929474e-03
1.468930500601023e-02 3.144409824697938e-02 2.946397567715410e-03
1.483619740364163e-02 3.223425303737506e-02 2.887264490359648e-03
1.498308978179765e-02 3.316923070615083e-02 2.856886349318433e-03
1.512998214028546e-02 3.270334251892520e-02 2.774083571502698e-03
1.527687447891225e-02 3.255251700312230e-02 2.723505847463640e-03
1.542376679748520e-02 2.902634223829820e-02 2.667846676668501e-03
1.557065909581149e-02 2.836465089180686e-02 2.611574321425244e-03
1.571755137369829e-02 3.091071875762359e-02 2.560850330016933e-03
1.586444363095279e-02 2.795174640350647e-02 2.496479248730976e-03
1.601133586738216e-02 2.863244988124432e-02 2.467627111593300e-03
1.615822808279360e-02 2.534195049487386e-02 2.410823184354939e-03
1.630512027699426e-02 2.613543295933503e-02 2.361616137355228e-03
1.645201244979136e-02 2.900795976317901e-02 2.306887054880921e-03
1.659890460099205e-02 2.501390808149313e-02 2.252682944338015e-03
1.674579673040351e-02 2.589921788274399e-02 2.243369874708280e-03
1.689268883783294e-02 2.345232537259078e-02 2.187723600330111e-03
1.703958092308753e-02 2.448339916746264e-02 2.157795143667692e-03
1.718647298597442e-02 2.842311739409268e-02 2.088697988304336e-03
1.733336502630083e-02 2.438883482603263e-02 2.062358404352902e-03
1.748025704387393e-02 2.140307583846982e-02 2.040101849002034e-03
1.762714903850091e-02 2.501392374573618e-02 1.996863397957208e-03
1.777404100998893e-02 2.093313745901416e-02 1.970118678492106e-03
1.792093295814520e-02 2.373550248097987e-02 1.926566730549055e-03
1.806782488277687e-02 2.045614327960783e-02 1.908129328063640e-03
1.821471678369116e-02 2.155519175737190e-02 1.872326203213483e-03
1.836160866069522e-02 2.060546180511741e-02 1.824418108245604e-03
1.850850051359626e-02 2.330607248644703e-02 1.860037910113680e-03
1.865539234220144e-02 2.427784801796491e-02 1.838475779487525e-03
1.880228414631796e-02 2.430091337611998e-02 1.804773803391711e-03
1.894917592575301e-02 2.005923079274188e-02 1.801204254639329e-03
1.909606768031375e-02 2.016201503364397e-02 1.775627204264125e-03
1.924295940980738e-02 1.670440443782458e-02 1.789154515664985e-03
1.938985111404109e-02 2.529181484565581e-02 1.796946688287149e-03
1.953674279282204e-02 2.100946852561992e-02 1.801676632336206e-03
1.968363444595744e-02 2.420335616475225e-02 1.791181917083165e-03
1.983052607325447e-02 2.241964554008874e-02 1.769135910369501e-03
1.997741767452030e-02 2.095245176536244e-02 1.776508501964665e-03
2.012430924956213e-02 1.792013394582761e-02 1.762103323515475e-03
2.027120079818715e-02 2.193694715007241e-02 1.736156606414507e-03
2.041809232020253e-02 2.049576020361066e-02 1.743456712193684e-03
2.056498381541546e-02 1.960762205903690e-02 1.732053647939481e-03
2.071187528363314e-02 1.986532292886473e-02 1.701323445113541e-03
2.085876672466273e-02 2.038286267395955e-02 1.700072727998799e-03
2.100565813831145e-02 1.742663030750354e-02 1.689937747265617e-03
2.115254952438645e-02 2.053517741085732e-02 1.674677485225805e-03
2.129944088269494e-02 1.564108912231010e-02 1.666130720046884e-03
2.144633221304411e-02 1.739955000799202e-02 1.655174595606137e-03
2.159322351524114e-02 1.992917923110107e-02 1.659332131692115e-03
2.174011478909322e-02 1.897191167443084e-02 1.636203788187990e-03
2.188700603440753e-02 2.061990940805000e-02 1.622965191450159e-03
2.203389725099126e-02 2.156326054653889e-02 1.599428259904009e-03
2.218078843865161e-02 1.854182090629473e-02 1.554275370047916e-03
2.232767959719575e-02 1.966923920686866e-02 1.545721737987283e-03
2.247457072643089e-02 1.903974097389060e-02 1.507670269948623e-03
2.262146182616420e-02 2.022473408617095e-02 1.484060335667590e-03
2.276835289620287e-02 2.044365194761737e-02 1.461893554765877e-03
2.291524393635411e-02 1.964336673767534e-02 1.443663990670501e-03
2.306213494642509e-02 1.967323447718574e-02 1.448225021968486e-03
2.320902592622301e-02 2.007495166135481e-02 1.409435146442001e-03
2.335591687555505e-02 1.844115394470327e-02 1.407888249743197e-03
2.350280779422841e-02 1.925474752872152e-02 1.387961135623932e-03
2.364969868205026e-02 1.909107148635858e-02 1.361886716931789e-03
2.379658953882782e-02 1.909511754965890e-02 1.368285964137579e-03
2.394348036436827e-02 1.906459751994840e-02 1.346018125662276e-03
2.409037115847880e-02 2.100168325576188e-02 1.340990889679291e-03
2.423726192096658e-02 1.945783012791853e-02 1.323209099148681e-03
2.438415265163884e-02 2.001502927124600e-02 1.296216807831608e-03
2.453104335030275e-02 2.056080802983389e-02 1.308263029718188e-03
2.467793401676551e-02 1.817987339203862e-02 1.276375164236149e-03
2.482482465083430e-02 1.889710594881043e-02 1.274570768964195e-03
2.497171525231632e-02 1.821698938856136e-02 1.261689455634376e-03
2.511860582101877e-02 1.792404893432429e-02 1.246283009230464e-03
2.526549635674884e-02 2.020330664025343e-02 1.233080503129847e-03
2.541238685931370e-02 1.801647848108287e-02 1.217648839774495e-03
2.555927732852058e-02 1.926484591830112e-02 1.213496620249781e-03
2.570616776417666e-02 2.054204172846502e-02 1.213458930997984e-03
2.585305816608912e-02 1.867964806922001e-02 1.194912485087678e-03
2.599994853406517e-02 1.904234165749629e-02 1.187824087694592e-03
2.614683886791200e-02 1.819901880275303e-02 1.174661023691243e-03
2.629372916743681e-02 1.994424993493637e-02 1.172834123997322e-03
2.644061943244679e-02 2.040140686628554e-02 1.162175274707937e-03
2.658750966274912e-02 2.090689608266765e-02 1.150652827408008e-03
2.673439985815102e-02 1.614176586993789e-02 1.151516125851921e-03
2.688129001845969e-02 2.173012912010424e-02 1.135767610945341e-03
2.702818014348229e-02 1.989516367779788e-02 1.128613678224593e-03
2.717507023302605e-02 2.060349586540585e-02 1.120242031511752e-03
2.732196028689816e-02 1.859259986206419e-02 1.112404080070164e-03
2.746885030490582e-02 1.875627694695773e-02 1.104144483601180e-03
2.761574028685621e-02 1.865421709989493e-02 1.099547696400832e-03
2.776263023255653e-02 1.995625073500824e-02 1.086215526543071e-03
2.790952014181400e-02 2.010944677420997e-02 1.078521985700834e-03
2.805641001443581e-02 2.078898994491392e-02 1.078028217326341e-03
2.820329985022913e-02 1.867366051472062e-02 1.076489311808495e-03
2.835018964900120e-02 1.985864046077242e-02 1.057155715155952e-03
2.849707941055920e-02 2.044685375783358e-02 1.052322045981708e-03
2.864396913471031e-02 1.896935886055359e-02 1.055724037103944e-03
2.879085882126178e-02 2.214332661651381e-02 1.045130292271805e-03
2.893774847002075e-02 2.071023748323080e-02 1.031408334485740e-03
2.908463808079444e-02 2.028485914286138e-02 1.028953597017990e-03
2.923152765339008e-02 1.971846547943982e-02 1.021147942634728e-03
2.937841718761485e-02 2.090746458988681e-02 1.012381137696644e-03
2.952530668327594e-02 1.900346362155136e-02 1.013967498850187e-03
2.967219614018056e-02 2.013057995078296e-02 1.009979462752091e-03
2.981908555813591e-02 2.054276260463319e-02 1.007080800120408e-03
2.996597493694921e-02 2.083550132727849e-02 9.969688554007643e-04
3.011286427642763e-02 2.201999547335111e-02 9.881190980411472e-04
3.025975357637840e-02 2.202233499364579e-02 9.803249916726330e-04
3.040664283660871e-02 2.291740418277464e-02 9.871723707151308e-04
3.055353205692574e-02 2.132881241486306e-02 9.803277322102842e-04
3.070042123713675e-02 2.136558524154447e-02 9.712724945740166e-04
3.084731037704891e-02 2.238156093322770e-02 9.664599058435485e-04
3.099419947646940e-02 1.946971565992256e-02 9.550239637970919e-04
3.114108853520547e-02 2.180462525012046e-02 9.586879917173162e-04
3.128797755306430e-02 2.322043492127024e-02 9.561460929389193e-04
3.143486652985308e-02 2.319791868380692e-02 9.358448825733152e-04
3.158175546537905e-02 2.071095374674189e-02 9.430426809914944e-04
3.172864435944940e-02 2.004034601318436e-02 9.413383127074832e-04
3.187553321187133e-02 2.379334330859828e-02 9.332287007027229e-04
3.202242202245206e-02 2.471403333961840e-02 9.341130852005182e-04
3.216931079099877e-02 2.215807783974353e-02 9.227650110876748e-04
3.231619951731869e-02 2.316762888555355e-02 9.303532258692111e-04
3.246308820121902e-02 2.259374147229008e-02 9.196730403995589e-04
3.260997684250697e-02 2.342305051000810e-02 9.089663093698526e-04
3.275686544098974e-02 2.183335673489740e-02 9.075274996081487e-04
3.290375399647455e-02 2.413613154142783e-02 9.025576536262957e-04
3.305064250876859e-02 2.199397747482039e-02 9.071596635871858e-04
3.319753097767910e-02 2.470055745010785e-02 9.033302716905100e-04
3.334441940301325e-02 2.263723714513906e-02 8.956658021530943e-04
3.349130778457828e-02 2.424332559484026e-02 8.995553967579728e-04
3.363819612218139e-02 2.298051386107421e-02 8.915177178556725e-04
3.378508441562977e-02 2.573232308154469e-02 8.910688260728608e-04
3.393197266473066e-02 2.451874288471314e-02 8.812277987126447e-04
3.407886086929125e-02 2.530414704827249e-02 8.834362245934370e-04
3.422574902911878e-02 2.581673182236071e-02 8.856309441042013e-04
3.437263714402042e-02 2.427629072110325e-02 8.733279850193196e-04
3.451952521380341e-02 2.468950266413709e-02 8.697539738104548e-04
3.466641323827495e-02 2.425537726778298e-02 8.744988076917378e-04
3.481330121724226e-02 2.669087302976652e-02 8.961688999052174e-04
3.496018915051253e-02 2.424929383430532e-02 9.025254904280474e-04
3.510707703789302e-02 2.582496401278209e-02 9.049181318670059e-04
3.525396487919091e-02 2.745112723507823e-02 9.069073401143861e-04
3.540085267421340e-02 2.722759182526948e-02 8.942682562827739e-04
3.554774042276775e-02 2.599894513248258e-02 8.890275971846419e-04
3.569462812466112e-02 2.692061935011348e-02 8.756000801016348e-04
3.584151577970077e-02 2.619245858692537e-02 8.692941741815292e-04
3.598840338769389e-02 2.720731976612412e-02 8.734253549570951e-04
3.613529094844770e-02 2.825599617670688e-02 8.642959484383116e-04
3.628217846176941e-02 2.752988627036090e-02 8.662249505145667e-04
3.642906592746626e-02 2.645654578993286e-02 8.561276703156557e-04
3.657595334534545e-02 2.767752604758465e-02 8.599751325550520e-04
3.672284071521419e-02 2.681580723566143e-02 8.529948910132541e-04
3.686972803687972e-02 2.772264657890994e-02 8.539004602693947e-04
3.701661531014922e-02 2.812427894308102e-02 8.438085874936616e-04
3.716350253482994e-02 2.860704309247529e-02 8.471296707063307e-04
3.731038971072909e-02 2.824717571147549e-02 8.449086397765094e-04
3.745727683765387e-02 2.969608322595022e-02 8.768103489443772e-04
3.760416391541153e-02 2.847654084111922e-02 8.654921978890041e-04
3.775105094380928e-02 2.993450816838707e-02 8.330724012505465e-04
3.789793792265433e-02 2.860264476415246e-02 8.333626893793970e-04
3.804482485175390e-02 2.868485290593195e-02 8.251015631697363e-04
3.819171173091522e-02 3.040470253534440e-02 8.236159669337726e-04
3.833859855994550e-02 3.068261351515079e-02 8.307288139414651e-04
3.848548533865198e-02 3.054968016903311e-02 8.209360773061609e-04
3.863237206684186e-02 3.133690754386140e-02 8.212323172127420e-04
3.877925874432238e-02 3.107869002662590e-02 8.284400397946942e-04
3.892614537090076e-02 3.040822386298473e-02 8.111073463584452e-04
3.907303194638420e-02 3.136638855343996e-02 8.285481421512258e-04
3.921991847057994e-02 3.261081094274744e-02 8.137616901248720e-04
3.936680494329520e-02 3.057289473935869e-02 8.130443381521636e-04
3.951369136433722e-02 3.184546017310302e-02 8.113385818671070e-04
3.966057773351322e-02 3.180042057339844e-02 8.024863849207035e-04
3.980746405063040e-02 3.204603781173315e-02 8.082691393746390e-04
3.995435031549600e-02 3.162955127417710e-02 7.941712887269373e-04
4.010123652791726e-02 3.290393404062143e-02 7.984393776102832e-04
4.024812268770137e-02 3.308143036818202e-02 7.998223636948584e-04
4.039500879465560e-02 3.356423550781602e-02 7.977490831262088e-04
4.054189484858715e-02 3.442545487066976e-02 7.972461463985596e-04
4.068878084930326e-02 3.461384113214698e-02 7.929287956828788e-04
4.083566679661114e-02 3.553351400666081e-02 7.994303645904226e-04
4.098255269031803e-02 3.391929311911000e-02 7.958054503949431e-04
4.112943853023117e-02 3.480143113767024e-02 8.033850109134792e-04
4.127632431615776e-02 3.635968638782061e-02 8.218740838495724e-04
4.142321004790505e-02 3.544459140544849e-02 8.193939940374172e-04
4.157009572528026e-02 3.579926763156679e-02 8.284768544085791e-04
4.171698134809063e-02 3.499677249890791e-02 8.357887963230263e-04
4.186386691614337e-02 3.589949028981070e-02 8.352137422341629e-04
4.201075242924574e-02 3.635531181518226e-02 8.432311934853982e-04
4.215763788720495e-02 3.764653039684940e-02 8.389682344675540e-04
4.230452328982824e-02 3.594337829516374e-02 8.416917675374190e-04
4.245140863692285e-02 3.762409266233314e-02 8.449091564510681e-04
4.259829392829599e-02 3.846421395199477e-02 8.483112036764129e-04
4.274517916375490e-02 3.747897746567307e-02 8.426269855707196e-04
4.289206434310684e-02 3.816005774054914e-02 8.465973191073263e-04
4.303894946615900e-02 3.743316805707719e-02 8.487501542046802e-04
4.318583453271865e-02 3.826367977995545e-02 8.447448033683978e-04
4.333271954259301e-02 3.842231908560431e-02 8.530117222380862e-04
4.347960449558931e-02 4.084906423792385e-02 8.510678285054078e-04
4.362648939151479e-02 4.078470122100859e-02 8.547955125380802e-04
4.377337423017669e-02 3.988349305770267e-02 8.551828186134222e-04
4.392025901138226e-02 4.080098695918283e-02 8.598786398532826e-04
4.406714373493869e-02 4.252097902371563e-02 8.665763435882572e-04
4.421402840065326e-02 4.274035041588907e-02 8.613831237749284e-04
4.436091300833320e-02 4.276155399281375e-02 8.659783120599615e-04
4.450779755778574e-02 4.238546354333778e-02 8.590761681529509e-04
4.465468204881811e-02 4.334250585017459e-02 8.649796953304849e-04
4.480156648123757e-02 4.496693542002299e-02 8.791947028040224e-04
4.494845085485134e-02 4.316919220466664e-02 8.673727709436459e-04
4.509533516946668e-02 4.338577834847088e-02 8.734583521569462e-04
4.524221942489082e-02 4.337090136085702e-02 8.704598364448347e-04
4.538910362093100e-02 4.495168566922494e-02 8.736057033852338e-04
4.553598775739446e-02 4.490378961216859e-02 8.750394107241971e-04
4.568287183408844e-02 4.467117918821125e-02 8.692530347196599e-04
4.582975585082019e-02 4.793935339501384e-02 8.794091676979777e-04
4.597663980739693e-02 4.556403773543705e-02 8.723791407092904e-04
4.612352370362593e-02 4.747001564740021e-02 8.658928960556524e-04
4.627040753931443e-02 4.713427738079821e-02 8.678257550920495e-04
4.641729131426967e-02 4.889241776986698e-02 8.653104577490366e-04
4.656417502829888e-02 4.819790401585065e-02 8.729912389925379e-04
4.671105868120932e-02 4.822517509861675e-02 8.701868737766427e-04
4.685794227280822e-02 4.949005997803037e-02 8.747992950165011e-04
4.700482580290285e-02 5.118683791436242e-02 8.716330876843762e-04
4.715170927130044e-02 4.974833726717244e-02 8.658765394016143e-04
4.729859267780824e-02 5.151686821689283e-02 8.727748544915880e-04
4.744547602223349e-02 5.165461042092486e-02 8.783416268461810e-04
4.759235930438345e-02 5.159853254383363e-02 8.778043825288001e-04
4.773924252406536e-02 5.351342833272198e-02 8.766211745158154e-04
4.788612568108647e-02 5.413929116684684e-02 8.818457973144237e-04
4.803300877525407e-02 5.421330110312825e-02 8.815831617263283e-04
4.817989180637530e-02 5.385373750208466e-02 8.807430844012482e-04
4.832677477425752e-02 5.516609389684060e-02 8.839552144555425e-04
4.847365767870793e-02 5.420000116598436e-02 8.768523585512136e-04
4.862054051953379e-02 5.564202988409368e-02 8.824855633192718e-04
4.876742329654236e-02 5.671830439840444e-02 8.882089136340530e-04
4.891430600954088e-02 5.806859989477724e-02 8.846607316533513e-04
4.906118865833660e-02 5.832585165000673e-02 8.888912083680657e-04
4.920807124273676e-02 5.879230155457063e-02 8.876871514927911e-04
4.935495376254866e-02 5.972430403739156e-02 8.916685386058883e-04
4.950183621757952e-02 5.893994230586141e-02 8.851209891333384e-04
4.964871860763660e-02 5.996420683907078e-02 8.948179291788787e-04
4.979560093252714e-02 6.194064960404402e-02 8.934985637171573e-04
4.994248319205841e-02 6.285073352712589e-02 8.992892865901355e-04
5.008936538603768e-02 6.177616193987355e-02 8.971541960839572e-04
5.023624751427219e-02 6.295638541791496e-02 8.967696153923253e-04
5.038312957656918e-02 6.264913844035618e-02 9.037739291192441e-04
5.053001157273595e-02 6.335735864022793e-02 8.958416533373617e-04
5.067689350257971e-02 6.494219421012525e-02 9.040868014796360e-04
5.082377536590776e-02 6.561306528408055e-02 9.013900227042054e-04
5.097065716252732e-02 6.528403980211074e-02 8.973001434426776e-04
5.111753889224568e-02 6.808097361935837e-02 9.123479366758839e-04
5.126442055487009e-02 6.630542840565108e-02 9.052748508659915e-04
5.141130215020779e-02 6.810043588857219e-02 9.036076671933619e-04
5.155818367806608e-02 6.782787333820753e-02 9.100691183789760e-04
5.170506513825220e-02 6.998571744280550e-02 9.103031417883483e-04
5.185194653057341e-02 7.029217942335589e-02 9.155246399086000e-04
5.199882785483697e-02 7.176942302964803e-02 9.133988905712346e-04
5.214570911085015e-02 7.251028598907014e-02 9.188130688180029e-04
5.229259029842022e-02 7.213945658609226e-02 9.192237878962560e-04
5.243947141735442e-02 7.459115395584748e-02 9.230511291276303e-04
5.258635246746002e-02 7.521899560436351e-02 9.287032789940969e-04
5.273323344854430e-02 7.561577981575504e-02 9.242931153569828e-04
5.288011436041453e-02 7.756242743870445e-02 9.389565563986568e-04
5.302699520287798e-02 7.857246258779151e-02 9.280200276566026e-04
5.317387597574186e-02 7.742379509650815e-02 9.294175411509799e-04
5.332075667881350e-02 8.041205341330528e-02 9.372541435237257e-04
5.346763731190016e-02 8.171091247683006e-02 9.340625643902967e-04
5.361451787480907e-02 8.043255686414598e-02 9.414117369601087e-04
5.376139836734754e-02 8.297318648282030e-02 9.368391825363217e-04
5.390827878932278e-02 8.281188293471183e-02 9.345712419557283e-04
5.405515914054214e-02 8.475977295432409e-02 9.457801713854932e-04
5.420203942081284e-02 8.428045650758444e-02 9.380371016379164e-04
5.434891962994216e-02 8.492923555580684e-02 9.568395827843528e-04
5.449579976773735e-02 8.807687763235095e-02 9.370735050853578e-04
5.464267983400574e-02 8.841101275148062e-02 9.567239118837165e-04
5.478955982855453e-02 9.022101686177390e-02 9.596820507135379e-04
5.493643975119106e-02 8.887188745846215e-02 9.516645150581241e-04
5.508331960172257e-02 9.026243501328991e-02 9.555938917745392e-04
5.523019937995633e-02 9.157420167383568e-02 9.537475426984916e-04
5.537707908569962e-02 9.177091421812128e-02 9.672463426842162e-04
5.552395871875969e-02 9.438060244092798e-02 9.713543997996729e-04
5.567083827894388e-02 9.434717858658839e-02 9.637158347292039e-04
5.581771776605941e-02 9.529291249867196e-02 9.696196178550473e-04
5.596459717991355e-02 9.741159441180569e-02 9.751147388389926e-04
5.611147652031365e-02 9.826568675458147e-02 9.787036458140392e-04
5.625835578706691e-02 9.988225158535385e-02 9.877287388373247e-04
5.640523497998061e-02 1.021490583520427e-01 9.768508906511071e-04
5.655211409886209e-02 1.038455389313690e-01 9.941477361365880e-04
5.669899314351858e-02 1.051010357666269e-01 9.962334731458064e-04
5.684587211375740e-02 1.045275120918203e-01 9.864320474209998e-04
5.699275100938578e-02 1.059961712843204e-01 9.962293959213499e-04
5.713962983021098e-02 1.078881260453641e-01 9.944489546960551e-04
5.728650857604041e-02 1.081151648204838e-01 9.954347706584916e-04
5.743338724668124e-02 1.097558836789100e-01 9.987426696824483e-04
5.758026584194079e-02 1.112066602349483e-01 1.002094542090159e-03
5.772714436162631e-02 1.138467798757821e-01 1.021403252254436e-03
5.787402280554513e-02 1.148846160649054e-01 1.015722031759059e-03
5.802090117350451e-02 1.146600224933754e-01 1.017699452824295e-03
5.816777946531173e-02 1.161715720026144e-01 1.014426708814899e-03
5.831465768077408e-02 1.190488823264883e-01 1.020271320826228e-03
5.846153581969887e-02 1.194485927592394e-01 1.028099086155381e-03
5.860841388189336e-02 1.218435385279990e-01 1.030665045668384e-03
5.875529186716485e-02 1.214825035961423e-01 1.034477358613477e-03
5.890216977532061e-02 1.229178802015238e-01 1.029758932159422e-03
5.904904760616795e-02 1.251689031005846e-01 1.038853692163151e-03
5.919592535951414e-02 1.284546529261357e-01 1.042343522898012e-03
5.934280303516650e-02 1.296176307905017e-01 1.051532921965794e-03
5.948968063293228e-02 1.326456063309587e-01 1.047463334642442e-03
5.963655815261879e-02 1.330217941622303e-01 1.065228911675644e-03
5.978343559403334e-02 1.355653348127682e-01 1.086018285854544e-03
5.993031295698319e-02 1.343780017545357e-01 1.088665063271286e-03
6.007719024127564e-02 1.380386439834554e-01 1.111068548087316e-03
6.022406744671802e-02 1.385569515882188e-01 1.121814649313433e-03
6.037094457311754e-02 1.417883312729594e-01 1.143923090234188e-03
6.051782162028158e-02 1.448080887770473e-01 1.154068059604025e-03
6.066469858801743e-02 1.451330671547180e-01 1.157347149001900e-03
6.081157547613233e-02 1.472611590546617e-01 1.178957133247358e-03
6.095845228443361e-02 1.506139136382599e-01 1.186904362879509e-03
6.110532901272856e-02 1.500892947341621e-01 1.201273132478025e-03
6.125220566082447e-02 1.520819195975736e-01 1.204922460101874e-03
6.139908222852867e-02 1.548623323581317e-01 1.215395247108849e-03
6.154595871564840e-02 1.555424439426692e-01 1.234110879220554e-03
6.169283512199103e-02 1.584518062970607e-01 1.233937542872149e-03
6.183971144736379e-02 1.628922629555694e-01 1.257707081208174e-03
6.198658769157404e-02 1.656035506954323e-01 1.255937423364240e-03
6.213346385442904e-02 1.651373181454371e-01 1.279605379475532e-03
6.228033993573612e-02 1.687995529719425e-01 1.286364857880520e-03
6.242721593530259e-02 1.702310070646720e-01 1.292050361236550e-03
6.257409185293569e-02 1.695071136077476e-01 1.270242730207451e-03
6.272096768844279e-02 1.730127304622436e-01 1.260221158287212e-03
6.286784344163118e-02 1.767403495294275e-01 1.251059031321229e-03
6.301471911230812e-02 1.794186767278967e-01 1.257138482293311e-03
6.316159470028096e-02 1.821710900663795e-01 1.246561481370442e-03
6.330847020535701e-02 1.849740819466661e-01 1.263065852882688e-03
6.345534562734356e-02 1.834060364892930e-01 1.246032630377645e-03
6.360222096604792e-02 1.888256654950749e-01 1.260289163449972e-03
6.374909622127738e-02 1.892091618719859e-01 1.247605503472026e-03
6.389597139283930e-02 1.943093965895648e-01 1.263634235962631e-03
6.404284648054094e-02 1.946306177773000e-01 1.267357190370319e-03
6.418972148418961e-02 1.986408935182997e-01 1.255839681388416e-03
6.433659640359266e-02 1.987609068117810e-01 1.270317062083384e-03
6.448347123855734e-02 2.024723013096485e-01 1.256564992092167e-03
6.463034598889104e-02 2.040050293924495e-01 1.273314780621454e-03
6.477722065440102e-02 2.090915101703911e-01 1.282369473275554e-03
6.492409523489458e-02 2.100746464028607e-01 1.276487403216391e-03
6.507096973017908e-02 2.135133579694565e-01 1.285304097432691e-03
6.521784414006179e-02 2.150640537733446e-01 1.283645983344890e-03
6.536471846435006e-02 2.207326595169702e-01 1.294787025233928e-03
6.551159270285120e-02 2.216127381656001e-01 1.299863611248440e-03
6.565846685537249e-02 2.263791896061486e-01 1.295909620057736e-03
6.580534092172129e-02 2.258039598480060e-01 1.306568729143588e-03
6.595221490170489e-02 2.274250564825064e-01 1.297980091555644e-03
6.609908879513064e-02 2.334590679204023e-01 1.312534528370361e-03
6.624596260180583e-02 2.373699678440029e-01 1.315000261349509e-03
6.639283632153778e-02 2.396450970267624e-01 1.320224776352438e-03
6.653970995413383e-02 2.395815392429039e-01 1.339946303034790e-03
6.668658349940126e-02 2.429579208475467e-01 1.317681843887753e-03
6.683345695714746e-02 2.481073134999428e-01 1.336749629084642e-03
6.698033032717969e-02 2.496320207600165e-01 1.334522644620028e-03
6.712720360930530e-02 2.520990361610337e-01 1.344586136876229e-03
6.727407680333160e-02 2.569479430191020e-01 1.348978681754833e-03
6.742094990906593e-02 2.593691192584553e-01 1.355373266820972e-03
6.756782292631559e-02 2.597861538986760e-01 1.352537730390177e-03
6.771469585488793e-02 2.640211580826773e-01 1.355544560144670e-03
6.786156869459029e-02 2.692092738394287e-01 1.373616291094354e-03
6.800844144522995e-02 2.700511072365060e-01 1.365507228352028e-03
6.815531410661428e-02 2.744711928260327e-01 1.381159950516656e-03
6.830218667855054e-02 2.760400963073757e-01 1.381543789362376e-03
6.844905916084618e-02 2.774496530177523e-01 1.383710339649543e-03
6.859593155330840e-02 2.846876940116295e-01 1.394135988907187e-03
6.874280385574461e-02 2.879013739260288e-01 1.390841048494730e-03
6.888967606796213e-02 2.891710027724047e-01 1.406804342368208e-03
6.903654818976826e-02 2.940968527762323e-01 1.398914132901646e-03
6.918342022097036e-02 2.971526592231680e-01 1.408291264073581e-03
6.933029216137575e-02 2.985685060779046e-01 1.418612530465778e-03
6.947716401079176e-02 3.021169926864736e-01 1.404699551713479e-03
6.962403576902575e-02 3.042990794361499e-01 1.428402920886841e-03
6.977090743588503e-02 3.089298005910550e-01 1.421676579147829e-03
6.991777901117695e-02 3.094364679031859e-01 1.424197842434901e-03
7.006465049470884e-02 3.156079838260967e-01 1.436266075054776e-03
7.021152188628801e-02 3.177304035901591e-01 1.437140363734925e-03
7.035839318572186e-02 3.183454121750424e-01 1.442486372693458e-03
7.050526439281767e-02 3.228889596358934e-01 1.438720367080383e-03
7.065213550738278e-02 3.290739911758004e-01 1.454271596998413e-03
7.079900652922456e-02 3.308456023473439e-01 1.462757489826935e-03
7.094587745815036e-02 3.358638276833311e-01 1.454540109109926e-03
7.109274829396750e-02 3.375679235426669e-01 1.477200782737630e-03
7.123961903648333e-02 3.377094717110415e-01 1.450049079818493e-03
7.138648968550515e-02 3.405968446350234e-01 1.472117577054276e-03
7.153336024084035e-02 3.435671900712385e-01 1.482892261464459e-03
7.168023070229627e-02 3.491095919593254e-01 1.471418692756592e-03
7.182710106968025e-02 3.501062071472085e-01 1.494019982404847e-03
7.197397134279965e-02 3.519067283796353e-01 1.474226503996201e-03
7.212084152146177e-02 3.577793850722178e-01 1.498921588464563e-03
7.226771160547400e-02 3.580966088558568e-01 1.498534085404409e-03
7.241458159464363e-02 3.614064006667194e-01 1.496236709325319e-03
7.256145148877813e-02 3.624969773293774e-01 1.504639877567448e-03
7.270832128768472e-02 3.682093536155734e-01 1.501937548484293e-03
7.285519099117078e-02 3.677536501243953e-01 1.504265825404683e-03
7.300206059904372e-02 3.713936284716046e-01 1.512312707695327e-03
7.314893011111082e-02 3.727044159232085e-01 1.500269235477815e-03
7.329579952717949e-02 3.736653511289872e-01 1.512007903290695e-03
7.344266884705702e-02 3.759919577463623e-01 1.506361712310132e-03
7.358953807055085e-02 3.781048971719920e-01 1.515954542885886e-03
7.373640719746824e-02 3.831558854260229e-01 1.507003899553695e-03
7.388327622761658e-02 3.842301303154977e-01 1.513690094557377e-03
7.403014516080324e-02 3.876278410335908e-01 1.516576381437436e-03
7.417701399683559e-02 3.845048781799065e-01 1.515711498577458e-03
7.432388273552094e-02 3.885978124417967e-01 1.521445322712314e-03
7.447075137666670e-02 3.923359824573013e-01 1.506498016075824e-03
7.461761992008017e-02 3.893454987874745e-01 1.518005937660820e-03
7.476448836556873e-02 3.946489969877449e-01 1.506687448729044e-03
7.491135671293978e-02 3.957681323327580e-01 1.521400313023741e-03
7.505822496200062e-02 4.003536880831379e-01 1.517880841994189e-03
7.520509311255867e-02 3.987545393139096e-01 1.519075051540979e-03
7.535196116442125e-02 3.979769601722809e-01 1.521508420752275e-03
7.549882911739574e-02 4.020627144290874e-01 1.520789369949284e-03
7.564569697128951e-02 4.026976516718992e-01 1.525628630581333e-03
7.579256472590988e-02 4.057382837802331e-01 1.523240103110207e-03
7.593943238106428e-02 4.051225585123143e-01 1.526535525835634e-03
7.608629993656001e-02 4.059336626859467e-01 1.530019243883805e-03
7.623316739220451e-02 4.062378704401051e-01 1.509705288491167e-03
7.638003474780510e-02 4.076168857436986e-01 1.524739936930411e-03
7.652690200316913e-02 4.074983979183537e-01 1.525903716778540e-03
7.667376915810399e-02 4.092444112357335e-01 1.529521564982614e-03
7.682063621241707e-02 4.098161837185440e-01 1.532096349431840e-03
7.696750316591573e-02 4.108100457061899e-01 1.521635560381956e-03
7.711437001840733e-02 4.095528315461728e-01 1.530942526123811e-03
7.726123676969926e-02 4.070095978632260e-01 1.512601645396602e-03
7.740810341959885e-02 4.120161587791951e-01 1.526631042646235e-03
7.755496996791353e-02 4.077576385893282e-01 1.515464934512863e-03
7.770183641445062e-02 4.093493968339103e-01 1.518173954614748e-03
7.784870275901755e-02 4.120613239687076e-01 1.529157706447697e-03
7.799556900142161e-02 4.110214353116962e-01 1.514894490656732e-03
7.814243514147029e-02 4.058308022594824e-01 1.509274406374101e-03
7.828930117897089e-02 4.106908297518743e-01 1.514841929796736e-03
7.843616711373082e-02 4.075552315720198e-01 1.514637044758086e-03
7.858303294555745e-02 4.074324763070201e-01 1.514972997947707e-03
7.872989867425814e-02 4.064782106774336e-01 1.497311457730095e-03
7.887676429964030e-02 4.081338818675638e-01 1.505330699885179e-03
7.902362982151130e-02 4.057313371006119e-01 1.502337637193147e-03
7.917049523967849e-02 4.070339736423819e-01 1.509147309480360e-03
7.931736055394929e-02 4.037288984095328e-01 1.496957348891650e-03
7.946422576413109e-02 4.024793181238246e-01 1.490646122436444e-03
7.961109087003126e-02 4.009852565713453e-01 1.501839930445567e-03
7.975795587145719e-02 4.030158087062194e-01 1.487280816661118e-03
7.990482076821626e-02 3.985489545596195e-01 1.489271101715818e-03
8.005168556011584e-02 4.017697752162825e-01 1.488488438517812e-03
8.019855024696333e-02 3.991739840201180e-01 1.485284225321072e-03
8.034541482856614e-02 3.958173366097514e-01 1.483802760133379e-03
8.049227930473164e-02 3.949621366281587e-01 1.477221585441976e-03
8.063914367526719e-02 3.953458412435846e-01 1.475790611734838e-03
8.078600793998023e-02 3.945966083324065e-01 1.469551026776638e-03
8.093287209867814e-02 3.897722989437769e-01 1.465923796709504e-03
8.107973615116830e-02 3.892522031502061e-01 1.466889869557402e-03
8.122660009725811e-02 3.886280207973487e-01 1.448069051431344e-03
8.137346393675496e-02 3.900529510360868e-01 1.470613644792999e-03
8.152032766946624e-02 3.854782624829524e-01 1.452497427138164e-03
8.166719129519935e-02 3.828049064710099e-01 1.447884117127005e-03
8.181405481376169e-02 3.821374573464251e-01 1.441603819256889e-03
8.196091822496063e-02 3.814320029026237e-01 1.445984208669035e-03
8.210778152860361e-02 3.779494061011680e-01 1.447845755979206e-03
8.225464472449802e-02 3.748530020760813e-01 1.424861953133810e-03
8.240150781245126e-02 3.734906229377754e-01 1.432936984878342e-03
8.254837079227068e-02 3.712589349626478e-01 1.412645933373878e-03
8.269523366376372e-02 3.702893466018181e-01 1.429242928785784e-03
8.284209642673782e-02 3.667265744169949e-01 1.420849893962435e-03
8.298895908100032e-02 3.639300555346276e-01 1.411586327667284e-03
8.313582162635863e-02 3.619725337824766e-01 1.403264746589875e-03
8.328268406262020e-02 3.603710619851733e-01 1.397188357251144e-03
8.342954638959241e-02 3.609899175575345e-01 1.404626210146518e-03
8.357640860708263e-02 3.588454989240493e-01 1.398580291275917e-03
8.372327071489834e-02 3.549571914083452e-01 1.385375251158509e-03
8.387013271284686e-02 3.513311675840912e-01 1.387926743634796e-03
8.401699460073567e-02 3.529341256479918e-01 1.375222507170816e-03
8.416385637837218e-02 3.492818845826606e-01 1.381152439095802e-03
8.431071804556375e-02 3.465097662060486e-01 1.369750415454247e-03
8.445757960211780e-02 3.458745045807322e-01 1.368259061835628e-03
8.460444104784176e-02 3.414147464011741e-01 1.368740085371062e-03
8.475130238254304e-02 3.389960291794032e-01 1.352610037317600e-03
8.489816360602907e-02 3.374010503430643e-01 1.364356396421943e-03
8.504502471810724e-02 3.369414300808623e-01 1.345508992039576e-03
8.519188571858496e-02 3.332052808978070e-01 1.347623634310735e-03
8.533874660726967e-02 3.307154251746197e-01 1.337882983373920e-03
8.548560738396878e-02 3.300033287002554e-01 1.339000181210719e-03
8.563246804848969e-02 3.300727741786319e-01 1.336552338516567e-03
8.577932860063983e-02 3.254203836540026e-01 1.328482573170557e-03
8.592618904022660e-02 3.217805797756828e-01 1.320030411703228e-03
8.607304936705747e-02 3.211468770888580e-01 1.322847895182514e-03
8.621990958093982e-02 3.181575033982961e-01 1.303766551037255e-03
8.636676968168105e-02 3.144986149100282e-01 1.307909452664203e-03
8.651362966908867e-02 3.147598392442508e-01 1.309218381030035e-03
8.666048954297001e-02 3.129367820235340e-01 1.299413362152995e-03
8.680734930313255e-02 3.101344021687002e-01 1.294833290462340e-03
8.695420894938369e-02 3.065024524094401e-01 1.284196025475113e-03
8.710106848153085e-02 3.035298484896896e-01 1.288737860433449e-03
8.724792789938152e-02 3.037056749120359e-01 1.278220955542340e-03
8.739478720274303e-02 3.002249813509023e-01 1.275257209602536e-03
8.754164639142284e-02 3.005208874240260e-01 1.277845604673690e-03
8.768850546522844e-02 2.990611643843471e-01 1.269877295816861e-03
8.783536442396719e-02 2.966812180511496e-01 1.268934645547726e-03
8.798222326744658e-02 2.921372958624319e-01 1.259604615020160e-03
8.812908199547397e-02 2.882529659546025e-01 1.246975052859197e-03
8.827594060785686e-02 2.896556679103867e-01 1.257084489330489e-03
8.842279910440262e-02 2.856043315899701e-01 1.244736464660651e-03
8.856965748491875e-02 2.837758909843819e-01 1.240013448580953e-03
8.871651574921269e-02 2.803096696643261e-01 1.231061946256782e-03
8.886337389709180e-02 2.800072572198736e-01 1.234086105570723e-03
8.901023192836355e-02 2.804057894218399e-01 1.233707087865415e-03
8.915708984283539e-02 2.778647747939980e-01 1.229296763199175e-03
8.930394764031480e-02 2.745941670989143e-01 1.214489848407628e-03
8.945080532060913e-02 2.725450412163704e-01 1.220536856909881e-03
8.959766288352591e-02 2.716816610378910e-01 1.208505222130905e-03
8.974452032887251e-02 2.718072174152226e-01 1.216246928984142e-03
8.989137765645640e-02 2.658653279766512e-01 1.199909807457098e-03
9.003823486608507e-02 2.644013758445118e-01 1.189265635988706e-03
9.018509195756588e-02 2.643140740004382e-01 1.203699253988032e-03
9.033194893070630e-02 2.610699987021295e-01 1.182991903258294e-03
9.047880578531384e-02 2.589905033564096e-01 1.194745951123172e-03
9.062566252119587e-02 2.578646879256180e-01 1.178607938795829e-03
9.077251913815987e-02 2.565494312577893e-01 1.175776032752973e-03
9.091937563601328e-02 2.529290283859942e-01 1.177521098575867e-03
9.106623201456360e-02 2.523418857459222e-01 1.168952750627173e-03
9.121308827361818e-02 2.504883886283580e-01 1.164358873170993e-03
9.135994441298455e-02 2.500389156877283e-01 1.168641019011395e-03
9.150680043247014e-02 2.489328839822828e-01 1.155038347310497e-03
9.165365633188237e-02 2.456742564582716e-01 1.159043266479806e-03
9.180051211102878e-02 2.435063836597503e-01 1.142732334237542e-03
9.194736776971676e-02 2.433095688784384e-01 1.152549690402417e-03
9.209422330775377e-02 2.410478634640782e-01 1.149006564687954e-03
9.224107872494727e-02 2.387313686685836e-01 1.135969149585658e-03
9.238793402110473e-02 2.394721714771179e-01 1.141242553070284e-03
9.253478919603364e-02 2.349882118656093e-01 1.122638024861488e-03
9.268164424954135e-02 2.328614349225575e-01 1.129314132007175e-03
9.282849918143544e-02 2.350675074141781e-01 1.127729148392275e-03
9.297535399152332e-02 2.320436235468544e-01 1.122142089721169e-03
9.312220867961245e-02 2.288855466176263e-01 1.118636278796902e-03
9.326906324551029e-02 2.284057823984600e-01 1.110257380980757e-03
9.341591768902432e-02 2.276819872143723e-01 1.115789937912464e-03
9.356277200996202e-02 2.220364789027231e-01 1.101893292293104e-03
9.370962620813084e-02 2.211119847545270e-01 1.095994964902204e-03
9.385648028333822e-02 2.226842492657987e-01 1.106661905845857e-03
9.400333423539166e-02 2.223630719327864e-01 1.095351725175482e-03
9.415018806409861e-02 2.195638534683345e-01 1.097668087613309e-03
9.429704176926657e-02 2.171890772996789e-01 1.082164136377487e-03
9.444389535070297e-02 2.174512927700580e-01 1.085984812305820e-03
9.459074880821530e-02 2.145325486604712e-01 1.083959137404824e-03
9.473760214161106e-02 2.134616754784073e-01 1.080994633043270e-03
9.488445535069767e-02 2.123208973702240e-01 1.078773500911464e-03
9.503130843528265e-02 2.119980150240217e-01 1.071613553695449e-03
9.517816139517343e-02 2.087588864365416e-01 1.071567813384500e-03
9.532501423017756e-02 2.074140021949213e-01 1.061567880282198e-03
9.547186694010244e-02 2.070805669754344e-01 1.060374913804956e-03
9.561871952475558e-02 2.048679664132060e-01 1.059510234970139e-03
9.576557198394450e-02 2.057931583321162e-01 1.059969778209890e-03
9.591242431747660e-02 2.054222584268922e-01 1.061424082507842e-03
9.605927652515940e-02 2.018824921173212e-01 1.050155489392054e-03
9.620612860680040e-02 1.996158338600183e-01 1.040381296569823e-03
9.635298056220708e-02 1.968775481621323e-01 1.037589362032595e-03
9.649983239118688e-02 1.981819440910069e-01 1.045914393273877e-03
9.664668409354732e-02 1.964755694270586e-01 1.038807082208727e-03
9.679353566909588e-02 1.950483371556666e-01 1.029985842250163e-03
9.694038711764005e-02 1.957455845436863e-01 1.037365061105932e-03
9.708723843898734e-02 1.938494090012448e-01 1.026934749867525e-03
9.723408963294519e-02 1.919189107936499e-01 1.028294357930355e-03
9.738094069932111e-02 1.934030782512786e-01 1.030275376132435e-03
9.752779163792259e-02 1.893556550211112e-01 1.014808540548279e-03
9.767464244855714e-02 1.895995657401792e-01 1.022393486858973e-03
9.782149313103225e-02 1.857388506557572e-01 1.012047002956579e-03
9.796834368515536e-02 1.854023115487433e-01 1.012021739085850e-03
9.811519411073406e-02 1.845799765226066e-01 1.001838596092733e-03
9.826204440757576e-02 1.846145799228988e-01 1.007773969778144e-03
9.840889457548796e-02 1.845656831019810e-01 1.009675491363167e-03
9.855574461427828e-02 1.820986252343320e-01 9.976298326621928e-04
9.870259452375403e-02 1.821750916164506e-01 1.002555901374829e-03
9.884944430372282e-02 1.807995254976952e-01 9.914648928560431e-04
9.899629395399215e-02 1.782335243236692e-01 9.950956358567228e-04
9.914314347436951e-02 1.793812034373977e-01 9.971088200022066e-04
9.928999286466240e-02 1.786677682466024e-01 9.814532405729110e-04
9.943684212467831e-02 1.760631171904976e-01 9.913914296674382e-04
9.958369125422474e-02 1.738400535460587e-01 9.790007253697199e-04
9.973054025310922e-02 1.726705019843953e-01 9.791886143706264e-04
9.987738912113926e-02 1.732913237714998e-01 9.774425166220037e-04
1.000242378581224e-01 1.731943782248672e-01 9.730066641246889e-04
1.001710864638660e-01 1.711852222676212e-01 9.949642401160142e-04
1.003179349381778e-01 1.696918305103479e-01 9.961725434911352e-04
1.004647832808650e-01 1.691557025758974e-01 1.013485452613376e-03
1.006116314917355e-01 1.686974275136409e-01 1.010929815479025e-03
1.007584795705964e-01 1.677921593891686e-01 1.017479471591148e-03
1.009053275172555e-01 1.669295026094995e-01 1.032593479023130e-03
1.010521753315203e-01 1.664696372072323e-01 1.025009184720019e-03
1.011990230131982e-01 1.650169892362547e-01 1.025853135097395e-03
1.013458705620967e-01 1.648774086137542e-01 1.033866082583953e-03
1.014927179780235e-01 1.643906726982517e-01 1.040720294501831e-03
1.016395652607859e-01 1.645464615989047e-01 1.053349443365313e-03
1.017864124101916e-01 1.614042513820663e-01 1.026094682203982e-03
1.019332594260479e-01 1.603515061935454e-01 1.045381888852007e-03
1.020801063081626e-01 1.609443022198081e-01 1.044116277614978e-03
1.022269530563430e-01 1.596668665530907e-01 1.053920570659960e-03
1.023737996703967e-01 1.600785032929796e-01 1.051418453884284e-03
1.025206461501313e-01 1.596153043744704e-01 1.046036267795359e-03
1.026674924953542e-01 1.596094124433272e-01 1.063095039946720e-03
1.028143387058730e-01 1.570205972957708e-01 1.059584052418958e-03
1.029611847814952e-01 1.545583269263451e-01 1.028485030355475e-03
1.031080307220284e-01 1.554142750747989e-01 1.018616630881284e-03
1.032548765272800e-01 1.552005654176599e-01 1.013209276620694e-03
1.034017221970575e-01 1.548187113699731e-01 1.006764824728320e-03
1.035485677311687e-01 1.565742225027802e-01 1.000508108243398e-03
1.036954131294208e-01 1.527976569848233e-01 9.889957879821289e-04
1.038422583916216e-01 1.521636012707391e-01 9.874934420448925e-04
1.039891035175785e-01 1.526797907701902e-01 9.831660045286428e-04
1.041359485070990e-01 1.499868412674205e-01 9.785720447454834e-04
1.042827933599908e-01 1.518250799387536e-01 9.692097659068922e-04
1.044296380760613e-01 1.490305940809815e-01 9.688269067148610e-04
1.045764826551180e-01 1.486387126244255e-01 9.651627472021412e-04
1.047233270969686e-01 1.487479692681981e-01 9.656321752288075e-04
1.048701714014205e-01 1.476272005434526e-01 9.501415641132113e-04
1.050170155682814e-01 1.472305841423664e-01 9.590285195035741e-04
1.051638595973586e-01 1.458681746545171e-01 9.517910654286322e-04
1.053107034884598e-01 1.451507907585066e-01 9.456732811260515e-04
1.054575472413926e-01 1.464446139020271e-01 9.485056288798078e-04
1.056043908559644e-01 1.452617632617783e-01 9.404220925932137e-04
1.057512343319829e-01 1.441418014817212e-01 9.453836274805495e-04
1.058980776692555e-01 1.436177997066473e-01 9.355715645669589e-04
1.060449208675899e-01 1.420121045320645e-01 9.306271679337982e-04
1.061917639267934e-01 1.426788220011420e-01 9.278473409880449e-04
1.063386068466738e-01 1.407554109223683e-01 9.253836413689450e-04
1.064854496270386e-01 1.401196862773086e-01 9.280265042245618e-04
1.066322922676953e-01 1.399647707889227e-01 9.174402201588402e-04
1.067791347684515e-01 1.394213942946652e-01 9.182784684790742e-04
1.069259771291147e-01 1.381563158250287e-01 9.194217245538084e-04
1.070728193494925e-01 1.385624034254966e-01 9.130223003589503e-04
1.072196614293924e-01 1.395063314308307e-01 9.205668488079003e-04
1.073665033686221e-01 1.378049173404991e-01 9.055786702427154e-04
1.075133451669889e-01 1.377176720952364e-01 9.098569090159397e-04
1.076601868243007e-01 1.357362689470415e-01 9.113033427704969e-04
1.078070283403648e-01 1.348661735305919e-01 8.999842551664182e-04
1.079538697149888e-01 1.357277136320791e-01 9.040640552958367e-04
1.081007109479804e-01 1.351803123997585e-01 8.950543570175445e-04
1.082475520391470e-01 1.346663537006648e-01 9.045881136303928e-04
1.083943929882962e-01 1.350225096645049e-01 9.001172223322116e-04
1.085412337952357e-01 1.332070125403953e-01 8.862612827930450e-04
1.086880744597730e-01 1.327109042170393e-01 8.973846291979584e-04
1.088349149817155e-01 1.329899834318129e-01 8.825572060581634e-04
1.089817553608711e-01 1.304302649977726e-01 8.881557639285557e-04
1.091285955970470e-01 1.300473489754237e-01 8.814045273308616e-04
1.092754356900511e-01 1.311339982126044e-01 8.787859892632796e-04
1.094222756396908e-01 1.299709518509327e-01 8.810539519704086e-04
1.095691154457736e-01 1.291917745839159e-01 8.666520641757717e-04
1.097159551081073e-01 1.293894580203945e-01 8.729867224421637e-04
1.098627946264993e-01 1.285517925007935e-01 8.635419095412975e-04
1.100096340007572e-01 1.286600063467101e-01 8.699733315377156e-04
1.101564732306887e-01 1.274165731098721e-01 8.675611634084303e-04
1.103033123161012e-01 1.272687265996009e-01 8.594351599592999e-04
1.104501512568025e-01 1.258108294231677e-01 8.606141302330321e-04
1.105969900525999e-01 1.280484757195633e-01 8.537450731992385e-04
1.107438287033013e-01 1.271146025708702e-01 8.617812036230139e-04
1.108906672087140e-01 1.264125155466857e-01 8.583788685630797e-04
1.110375055686457e-01 1.256555981521663e-01 8.643669934015667e-04
1.111843437829041e-01 1.246040296520828e-01 8.778032793439438e-04
1.113311818512966e-01 1.240766603214093e-01 8.792264654200453e-04
1.114780197736309e-01 1.238321391699566e-01 8.940105866079431e-04
1.116248575497145e-01 1.234987460501692e-01 8.932000301429416e-04
1.117716951793551e-01 1.226946135632118e-01 8.969331597077303e-04
1.119185326623603e-01 1.233309696145962e-01 9.103629552253753e-04
1.120653699985375e-01 1.219227801146886e-01 9.011613633623940e-04
1.122122071876945e-01 1.223168523555643e-01 9.132548518342142e-04
1.123590442296388e-01 1.226440855075571e-01 9.102454012359797e-04
1.125058811241781e-01 1.203345721501806e-01 9.188601396403936e-04
1.126527178711198e-01 1.219784752907194e-01 9.236922411926157e-04
1.127995544702717e-01 1.193427840130540e-01 9.127674919376389e-04
1.129463909214413e-01 1.204321530161273e-01 9.190213215923931e-04
1.130932272244362e-01 1.193516317404148e-01 9.063093704600857e-04
1.132400633790640e-01 1.184059272027035e-01 9.090793593429896e-04
1.133868993851323e-01 1.190330258010665e-01 9.054435228164206e-04
1.135337352424488e-01 1.180048625737853e-01 9.135892028856166e-04
1.136805709508210e-01 1.173744640334828e-01 9.172720959792584e-04
1.138274065100565e-01 1.186648599264357e-01 9.084629983622079e-04
1.139742419199631e-01 1.176013200027187e-01 9.140357157007788e-04
1.141210771803480e-01 1.178079073766667e-01 9.124434023387818e-04
1.142679122910192e-01 1.160770726826617e-01 9.115726392319205e-04
1.144147472517842e-01 1.153031047028635e-01 9.124520070946285e-04
1.145615820624505e-01 1.160782316678252e-01 9.088297927820882e-04
1.147084167228259e-01 1.181750555220111e-01 9.242315396469308e-04
1.148552512327178e-01 1.162049201115419e-01 9.078653412979785e-04
1.150020855919340e-01 1.146276227345571e-01 9.090210600019838e-04
1.151489198002821e-01 1.135953602235808e-01 9.137107420762961e-04
1.152957538575695e-01 1.156631663321911e-01 9.151871967940367e-04
1.154425877636041e-01 1.136590250935297e-01 9.146593318625858e-04
1.155894215181933e-01 1.152319061765062e-01 9.056315106685431e-04
1.157362551211449e-01 1.145382366528784e-01 9.183042238546642e-04
1.158830885722664e-01 1.124217799932579e-01 9.151876067687931e-04
1.160299218713654e-01 1.132639568518413e-01 9.142113084084139e-04
1.161767550182498e-01 1.114512713667662e-01 9.156461010319587e-04
1.163235880127268e-01 1.126708985103639e-01 9.064897506578757e-04
1.164704208546044e-01 1.125886634473909e-01 9.178909501827261e-04
1.166172535436900e-01 1.109518259575606e-01 9.095727429462599e-04
1.167640860797913e-01 1.116090820284719e-01 9.084575337316870e-04
1.169109184627159e-01 1.115225240254029e-01 9.135861588613714e-04
1.170577506922715e-01 1.105990159206067e-01 9.116737571073965e-04
1.172045827682657e-01 1.110270458685417e-01 9.162140815921280e-04
1.173514146905061e-01 1.101252998557403e-01 9.061327700795120e-04
1.174982464588003e-01 1.100348050156788e-01 9.079962983153450e-04
1.176450780729561e-01 1.097391277958254e-01 9.157156159451956e-04
1.177919095327811e-01 1.096134328445477e-01 9.151713383263392e-04
1.179387408380827e-01 1.074215791159629e-01 9.053747998123579e-04
1.180855719886688e-01 1.083972164405846e-01 9.068415161133701e-04
1.182324029843469e-01 1.081343634732261e-01 9.156228978486569e-04
1.183792338249248e-01 1.077739600948369e-01 9.117763851213890e-04
1.185260645102099e-01 1.086845507888731e-01 9.102361720660843e-04
1.186728950400101e-01 1.071650835085024e-01 9.032889609585580e-04
1.188197254141328e-01 1.080714135204773e-01 9.124062772284516e-04
1.189665556323859e-01 1.055799032708618e-01 9.139922489002960e-04
1.191133856945769e-01 1.060156295718360e-01 9.041353195767594e-04
1.192602156005134e-01 1.058435285477894e-01 9.078334766676138e-04
1.194070453500032e-01 1.060998704467832e-01 9.053670694185333e-04
1.195538749428538e-01 1.044847829819114e-01 9.038009411261700e-04
1.197007043788729e-01 1.058749797841821e-01 9.137407950019827e-04
1.198475336578682e-01 1.040195193154107e-01 8.957919024996211e-04
1.199943627796474e-01 1.033344765841843e-01 9.087867346666619e-04
1.201411917440180e-01 1.055733722263905e-01 9.047530900837834e-04
1.202880205507879e-01 1.050953651310940e-01 9.109387796961251e-04
1.204348491997644e-01 1.026470518867836e-01 8.996595982301094e-04
1.205816776907555e-01 1.030562799188402e-01 9.006367780685768e-04
1.207285060235687e-01 1.037502292279235e-01 9.119624113264690e-04
1.208753341980116e-01 1.034000682875650e-01 9.052656538311805e-04
1.210221622138920e-01 1.034915060717556e-01 9.039807986259661e-04
1.211689900710175e-01 1.036066708747460e-01 8.984415538191885e-04
1.213158177691958e-01 1.041370515425379e-01 9.098035155174678e-04
1.214626453082345e-01 1.009809880635448e-01 9.065003883399166e-04
1.216094726879414e-01 1.011615887063933e-01 8.960980906277230e-04
1.217562999081240e-01 1.020394372568426e-01 9.028700371843371e-04
1.219031269685900e-01 1.003804366246980e-01 8.975652130674826e-04
1.220499538691473e-01 1.011850713407891e-01 9.059974096380063e-04
1.221967806096032e-01 1.024478142991420e-01 9.102428024589470e-04
1.223436071897657e-01 1.025509563978448e-01 8.936607670033312e-04
1.224904336094423e-01 1.017468836812421e-01 9.100987439789679e-04
1.226372598684407e-01 1.005793832821912e-01 9.017999801859380e-04
1.227840859665686e-01 9.944660345446915e-02 9.062486584917690e-04
1.229309119036337e-01 1.008998104289457e-01 9.001645173658058e-04
1.230777376794436e-01 1.008140452893314e-01 8.986047360022586e-04
1.232245632938061e-01 9.933493480373799e-02 9.081404630545873e-04
1.233713887465287e-01 9.969219988123582e-02 8.899735702650273e-04
1.235182140374194e-01 9.936214610486428e-02 9.027375836286222e-04
1.236650391662856e-01 9.941866290648382e-02 9.012077471248545e-04
1.238118641329350e-01 9.892852496164700e-02 8.989130451628042e-04
1.239586889371753e-01 9.789769212791345e-02 9.070011269248899e-04
1.241055135788144e-01 9.656952260362216e-02 8.904715858433157e-04
1.242523380576598e-01 9.684460921549345e-02 8.978316544598561e-04
1.243991623735193e-01 9.801570447800503e-02 8.969989737849440e-04
1.245459865262004e-01 9.893073481868141e-02 9.021697266403952e-04
1.246928105155109e-01 9.850663921313567e-02 9.026038646343910e-04
1.248396343412586e-01 9.568636190643230e-02 8.892023076804695e-04
1.249864580032510e-01 9.666685770030978e-02 8.959843073842742e-04
1.251332815012960e-01 9.648451125722138e-02 8.959857507466073e-04
1.252801048352011e-01 9.675347519956716e-02 8.988856625434129e-04
1.254269280047742e-01 9.646490526782561e-02 8.980847314493850e-04
1.255737510098228e-01 9.499307345236782e-02 8.916622752402004e-04
1.257205738501548e-01 9.503372480843189e-02 8.995275949700516e-04
1.258673965255777e-01 9.490906147938720e-02 8.927297425608023e-04
1.260142190358993e-01 9.598325545908806e-02 8.970163226530507e-04
1.261610413809274e-01 9.454139511728454e-02 8.947147943694091e-04
1.263078635604696e-01 9.481822802061657e-02 8.889948333244577e-04
1.264546855743336e-01 9.405079567671976e-02 8.963062819751281e-04
1.266015074223272e-01 9.458013153111247e-02 8.841731020003465e-04
1.267483291042580e-01 9.348339334463741e-02 8.868242752483310e-04
1.268951506199338e-01 9.314977763205200e-02 8.790920475375199e-04
1.270419719691622e-01 9.326605685796976e-02 8.885474989367499e-04
1.271887931517510e-01 9.316812161806941e-02 8.792197722817812e-04
1.273356141675080e-01 9.386989144580833e-02 8.853305054693466e-04
1.274824350162407e-01 9.284629800490141e-02 8.803880063378842e-04
1.276292556977570e-01 9.218551896309869e-02 8.778725312309337e-04
1.277760762118645e-01 9.158127518574281e-02 8.847986083541573e-04
1.279228965583711e-01 9.053061882055742e-02 8.705628073053639e-04
1.280697167370843e-01 9.306594709115104e-02 8.867134480896736e-04
1.282165367478119e-01 9.042640414987047e-02 8.807590034851946e-04
1.283633565903617e-01 9.137105755904378e-02 8.704569280256033e-04
1.285101762645414e-01 8.902159721946284e-02 8.737247229200829e-04
1.286569957701586e-01 9.219753192652964e-02 8.752931936516947e-04
1.288038151070212e-01 9.171789575127626e-02 8.790154872365490e-04
1.289506342749369e-01 9.047255206852285e-02 8.766751865262029e-04
1.290974532737133e-01 9.123449093271820e-02 8.748195156602993e-04
1.292442721031583e-01 9.161209353075050e-02 8.830357821204505e-04
1.293910907630794e-01 9.064345137166117e-02 8.735508766380170e-04
1.295379092532846e-01 8.985935047603409e-02 8.759549002269071e-04
1.296847275735815e-01 8.974639683811665e-02 8.737260938128607e-04
1.298315457237779e-01 8.921357037581790e-02 8.724263437042432e-04
1.299783637036815e-01 9.035349545054605e-02 8.873157530642360e-04
1.301251815131000e-01 8.797872055133683e-02 8.638353148734310e-04
1.302719991518412e-01 8.836003625215143e-02 8.748586008998731e-04
1.304188166197129e-01 8.831075163559657e-02 8.698992427076467e-04
1.305656339165226e-01 8.624833386018353e-02 8.731928658426967e-04
1.307124510420783e-01 8.825967851179656e-02 8.739676895516787e-04
1.308592679961877e-01 8.671373287239426e-02 8.694587606810976e-04
1.310060847786584e-01 8.786194681599435e-02 8.702228880829465e-04
1.311529013892983e-01 8.908292336429645e-02 8.745837645387264e-04
1.312997178279152e-01 8.882588936379111e-02 8.792829714986902e-04
1.314465340943166e-01 8.686256502635491e-02 8.690035752333198e-04
1.315933501883105e-01 8.671367715501985e-02 8.621559460975738e-04
1.317401661097045e-01 8.775257046554769e-02 8.724736898716171e-04
1.318869818583065e-01 8.525349992086811e-02 8.667563107613693e-04
1.320337974339242e-01 8.519298606221129e-02 8.702226661606283e-04
1.321806128363652e-01 8.557058104268130e-02 8.659414938711064e-04
1.323274280654375e-01 8.530247233643391e-02 8.666515382773637e-04
1.324742431209487e-01 8.578145475307011e-02 8.752674092995876e-04
1.326210580027065e-01 8.586160135404379e-02 8.636950041257092e-04
1.327678727105190e-01 8.632351230113425e-02 8.713219214880427e-04
1.329146872441935e-01 8.523355957292232e-02 8.642369640288508e-04
1.330615016035382e-01 8.545132856709113e-02 8.673179354024845e-04
1.332083157883606e-01 8.529002547510300e-02 8.642016001374738e-04
1.333551297984685e-01 8.281910095387866e-02 8.606115355490515e-04
1.335019436336697e-01 8.446284059584126e-02 8.685689224196658e-04
1.336487572937721e-01 8.487821774413766e-02 8.651675809300154e-04
1.337955707785833e-01 8.341284428403670e-02 8.708682006923416e-04
1.339423840879111e-01 8.305598217172315e-02 8.666503851940325e-04
1.340891972215633e-01 8.239368833049021e-02 8.559509803212605e-04
1.342360101793477e-01 8.338004746442408e-02 8.630443418615248e-04
1.343828229610720e-01 8.354916669911436e-02 8.536993331892835e-04
1.345296355665440e-01 8.322169272150258e-02 8.680568530368116e-04
1.346764479955716e-01 8.203892377840781e-02 8.555528740781444e-04
1.348232602479625e-01 8.188131860831478e-02 8.621607548475809e-04
1.349700723235245e-01 8.279014485698659e-02 8.633030838204296e-04
1.351168842220653e-01 8.161326275341133e-02 8.531927982832034e-04
1.352636959433928e-01 8.242849823349647e-02 8.623518414145302e-04
1.354105074873147e-01 8.178213010942256e-02 8.488934295245186e-04
1.355573188536388e-01 8.105979548494709e-02 8.634889326581900e-04
1.357041300421729e-01 8.066196929091232e-02 8.562512242788336e-04
1.358509410527249e-01 7.972887135616105e-02 8.567902957445873e-04
1.359977518851024e-01 8.025321223825106e-02 8.608132191202169e-04
1.361445625391133e-01 8.075189645705658e-02 8.505618005485163e-04
1.362913730145654e-01 7.945619397600422e-02 8.544241773621338e-04
1.364381833112665e-01 7.988382213175815e-02 8.493823901422527e-04
1.365849934290243e-01 8.110050500179708e-02 8.578164279915152e-04
1.367318033676468e-01 7.806958091474706e-02 8.578430844328088e-04
1.368786131269416e-01 7.906538228275556e-02 8.475555798353639e-04
1.370254227067166e-01 7.918991991354773e-02 8.546428105277866e-04
1.371722321067795e-01 7.882648581395793e-02 8.449145062879010e-04
1.373190413269383e-01 7.854578690130455e-02 8.507185611838286e-04
1.374658503670007e-01 7.875204133426342e-02 8.562887562225677e-04
1.376126592267744e-01 7.748582733792640e-02 8.483613734490242e-04
1.377594679060673e-01 7.698066479246181e-02 8.570528598847069e-04
1.379062764046873e-01 7.642353536615880e-02 8.385140729953143e-04
1.380530847224421e-01 7.747567757102844e-02 8.537556272444688e-04
1.381998928591395e-01 7.571735520608540e-02 8.507101393044290e-04
1.383467008145873e-01 7.665077888389445e-02 8.451798622754862e-04
1.384935085885935e-01 7.728048558108229e-02 8.546984331352291e-04
1.386403161809657e-01 7.713099919765296e-02 8.396175470920639e-04
1.387871235915119e-01 7.758569792164044e-02 8.529107351352377e-04
1.389339308200397e-01 7.531927240969047e-02 8.448294587479668e-04
1.390807378663571e-01 7.599424658333419e-02 8.419312524578510e-04
1.392275447302719e-01 7.611822651460666e-02 8.496903727039675e-04
1.393743514115918e-01 7.510010568176473e-02 8.402818466272120e-04
1.395211579101248e-01 7.447954136999495e-02 8.488127198559892e-04
1.396679642256785e-01 7.358756716709099e-02 8.405375049981140e-04
1.398147703580609e-01 7.471784203148663e-02 8.410825872227018e-04
1.399615763070799e-01 7.372409734201028e-02 8.422958373265365e-04
1.401083820725432e-01 7.204980035655546e-02 8.394735626947277e-04
1.402551876542587e-01 7.432180571627277e-02 8.488615088616538e-04
1.404019930520340e-01 7.424415834090846e-02 8.424592223588108e-04
1.405487982656773e-01 7.310361706074052e-02 8.442638077994309e-04
1.406956032949962e-01 7.266553543470022e-02 8.635592294485822e-04
1.408424081397986e-01 7.364674966183590e-02 8.876653383429627e-04
1.409892127998923e-01 7.165048689797493e-02 8.903556834454217e-04
1.411360172750852e-01 7.366169418894446e-02 9.116099071724818e-04
1.412828215651852e-01 7.247096115188248e-02 9.193552650812008e-04
1.414296256699999e-01 7.328009412489071e-02 9.200370013328217e-04
1.415764295893374e-01 7.093690690699218e-02 9.296212576658006e-04
1.417232333230055e-01 7.231986334598231e-02 9.361303557918595e-04
1.418700368708119e-01 7.259761375565435e-02 9.574036349779916e-04
1.420168402325645e-01 7.055003011254704e-02 9.614539523896475e-04
1.421636434080713e-01 7.136323046524962e-02 9.579137795160139e-04
1.423104463971400e-01 7.036027839346930e-02 9.760816660992524e-04
1.424572491995785e-01 7.099848720227878e-02 9.816351223590656e-04
1.426040518151946e-01 6.765872943235234e-02 9.868341929277187e-04
1.427508542437963e-01 7.000186328364626e-02 9.852152287490922e-04
1.428976564851913e-01 7.031544156212148e-02 1.003317967965218e-03
1.430444585391876e-01 6.847148050300485e-02 1.004177593492044e-03
1.431912604055929e-01 6.934618214157223e-02 1.016493744758349e-03
1.433380620842152e-01 7.003071454722867e-02 1.019930429213653e-03
1.434848635748623e-01 6.967565743392005e-02 1.024390091776018e-03
1.436316648773420e-01 6.914548706579310e-02 1.029435588913964e-03
1.437784659914622e-01 6.968461208323230e-02 1.048250688627351e-03
1.439252669170309e-01 6.678650795869717e-02 1.053232639214208e-03
1.440720676538558e-01 6.832963128175859e-02 1.040017817003724e-03
1.442188682017449e-01 6.755788701860195e-02 1.057078245831664e-03
1.443656685605060e-01 6.579267723654118e-02 1.059534699980753e-03
1.445124687299469e-01 6.669837542047427e-02 1.084381556007565e-03
1.446592687098756e-01 6.681725749809697e-02 1.071479068446395e-03
1.448060685000999e-01 6.534620813820972e-02 1.090625419886812e-03
1.449528681004278e-01 6.584923141743723e-02 1.081401192495583e-03
1.450996675106670e-01 6.529848669441810e-02 1.092091391941678e-03
1.452464667306255e-01 6.789902554011840e-02 1.100280565760365e-03
1.453932657601112e-01 6.547572429262642e-02 1.104026084420773e-03
1.455400645989318e-01 6.748745352764628e-02 1.129404686097090e-03
1.456868632468954e-01 6.433324635984396e-02 1.109124078497824e-03
1.458336617038097e-01 6.561419929673280e-02 1.125384378754266e-03
1.459804599694828e-01 6.414904662587093e-02 1.117382784017609e-03
1.461272580437224e-01 6.418057376143584e-02 1.143519662448264e-03
1.462740559263364e-01 6.354811703094297e-02 1.143461891167379e-03
1.464208536171328e-01 6.544216210376436e-02 1.165109828052078e-03
1.465676511159195e-01 6.456105819071070e-02 1.163242363128174e-03
1.467144484225043e-01 6.340564877670950e-02 1.154561190523990e-03
1.468612455366952e-01 6.468337694122414e-02 1.172530707488831e-03
1.470080424582999e-01 6.498429157810243e-02 1.190990577288009e-03
1.471548391871265e-01 6.272286507298641e-02 1.153070795252616e-03
1.473016357229828e-01 6.296039465637486e-02 1.195073667644111e-03
1.474484320656767e-01 6.394515768362327e-02 1.180877192762022e-03
1.475952282150162e-01 6.025184578721488e-02 1.180752666025015e-03
1.477420241708091e-01 6.242578500329949e-02 1.182394251767989e-03
1.478888199328633e-01 6.130882301420273e-02 1.185706178731993e-03
1.480356155009868e-01 6.122237122669665e-02 1.201452142395545e-03
1.481824108749874e-01 6.168937562774532e-02 1.184348263019233e-03
1.483292060546731e-01 6.068528615769882e-02 1.209869144979428e-03
1.484760010398518e-01 6.145511838935687e-02 1.186478701093807e-03
1.486227958303313e-01 5.938308987625237e-02 1.210340543559847e-03
1.487695904259196e-01 5.970458309169228e-02 1.224128042227991e-03
1.489163848264247e-01 6.125836872009607e-02 1.192973179550524e-03
1.490631790316544e-01 5.939008753203688e-02 1.229126882085370e-03
1.492099730414167e-01 6.018482356765552e-02 1.244230957170681e-03
1.493567668555194e-01 6.024670323073410e-02 1.239964307123096e-03
1.495035604737705e-01 6.006931487937076e-02 1.236653193064356e-03
1.496503538959780e-01 5.795957277629635e-02 1.195202575655921e-03
1.497971471219496e-01 5.806933814254515e-02 1.233044489528092e-03
1.499439401514935e-01 6.035371027702193e-02 1.212856723402924e-03
1.500907329844174e-01 6.010540286972570e-02 1.249790274019398e-03
1.502375256205293e-01 5.824896872249032e-02 1.213719318778620e-03
1.503843180596373e-01 5.819380592926988e-02 1.222184672060158e-03
1.505311103015491e-01 5.643090956665656e-02 1.244941916693576e-03
1.506779023460727e-01 5.782097113191575e-02 1.212334616825245e-03
1.508246941930161e-01 5.727937341036091e-02 1.236743282678796e-03
1.509714858421872e-01 5.748252809539466e-02 1.217884319462619e-03
1.511182772933938e-01 5.661615833883465e-02 1.224332383450555e-03
1.512650685464441e-01 5.462464673105223e-02 1.239920188283163e-03
1.514118596011459e-01 5.660262675125204e-02 1.219871851344582e-03
1.515586504573071e-01 5.300780383949084e-02 1.223121899634892e-03
1.517054411147357e-01 5.625088553677922e-02 1.228147061960543e-03
1.518522315732397e-01 5.573318796892500e-02 1.246196658190567e-03
1.519990218326269e-01 5.536169500592866e-02 1.247665148691378e-03
1.521458118927054e-01 5.453694357750927e-02 1.220858199144311e-03
1.522926017532831e-01 5.409538252231499e-02 1.261134522380244e-03
1.524393914141679e-01 5.446891083379720e-02 1.234862042121126e-03
1.525861808751677e-01 5.317813259738095e-02 1.264298738710193e-03
1.527329701360906e-01 5.346734106515000e-02 1.247148375054607e-03
1.528797591967446e-01 5.534347564872229e-02 1.255238613684931e-03
1.530265480569374e-01 5.303470777158806e-02 1.288323273627776e-03
1.531733367164773e-01 5.486049519760278e-02 1.233056779437301e-03
1.533201251751719e-01 5.143705614595447e-02 1.269371723628915e-03
1.534669134328294e-01 5.418721485301632e-02 1.255569071013108e-03
1.536137014892578e-01 5.073903866432768e-02 1.271935598925457e-03
1.537604893442648e-01 5.360815440156191e-02 1.299153290855862e-03
1.539072769976586e-01 5.491445191058852e-02 1.283979366201559e-03
1.540540644492471e-01 5.207372613559413e-02 1.303355524961483e-03
1.542008516988383e-01 5.070809623535247e-02 1.271406841858419e-03
1.543476387462401e-01 4.860941732735103e-02 1.295363298328285e-03
1.544944255912605e-01 5.215824060304088e-02 1.296834144035859e-03
1.546412122337075e-01 5.141520098703223e-02 1.295810353487379e-03
1.547879986733890e-01 5.194999596681455e-02 1.311352166000069e-03
1.549347849101131e-01 4.898851586750764e-02 1.284809211357584e-03
1.550815709436878e-01 5.310256604950565e-02 1.326420156113675e-03
1.552283567739209e-01 4.922899231108655e-02 1.292342049502596e-03
1.553751424006205e-01 5.048402622500571e-02 1.319117223622115e-03
1.555219278235946e-01 5.098210398063753e-02 1.331525034462631e-03
1.556687130426511e-01 5.174650349394280e-02 1.333687687563112e-03
1.558154980575980e-01 4.995890442749772e-02 1.331981342056683e-03
1.559622828682433e-01 5.001492822784559e-02 1.322941681732715e-03
1.561090674743951e-01 4.937580160308729e-02 1.341231348690754e-03
1.562558518758612e-01 4.909499939222867e-02 1.332375221896347e-03
1.564026360724498e-01 4.840089461002754e-02 1.346085936162256e-03
1.565494200639687e-01 4.896256337595864e-02 1.330176944114666e-03
1.566962038502260e-01 4.826427808774340e-02 1.342079032171446e-03
1.568429874310297e-01 4.884113617020040e-02 1.365275779488295e-03
1.569897708061878e-01 4.989352189411597e-02 1.369986889670325e-03
1.571365539755082e-01 5.061825578656425e-02 1.377318978634569e-03
1.572833369387990e-01 4.587686618301862e-02 1.349522913560381e-03
1.574301196958682e-01 4.832963271441439e-02 1.354297594275467e-03
1.575769022465238e-01 4.647478718477613e-02 1.377522935335450e-03
1.577236845905738e-01 4.825889799286686e-02 1.346241958457496e-03
1.578704667278262e-01 4.698984498507013e-02 1.381102157193084e-03
1.580172486580890e-01 4.645073686551294e-02 1.379800744742299e-03
1.581640303811701e-01 4.626914618675732e-02 1.370400745161681e-03
1.583108118968778e-01 4.559206921844065e-02 1.391434774799383e-03
1.584575932050198e-01 4.344243356610381e-02 1.375027807636757e-03
1.586043743054044e-01 4.538981160958670e-02 1.418170055080108e-03
1.587511551978395e-01 4.439026311318368e-02 1.408513972544834e-03
1.588979358821330e-01 4.408194916178063e-02 1.395161419170849e-03
1.590447163580930e-01 4.361092738119252e-02 1.405421774499890e-03
1.591914966255276e-01 4.236268587862457e-02 1.394443276915713e-03
1.593382766842448e-01 4.231978446256214e-02 1.405129226601516e-03
1.594850565340525e-01 4.486622791079579e-02 1.432187864996659e-03
1.596318361747588e-01 4.540350094142238e-02 1.424179463657730e-03
1.597786156061718e-01 4.267601458063271e-02 1.438099344675583e-03
1.599253948280995e-01 4.230104648654243e-02 1.419718475262583e-03
1.600721738403499e-01 4.327281973967483e-02 1.453986733464535e-03
1.602189526427309e-01 4.502413636498614e-02 1.458627355413820e-03
1.603657312350509e-01 4.065727717859945e-02 1.459076582512688e-03
1.605125096171175e-01 4.169652501070042e-02 1.443321731217351e-03
1.606592877887390e-01 3.967198891726765e-02 1.432014873002002e-03
1.608060657497234e-01 4.124744872426784e-02 1.472473001879565e-03
1.609528434998787e-01 4.254835771710277e-02 1.475252707340588e-03
1.610996210390131e-01 4.471224262729457e-02 1.490981986114875e-03
1.612463983669344e-01 4.284870241788521e-02 1.496635265002541e-03
1.613931754834508e-01 4.035245636152753e-02 1.469931946925806e-03
1.615399523883702e-01 4.292382241177160e-02 1.513332050373205e-03
1.616867290815008e-01 4.123363072668314e-02 1.488164615806272e-03
1.618335055626506e-01 3.833052527809213e-02 1.494995642920183e-03
1.619802818316277e-01 3.953599717468187e-02 1.506536237796801e-03
1.621270578882401e-01 4.087635356018651e-02 1.510663102705407e-03
1.622738337322958e-01 3.978492464215649e-02 1.512156788253717e-03
1.624206093636030e-01 3.871084264116064e-02 1.502500745555117e-03
1.625673847819697e-01 3.841807970775787e-02 1.534121442404396e-03
1.627141599872038e-01 3.742951509199154e-02 1.519967521554054e-03
1.628609349791136e-01 3.769393588329908e-02 1.546341526650871e-03
1.630077097575070e-01 3.917667639636879e-02 1.545885045898977e-03
1.631544843221922e-01 3.851258135738012e-02 1.515168977856873e-03
1.633012586729772e-01 3.827513913688845e-02 1.551158893251336e-03
1.634480328096700e-01 3.653612074100240e-02 1.556157442850280e-03
1.635948067320787e-01 3.743507746441666e-02 1.557095397452845e-03
1.637415804400115e-01 3.795837139321774e-02 1.555908600743189e-03
1.638883539332764e-01 3.814168736705324e-02 1.589649673220743e-03
1.640351272116813e-01 3.781922227218108e-02 1.586925731051498e-03
1.641819002750345e-01 3.687826745334039e-02 1.612010809807451e-03
1.643286731231440e-01 3.562184201200096e-02 1.580412507606092e-03
1.644754457558179e-01 3.575247195222534e-02 1.584838870415290e-03
1.646222181728642e-01 3.852273905492987e-02 1.626614508561364e-03
1.647689903740911e-01 3.354330474175233e-02 1.591840117667917e-03
1.649157623593066e-01 3.624193265717841e-02 1.685106730195094e-03
1.650625341283188e-01 3.541988619794958e-02 1.612337479826121e-03
1.652093056809359e-01 3.981326309053856e-02 1.665374070019907e-03
1.653560770169658e-01 3.607634554302359e-02 1.676130151621570e-03
1.655028481362167e-01 3.619217502108438e-02 1.674793886863249e-03
1.656496190384967e-01 3.543481624504594e-02 1.671818477219746e-03
1.657963897236138e-01 3.483268775657310e-02 1.667156524487551e-03
1.659431601913762e-01 3.289673756637173e-02 1.645475072647756e-03
1.660899304415920e-01 3.510785674088821e-02 1.692171978121753e-03
1.662367004740692e-01 3.287991469210167e-02 1.704906771206837e-03
1.663834702886159e-01 3.253659381116500e-02 1.697064540813251e-03
1.665302398850404e-01 3.244505295283696e-02 1.709310452452522e-03
1.666770092631506e-01 3.516554988271803e-02 1.742356433138488e-03
1.668237784227546e-01 3.533667110245205e-02 1.749825552805817e-03
1.669705473636607e-01 3.590721202873705e-02 1.747501137255354e-03
1.671173160856769e-01 3.650649539175510e-02 1.783370209329391e-03
1.672640845886112e-01 3.404208020689604e-02 1.754730080415545e-03
1.674108528722718e-01 3.436775842894953e-02 1.771313579231420e-03
1.675576209364669e-01 3.112839118889001e-02 1.810371467559557e-03
1.677043887810044e-01 3.539679361245364e-02 1.781941143909868e-03
1.678511564056927e-01 2.967835990397488e-02 1.792095548849479e-03
1.679979238103397e-01 3.240181944116342e-02 1.862156814388760e-03
1.681446909947535e-01 3.029925215269273e-02 1.796448673216296e-03
1.682914579587425e-01 3.051528355838345e-02 1.845351928896774e-03
1.684382247021145e-01 3.344410325122325e-02 1.837324463920666e-03
1.685849912246778e-01 3.438985995254781e-02 1.885224922729509e-03
1.687317575262405e-01 2.856501407011713e-02 1.863339149148832e-03
1.688785236066107e-01 3.009746804038915e-02 1.889436939844254e-03
1.690252894655966e-01 3.208891596010927e-02 1.921452739297599e-03
1.691720551030063e-01 3.190460161268130e-02 1.901825432231959e-03
1.693188205186478e-01 3.018007172796069e-02 1.934787516050866e-03
1.694655857123294e-01 3.137002471891025e-02 1.945311019514573e-03
1.696123506838591e-01 2.908312912688941e-02 1.965761326544598e-03
1.697591154330453e-01 3.045254933890991e-02 1.970135926056272e-03
1.699058799596958e-01 3.031194734865002e-02 1.984010949644992e-03
1.700526442636189e-01 2.954428446236275e-02 2.010041829139134e-03
1.701994083446229e-01 3.109754630163661e-02 1.970177644109899e-03
1.703461722025157e-01 3.107473803881291e-02 2.092070746872949e-03
1.704929358371055e-01 3.070634250633702e-02 2.005800979954464e-03
1.706396992482005e-01 2.813076874290083e-02 2.037414209613301e-03
1.707864624356089e-01 3.102558423414178e-02 2.088646965017785e-03
1.709332253991387e-01 3.239239359067320e-02 2.114086046256895e-03
1.710799881385982e-01 2.889704108073967e-02 2.134535100464787e-03
1.712267506537955e-01 2.561022160128369e-02 2.132802823920732e-03
1.713735129445388e-01 2.534414972391566e-02 2.118956928336559e-03
1.715202750106361e-01 2.370700470528233e-02 2.134026663229516e-03
1.716670368518958e-01 2.733928280140617e-02 2.182758076629441e-03
1.718137984681258e-01 2.725119584721461e-02 2.212427617723718e-03
1.719605598591345e-01 3.158988993550465e-02 2.247044913650144e-03
1.721073210247299e-01 2.702180321353926e-02 2.186955172399294e-03
1.722540819647203e-01 2.590218317988582e-02 2.271200430075058e-03
1.724008426789137e-01 2.772660087507366e-02 2.326318178452780e-03
1.725476031671185e-01 3.100857951221727e-02 2.337708536409096e-03
1.726943634291426e-01 2.428894511914823e-02 2.403532611612459e-03
1.728411234647944e-01 2.389813693064389e-02 2.377451326552702e-03
1.729878832738820e-01 2.823724643773739e-02 2.345917160605404e-03
1.731346428562135e-01 2.711050245824917e-02 2.486175903683692e-03
1.732814022115972e-01 2.501614392721084e-02 2.400835447141645e-03
1.734281613398412e-01 2.459149911439086e-02 2.499794590832742e-03
1.735749202407538e-01 2.695574761034055e-02 2.536784453284154e-03
1.737216789141430e-01 2.773310767158186e-02 2.593225807488092e-03
1.738684373598171e-01 2.436825951033558e-02 2.555362037126119e-03
1.740151955775843e-01 2.637644649492754e-02 2.578341874185902e-03
1.741619535672527e-01 2.722348763754911e-02 2.707463013605725e-03
1.743087113286306e-01 2.468248767565778e-02 2.731855470526654e-03
1.744554688615261e-01 2.795527792058846e-02 2.765066655888655e-03
1.746022261657475e-01 2.902731952180711e-02 2.868353110483872e-03
1.747489832411029e-01 2.658418381171939e-02 2.881404898779975e-03
1.748957400874005e-01 2.348518704944938e-02 2.822211254393914e-03
1.750424967044485e-01 2.488821257382719e-02 2.896897890627678e-03
1.751892530920552e-01 2.434538152753643e-02 3.089784832996262e-03
1.753360092500287e-01 2.333831578371792e-02 3.068621974162839e-03
1.754827651781772e-01 2.182063544164554e-02 2.983015016465165e-03
1.756295208763090e-01 2.834884121763286e-02 3.130966327415630e-03
1.757762763442323e-01 2.626258184408356e-02 3.216644955654712e-03
1.759230315817552e-01 2.941254906850635e-02 3.432436157239087e-03
1.760697865886859e-01 2.557149137294314e-02 3.495773279987438e-03
1.762165413648328e-01 2.012240834509350e-02 3.223193496987479e-03
1.763632959100039e-01 2.715932116849690e-02 3.600044256780715e-03
1.765100502240076e-01 2.026882941330070e-02 3.565774375405438e-03
1.766568043066521e-01 2.433740266211616e-02 3.836904414226112e-03
1.768035581577454e-01 1.244184320602231e-02 3.653253450206417e-03
1.769503117770959e-01 2.596208845563314e-02 4.156741710908426e-03
1.770970651645119e-01 1.868341301726722e-02 3.900790889846959e-03
1.772438183198014e-01 2.502931835406491e-02 4.135852188046238e-03
1.773905712427729e-01 2.275355683046930e-02 4.543183872798147e-03
1.775373239332344e-01 3.140216321650308e-02 4.645144040129527e-03
1.776840763909942e-01 2.637321388894096e-02 5.053694332972919e-03
1.778308286158606e-01 2.310868163921400e-02 5.243806199486439e-03
1.779775806076418e-01 1.790533669526323e-02 5.435375283615249e-03
1.781243323661459e-01 2.280950594619986e-02 5.858219802401378e-03
1.782710838911813e-01 2.227149508461366e-02 6.528950232401272e-03
1.784178351825563e-01 1.199774991418733e-02 6.906498410564474e-03
1.785645862400790e-01 1.266400248827589e-02 8.421194869391590e-03
1.787113370635576e-01 2.767282903298416e-02 9.254481020614375e-03
1.788580876528005e-01 7.980712280540484e-03 1.142177822469675e-02
1.790048380076158e-01 1.130669024143538e-02 1.281115808323731e-02
