<X> <Y> <dY>
8.813602216919226e-04 -8.156804365741944e+01 2.738651425756856e+00
1.028253589049351e-03 -7.266598285692872e+01 1.492045153871227e+00
1.175146955056984e-03 -3.788279044929408e+01 1.134651346274474e+00
1.322040319521992e-03 -2.794494070750151e+01 6.964741438875476e-01
1.468933682251548e-03 -2.029869356653177e+01 5.054593809219123e-01
1.615827043052824e-03 -1.429666777723568e+01 3.563547101579279e-01
1.762720401732992e-03 -1.037236791507311e+01 3.087592414217592e-01
1.909613758099223e-03 -8.099943068720298e+00 2.647898639173296e-01
2.056507111958691e-03 -6.421498343638044e+00 2.231294825773765e-01
2.203400463118568e-03 -3.763863762889565e+00 1.962742624310118e-01
2.350293811386024e-03 -3.802570651038021e+00 1.645551695194832e-01
2.497187156568232e-03 -2.863445583928426e+00 1.479926155373580e-01
2.644080498472365e-03 -2.393781264071587e+00 1.292914740988382e-01
2.790973836905595e-03 -1.916018555541589e+00 1.138567616286325e-01
2.937867171675094e-03 -1.617182806125243e+00 1.052129846409702e-01
3.084760502588034e-03 -1.268481286145311e+00 9.325719656310273e-02
3.231653829451588e-03 -1.116099792543770e+00 8.529783208596689e-02
3.378547152072927e-03 -1.005525049259428e+00 7.817079554962797e-02
3.525440470259224e-03 -7.042028584072941e-01 7.056320280869632e-02
3.672333783817651e-03 -6.521055657657187e-01 6.579801190287965e-02
3.819227092555382e-03 -6.119083830724991e-01 5.925876135877336e-02
3.966120396279587e-03 -4.519669890890409e-01 5.658461898536758e-02
4.113013694797441e-03 -4.943089565390595e-01 5.112655642626627e-02
4.259906987916115e-03 -4.389617285473273e-01 4.731514721781270e-02
4.406800275442781e-03 -4.417672066156959e-01 4.471832220506244e-02
4.553693557184614e-03 -3.020489473742410e-01 4.134567696569059e-02
4.700586832948783e-03 -2.867106341854780e-01 3.869728891400707e-02
4.847480102542463e-03 -2.211199467188023e-01 3.601380941513722e-02
4.994373365772829e-03 -1.958341291825411e-01 3.407688393130365e-02
5.141266622447048e-03 -1.817885933002892e-01 3.202979537335725e-02
5.288159872372297e-03 -1.761560365240347e-01 2.965259326747124e-02
5.435053115355749e-03 -1.676767680815476e-01 2.828418459957308e-02
5.581946351204576e-03 -1.395826488020758e-01 2.666420157021784e-02
5.728839579725948e-03 -1.195942031913805e-01 2.489138893865925e-02
5.875732800727044e-03 -1.217514184887768e-01 2.375629269052545e-02
6.022626014015034e-03 -1.280967914850135e-01 2.251383260013438e-02
6.169519219397089e-03 -1.067284593681221e-01 2.134443837660833e-02
6.316412416680385e-03 -1.407413728949837e-01 2.039556184045882e-02
6.463305605672094e-03 -6.234656606061102e-02 1.915337002871580e-02
6.610198786179393e-03 -4.833381686413626e-02 1.819804397201783e-02
6.757091958009447e-03 -8.812817960633453e-02 1.725273026397355e-02
6.903985120969439e-03 -7.740977939023706e-02 1.647886939681798e-02
7.050878274866538e-03 -8.674600199282899e-02 1.583898148402340e-02
7.197771419507919e-03 -4.123978821643606e-02 1.486107997205887e-02
7.344664554700750e-03 -3.693692319432889e-02 1.430681337994117e-02
7.491557680252214e-03 -5.517310205142916e-02 1.379076353860861e-02
7.638450795969478e-03 -2.227104671345227e-02 1.307764176935158e-02
7.785343901659718e-03 -4.236026332187630e-02 1.258500432165963e-02
7.932236997130110e-03 -5.208623620120901e-02 1.192090603707728e-02
8.079130082187821e-03 -2.623261044443935e-02 1.156900554133180e-02
8.226023156640037e-03 -8.456779941528473e-03 1.112481677297103e-02
8.372916220293923e-03 -2.417160117855180e-02 1.051431864450805e-02
8.519809272956652e-03 -1.100910408366600e-02 1.019422879810695e-02
8.666702314435403e-03 -3.237042911957239e-02 9.791286041649357e-03
8.813595344537354e-03 -4.174010504622691e-03 9.472541130780780e-03
8.960488363069672e-03 -3.039961783645953e-02 9.098247595703723e-03
9.107381369839535e-03 -2.180984555947131e-02 8.640011556949901e-03
9.254274364654119e-03 -2.195223149300725e-02 8.443177935866563e-03
9.401167347320593e-03 -1.568103573217387e-02 8.086544149352715e-03
9.548060317646137e-03 -1.512942161845819e-02 7.889483412969895e-03
9.694953275437929e-03 -2.735518335053449e-02 7.590634336796377e-03
9.841846220503138e-03 -3.111424736469831e-02 7.250034884521420e-03
9.988739152648940e-03 -2.637017847508259e-02 7.105590701188052e-03
1.013563207168251e-02 -1.791684348242110e-02 6.800520038999419e-03
1.028252497741103e-02 -1.115109347219104e-02 6.551418468109007e-03
1.042941786964167e-02 -1.559793109186494e-02 6.373664109063054e-03
1.057631074818160e-02 -1.565504274587977e-02 6.184722219189116e-03
1.072320361283801e-02 -8.611818076733968e-03 6.060291601876866e-03
1.087009646341806e-02 -1.266426152244949e-02 5.726052740599748e-03
1.101698929972894e-02 -3.097533271912865e-03 5.604126676001890e-03
1.116388212157781e-02 -1.039587274808745e-02 5.463253158439031e-03
1.131077492877186e-02 -2.416116161561180e-03 5.304406408996866e-03
1.145766772111827e-02 -1.312434293128240e-02 5.164401735213271e-03
1.160456049842420e-02 -1.189072915712096e-03 4.978382210470658e-03
1.175145326049683e-02 -5.688676333438928e-03 4.844837255316144e-03
1.189834600714335e-02 -3.845639674307079e-04 4.706212310773939e-03
1.204523873817092e-02 -1.570791623726120e-02 4.573852482259480e-03
1.219213145338673e-02 -7.075277040884592e-03 4.433196447307580e-03
1.233902415259795e-02 1.259325977574328e-04 4.345262911660742e-03
1.248591683561175e-02 -1.270304497535374e-02 4.226723237045458e-03
1.263280950223533e-02 -1.105561856555699e-02 4.124315962146186e-03
1.277970215227585e-02 -3.405048563924602e-03 3.944793275366659e-03
1.292659478554047e-02 -6.752370865920819e-03 3.880918398419151e-03
1.307348740183641e-02 -5.467338109283022e-03 3.804269734997186e-03
1.322038000097082e-02 1.551349421521835e-03 3.694251123337105e-03
1.336727258275089e-02 -4.111155202780506e-03 3.594280398445298e-03
1.351416514698378e-02 -4.943317449681609e-03 3.518601617968103e-03
1.366105769347668e-02 -8.654395654758519e-03 3.421503293403504e-03
1.380795022203677e-02 -5.561547441319748e-03 3.361303427897703e-03
1.395484273247122e-02 4.359898506707293e-03 3.253709773078104e-03
1.410173522458722e-02 -5.242791160917157e-03 3.182241508196244e-03
1.424862769819194e-02 -2.272512251315448e-03 3.121510458211627e-03
1.439552015309257e-02 -7.303148856056827e-03 3.046454270361606e-03
1.454241258909627e-02 -5.477974284755682e-03 2.982537025855330e-03
1.468930500601023e-02 -1.409350194020746e-04 2.888883093137101e-03
1.483619740364163e-02 -5.141896323211628e-04 2.826981905531232e-03
1.498308978179765e-02 1.356485530384664e-03 2.797029784479281e-03
1.512998214028546e-02 -2.801076201576258e-04 2.712484247322344e-03
1.527687447891225e-02 4.828004269911277e-03 2.670245128734006e-03
1.542376679748520e-02 -2.315316042603237e-03 2.607843063799893e-03
1.557065909581149e-02 1.119246619162370e-03 2.558220258044832e-03
1.571755137369829e-02 -1.182097005786414e-03 2.498653194268606e-03
1.586444363095279e-02 -6.683278266094992e-03 2.429479202419824e-03
1.601133586738216e-02 1.188025832051167e-03 2.412469804638553e-03
1.615822808279360e-02 -5.993442008140900e-04 2.358377590709925e-03
1.630512027699426e-02 2.291400496974452e-03 2.312564663192912e-03
1.645201244979136e-02 1.155484008472193e-03 2.250209880612686e-03
1.659890460099205e-02 2.241348908526754e-03 2.204811325871346e-03
1.674579673040351e-02 2.383401712605007e-03 2.193341447048096e-03
1.689268883783294e-02 7.380755827872461e-04 2.139341825928845e-03
1.703958092308753e-02 -4.295165854471202e-04 2.104638365314157e-03
1.718647298597442e-02 6.216781660669781e-03 2.040839143335346e-03
1.733336502630083e-02 5.668821092419256e-03 2.020970864958103e-03
1.748025704387393e-02 2.833899824964534e-03 1.998377030042818e-03
1.762714903850091e-02 7.170317318965103e-03 1.956711117847691e-03
1.777404100998893e-02 4.059528483714066e-03 1.931401835114327e-03
1.792093295814520e-02 5.376116752778936e-03 1.884851614607652e-03
1.806782488277687e-02 6.204518479402349e-04 1.863070515237657e-03
1.821471678369116e-02 4.436286385950890e-03 1.832499288434845e-03
1.836160866069522e-02 1.550072184334345e-03 1.780970799305416e-03
1.850850051359626e-02 3.492230629357018e-03 1.813160984000467e-03
1.865539234220144e-02 5.245663045687996e-03 1.792621901954133e-03
1.880228414631796e-02 4.790229971997895e-03 1.757598988583015e-03
1.894917592575301e-02 3.138125928116231e-03 1.759229524011062e-03
1.909606768031375e-02 1.253522852957716e-03 1.728663390013099e-03
1.924295940980738e-02 6.598918918669145e-04 1.747627618380167e-03
1.938985111404109e-02 6.266762645965537e-03 1.747304777253218e-03
1.953674279282204e-02 3.593041165136689e-03 1.755189202781150e-03
1.968363444595744e-02 3.871881924835634e-03 1.736591584625752e-03
1.983052607325447e-02 4.312248381386960e-03 1.719272751248661e-03
1.997741767452030e-02 5.360548899761145e-03 1.732363792135984e-03
2.012430924956213e-02 2.364289359562355e-03 1.717717523820745e-03
2.027120079818715e-02 3.344213379622662e-03 1.683221531226127e-03
2.041809232020253e-02 1.548801913993508e-03 1.688271579070492e-03
2.056498381541546e-02 3.470585497425886e-03 1.684054329888212e-03
2.071187528363314e-02 5.354495053561484e-03 1.657063598025567e-03
2.085876672466273e-02 4.753696158391199e-03 1.652563580308274e-03
2.100565813831145e-02 2.958978367038547e-03 1.644789646942450e-03
2.115254952438645e-02 9.267235351456678e-03 1.638336055381743e-03
2.129944088269494e-02 4.111160806326661e-03 1.628889493931058e-03
2.144633221304411e-02 2.935142210153348e-03 1.609142187569342e-03
2.159322351524114e-02 6.306472866865837e-03 1.614752707499877e-03
2.174011478909322e-02 5.564677835958671e-03 1.592236632345221e-03
2.188700603440753e-02 4.510016671325768e-03 1.570156414437389e-03
2.203389725099126e-02 3.962050646210775e-03 1.542239997521591e-03
2.218078843865161e-02 3.540312430330239e-03 1.506018936424853e-03
2.232767959719575e-02 4.140732080255977e-03 1.495320070058843e-03
2.247457072643089e-02 6.757872518587072e-03 1.467114280181389e-03
2.262146182616420e-02 6.725354983951000e-03 1.439736407218231e-03
2.276835289620287e-02 8.008844515601077e-03 1.420456830180260e-03
2.291524393635411e-02 6.485759443700852e-03 1.400563590457050e-03
2.306213494642509e-02 6.815446820770242e-03 1.405311305359566e-03
2.320902592622301e-02 6.951897699537649e-03 1.365879436063061e-03
2.335591687555505e-02 5.700845899723203e-03 1.365627494355046e-03
2.350280779422841e-02 6.076654895268292e-03 1.344071503526722e-03
2.364969868205026e-02 7.769646449224629e-03 1.323563833998646e-03
2.379658953882782e-02 7.717494585440353e-03 1.329632483583869e-03
2.394348036436827e-02 6.520618509723641e-03 1.303601602769151e-03
2.409037115847880e-02 8.643009498630222e-03 1.298535180830413e-03
2.423726192096658e-02 7.056842943470730e-03 1.280934025217735e-03
2.438415265163884e-02 8.529287130592688e-03 1.256875805111726e-03
2.453104335030275e-02 7.211537171012953e-03 1.262538102511713e-03
2.467793401676551e-02 7.236473569303827e-03 1.238661031951847e-03
2.482482465083430e-02 8.133992801275211e-03 1.236992940627046e-03
2.497171525231632e-02 8.682858800033682e-03 1.227987681929220e-03
2.511860582101877e-02 8.471401553455835e-03 1.212541001615403e-03
2.526549635674884e-02 9.338714377295556e-03 1.194637442386178e-03
2.541238685931370e-02 1.056897852334620e-02 1.190363941948985e-03
2.555927732852058e-02 1.001758776927590e-02 1.180034986690549e-03
2.570616776417666e-02 8.581220696787495e-03 1.171264344391496e-03
2.585305816608912e-02 9.019665968986602e-03 1.160350088384885e-03
2.599994853406517e-02 1.018592396399279e-02 1.155475457516681e-03
2.614683886791200e-02 1.138595934727417e-02 1.149193969135759e-03
2.629372916743681e-02 1.159373168049322e-02 1.142138147093888e-03
2.644061943244679e-02 1.006013548847252e-02 1.124926619592631e-03
2.658750966274912e-02 1.292050934446920e-02 1.121085251650291e-03
2.673439985815102e-02 9.258250074902089e-03 1.125581226678775e-03
2.688129001845969e-02 1.220000694934928e-02 1.100905005843171e-03
2.702818014348229e-02 1.157967041208700e-02 1.097697729004901e-03
2.717507023302605e-02 1.184781009875788e-02 1.087856186607299e-03
2.732196028689816e-02 1.104879772515023e-02 1.084064555576125e-03
2.746885030490582e-02 1.216102297837786e-02 1.078868791911537e-03
2.761574028685621e-02 1.030167286017493e-02 1.068206643522933e-03
2.776263023255653e-02 1.234557542210019e-02 1.057593203696947e-03
2.790952014181400e-02 1.365750954588616e-02 1.053528592042122e-03
2.805641001443581e-02 1.485523629825981e-02 1.054882407121035e-03
2.820329985022913e-02 1.291052531325196e-02 1.054007509471998e-03
2.835018964900120e-02 1.362014146678976e-02 1.033087243387538e-03
2.849707941055920e-02 1.471098615959345e-02 1.029855882285168e-03
2.864396913471031e-02 1.350400221702302e-02 1.034115718049745e-03
2.879085882126178e-02 1.444600340309369e-02 1.015584641777758e-03
2.893774847002075e-02 1.356450316388153e-02 1.003921511225377e-03
2.908463808079444e-02 1.354968867789078e-02 1.002716387148517e-03
2.923152765339008e-02 1.424849241849055e-02 9.994052618989503e-04
2.937841718761485e-02 1.596229492058112e-02 9.923168159771758e-04
2.952530668327594e-02 1.380763595766083e-02 9.932264341130834e-04
2.967219614018056e-02 1.412922055566937e-02 9.864291594301072e-04
2.981908555813591e-02 1.489871703270400e-02 9.846334145420783e-04
2.996597493694921e-02 1.539327138688350e-02 9.752958422717103e-04
3.011286427642763e-02 1.671994459349142e-02 9.667018214265841e-04
3.025975357637840e-02 1.721616715090975e-02 9.608266567634822e-04
3.040664283660871e-02 1.549606436681352e-02 9.582776055286722e-04
3.055353205692574e-02 1.572599070984203e-02 9.579354031366547e-04
3.070042123713675e-02 1.634442659559739e-02 9.508792373792662e-04
3.084731037704891e-02 1.784636111381544e-02 9.479312416752214e-04
3.099419947646940e-02 1.780806504066161e-02 9.466663489841620e-04
3.114108853520547e-02 1.849181430926595e-02 9.444414990727028e-04
3.128797755306430e-02 1.973259239214076e-02 9.410903252418031e-04
3.143486652985308e-02 1.972734012809416e-02 9.209999472220642e-04
3.158175546537905e-02 1.984398119134548e-02 9.374898779541012e-04
3.172864435944940e-02 1.874336608607605e-02 9.342545602312549e-04
3.187553321187133e-02 2.047773975861380e-02 9.189852320578382e-04
3.202242202245206e-02 1.940125220660942e-02 9.126703402531407e-04
3.216931079099877e-02 1.793242312814215e-02 9.052881403214631e-04
3.231619951731869e-02 2.062876136946067e-02 9.187004880973347e-04
3.246308820121902e-02 1.990791147479200e-02 9.076132135778052e-04
3.260997684250697e-02 2.082587526831750e-02 8.971741916317696e-04
3.275686544098974e-02 2.071976991260705e-02 9.011397741682867e-04
3.290375399647455e-02 2.157717081880831e-02 8.909424951951730e-04
3.305064250876859e-02 2.095279893776065e-02 9.009853153777842e-04
3.319753097767910e-02 2.388856063872962e-02 8.979889364479114e-04
3.334441940301325e-02 2.059530137435542e-02 8.860150509018123e-04
3.349130778457828e-02 2.141005742284411e-02 8.870328530479481e-04
3.363819612218139e-02 2.288608381886474e-02 8.887957740053094e-04
3.378508441562977e-02 2.345663444107924e-02 8.805065653963110e-04
3.393197266473066e-02 2.067527649811865e-02 8.650870552905324e-04
3.407886086929125e-02 2.388101775262131e-02 8.758962286883359e-04
3.422574902911878e-02 2.244357188410566e-02 8.711059299123508e-04
3.437263714402042e-02 2.391159736459728e-02 8.696617782643933e-04
3.451952521380341e-02 2.390916994250356e-02 8.646109337290688e-04
3.466641323827495e-02 2.400384975661795e-02 8.712174996256353e-04
3.481330121724226e-02 2.583501306564540e-02 8.905326876284488e-04
3.496018915051253e-02 2.402790976725146e-02 8.992594222084986e-04
3.510707703789302e-02 2.512554425156546e-02 8.998637960492221e-04
3.525396487919091e-02 2.610980194985404e-02 8.993578980711947e-04
3.540085267421340e-02 2.724394542184951e-02 8.918590138831948e-04
3.554774042276775e-02 2.597134739671341e-02 8.864915508137835e-04
3.569462812466112e-02 2.700160578716290e-02 8.734723591679824e-04
3.584151577970077e-02 2.586837921362896e-02 8.657172710553947e-04
3.598840338769389e-02 2.618536272542223e-02 8.672775126855745e-04
3.613529094844770e-02 2.770199575912028e-02 8.598605223340877e-04
3.628217846176941e-02 2.739303013222314e-02 8.633235782779476e-04
3.642906592746626e-02 2.614734407020455e-02 8.526522742791051e-04
3.657595334534545e-02 2.732017781303972e-02 8.562905937734162e-04
3.672284071521419e-02 2.647776238764092e-02 8.494091633905064e-04
3.686972803687972e-02 2.731667175429386e-02 8.500745944302003e-04
3.701661531014922e-02 2.834821310880961e-02 8.422520489887207e-04
3.716350253482994e-02 2.822543405017251e-02 8.433762013776441e-04
3.731038971072909e-02 2.679876289423389e-02 8.372977931709820e-04
3.745727683765387e-02 2.860604646340146e-02 8.706248160434530e-04
3.760416391541153e-02 2.686734783100643e-02 8.574790989028291e-04
3.775105094380928e-02 2.816457507183350e-02 8.244052218482989e-04
3.789793792265433e-02 2.837453370579663e-02 8.301942935052052e-04
3.804482485175390e-02 2.985482221604134e-02 8.269915917812399e-04
3.819171173091522e-02 2.982405873776792e-02 8.191884896657497e-04
3.833859855994550e-02 2.856818380286575e-02 8.207768933201321e-04
3.848548533865198e-02 3.057489885076913e-02 8.186877324270718e-04
3.863237206684186e-02 2.970395354281936e-02 8.130076862303142e-04
3.877925874432238e-02 2.796020657729164e-02 8.149322205931991e-04
3.892614537090076e-02 3.017741388962401e-02 8.079735556197207e-04
3.907303194638420e-02 2.936155141695963e-02 8.190957754408651e-04
3.921991847057994e-02 3.037924748455587e-02 8.035393472102228e-04
3.936680494329520e-02 2.880609533252060e-02 8.044260403895797e-04
3.951369136433722e-02 2.872601366873500e-02 7.979455359150545e-04
3.966057773351322e-02 2.962680036455715e-02 7.924919640197177e-04
3.980746405063040e-02 3.028558969801567e-02 7.996957050745869e-04
3.995435031549600e-02 2.956433340011837e-02 7.846537056685215e-04
4.010123652791726e-02 3.140814450489296e-02 7.909181979063106e-04
4.024812268770137e-02 2.950703374579714e-02 7.849766467264696e-04
4.039500879465560e-02 3.013924442054524e-02 7.834817489548396e-04
4.054189484858715e-02 3.033837284010206e-02 7.806093083685814e-04
4.068878084930326e-02 3.071868581308689e-02 7.770426703705768e-04
4.083566679661114e-02 2.978995615611548e-02 7.771806213086921e-04
4.098255269031803e-02 2.914882910296804e-02 7.769772158046198e-04
4.112943853023117e-02 3.053631989471326e-02 7.859497286115166e-04
4.127632431615776e-02 2.969074217570629e-02 7.954879113714607e-04
4.142321004790505e-02 3.055299503301579e-02 7.993417526349277e-04
4.157009572528026e-02 3.082474831819230e-02 8.079241193623178e-04
4.171698134809063e-02 3.000769384819995e-02 8.151850573736927e-04
4.186386691614337e-02 2.990346628531076e-02 8.108875867255401e-04
4.201075242924574e-02 3.046642720775595e-02 8.191081452254801e-04
4.215763788720495e-02 3.016251332280602e-02 8.089622844758031e-04
4.230452328982824e-02 2.977133569153842e-02 8.164231873799262e-04
4.245140863692285e-02 2.966851063811937e-02 8.130499260456579e-04
4.259829392829599e-02 3.039972889515762e-02 8.160500225732325e-04
4.274517916375490e-02 3.026800681627623e-02 8.136963106113783e-04
4.289206434310684e-02 2.990656477053943e-02 8.136403799030065e-04
4.303894946615900e-02 2.942768036778727e-02 8.167136305154370e-04
4.318583453271865e-02 3.011450686980901e-02 8.118829517412311e-04
4.333271954259301e-02 3.060194661924898e-02 8.215094330499269e-04
4.347960449558931e-02 3.038199402599578e-02 8.095308648411970e-04
4.362648939151479e-02 3.041146799228328e-02 8.138676037358264e-04
4.377337423017669e-02 2.949336475764960e-02 8.141350096788456e-04
4.392025901138226e-02 2.968774912131520e-02 8.158508862330682e-04
4.406714373493869e-02 3.081258800401492e-02 8.200447667830063e-04
4.421402840065326e-02 3.079248214754682e-02 8.142022828077949e-04
4.436091300833320e-02 3.082008623059076e-02 8.184066330858215e-04
4.450779755778574e-02 2.962529689636800e-02 8.084359649828354e-04
4.465468204881811e-02 3.055915603671567e-02 8.144128167120063e-04
4.480156648123757e-02 2.981170086940624e-02 8.191262239686544e-04
4.494845085485134e-02 2.942567842275962e-02 8.130138560808666e-04
4.509533516946668e-02 2.964621845929424e-02 8.188258159774657e-04
4.524221942489082e-02 2.867197013311589e-02 8.125953282625536e-04
4.538910362093100e-02 2.862430868212987e-02 8.095918135459022e-04
4.553598775739446e-02 2.785782805971845e-02 8.081002206666245e-04
4.568287183408844e-02 2.846317845681185e-02 8.061360760204050e-04
4.582975585082019e-02 3.032147853643053e-02 8.102168677984211e-04
4.597663980739693e-02 2.762928770417565e-02 8.028054383526989e-04
4.612352370362593e-02 2.938619775781038e-02 7.957780351771300e-04
4.627040753931443e-02 2.906846118575746e-02 7.978701606469496e-04
4.641729131426967e-02 2.838840466021473e-02 7.866023080188836e-04
4.656417502829888e-02 2.869313690746563e-02 7.974697937849068e-04
4.671105868120932e-02 2.821940907123597e-02 7.934626372393152e-04
4.685794227280822e-02 2.880772611337373e-02 7.955254540148529e-04
4.700482580290285e-02 2.829892958908255e-02 7.839629755068577e-04
4.715170927130044e-02 2.903608312482319e-02 7.862351454608443e-04
4.729859267780824e-02 2.834197947232963e-02 7.839104123912835e-04
4.744547602223349e-02 2.908854436059588e-02 7.928030749804158e-04
4.759235930438345e-02 2.844405884733357e-02 7.893645907827321e-04
4.773924252406536e-02 2.820675899787813e-02 7.807352894914779e-04
4.788612568108647e-02 2.871607027709189e-02 7.856900140213254e-04
4.803300877525407e-02 2.841280982465522e-02 7.841357745998654e-04
4.817989180637530e-02 2.758227714297273e-02 7.822285181186673e-04
4.832677477425752e-02 2.624100206695580e-02 7.746914185618560e-04
4.847365767870793e-02 2.885784825963822e-02 7.808368498508763e-04
4.862054051953379e-02 2.856073969476607e-02 7.802374717305543e-04
4.876742329654236e-02 2.687932139948706e-02 7.756603063928127e-04
4.891430600954088e-02 2.824605257913673e-02 7.732646296166413e-04
4.906118865833660e-02 2.779162195648191e-02 7.753142862252397e-04
4.920807124273676e-02 2.763755350553790e-02 7.707395933907020e-04
4.935495376254866e-02 2.672232522497399e-02 7.673402101261975e-04
4.950183621757952e-02 2.691658746167143e-02 7.654184493544104e-04
4.964871860763660e-02 2.621970594972738e-02 7.694453392801737e-04
4.979560093252714e-02 2.764675241374295e-02 7.665678735889402e-04
4.994248319205841e-02 2.663370265526464e-02 7.648839232982850e-04
5.008936538603768e-02 2.724866325737449e-02 7.697703965749629e-04
5.023624751427219e-02 2.670124484190517e-02 7.628296147526732e-04
5.038312957656918e-02 2.588659900379073e-02 7.667738034345865e-04
5.053001157273595e-02 2.420949335310408e-02 7.517393527544431e-04
5.067689350257971e-02 2.673942843873348e-02 7.640635695022234e-04
5.082377536590776e-02 2.635398604309251e-02 7.563950348652215e-04
5.097065716252732e-02 2.653567737572555e-02 7.551556337252262e-04
5.111753889224568e-02 2.724333612740807e-02 7.618047935708803e-04
5.126442055487009e-02 2.526407920625880e-02 7.552905459818916e-04
5.141130215020779e-02 2.570369517932031e-02 7.491207857954985e-04
5.155818367806608e-02 2.625616533883834e-02 7.582212594168816e-04
5.170506513825220e-02 2.496166257956864e-02 7.462636720442399e-04
5.185194653057341e-02 2.648858092171858e-02 7.546933717282606e-04
5.199882785483697e-02 2.689232923345223e-02 7.520104129533624e-04
5.214570911085015e-02 2.644347425621076e-02 7.528195753077488e-04
5.229259029842022e-02 2.435691114253348e-02 7.463820278403488e-04
5.243947141735442e-02 2.538787818197538e-02 7.464164045325662e-04
5.258635246746002e-02 2.500736440083836e-02 7.479895157662384e-04
5.273323344854430e-02 2.392458512881433e-02 7.395518243733474e-04
5.288011436041453e-02 2.500791493142219e-02 7.501294808715854e-04
5.302699520287798e-02 2.520817165303038e-02 7.388149123148472e-04
5.317387597574186e-02 2.533737738414493e-02 7.435000825200101e-04
5.332075667881350e-02 2.604621867318813e-02 7.444771984651726e-04
5.346763731190016e-02 2.484704976707478e-02 7.323511995586926e-04
5.361451787480907e-02 2.427082972337040e-02 7.412921229818260e-04
5.376139836734754e-02 2.473321954017679e-02 7.296973203933544e-04
5.390827878932278e-02 2.487845816958551e-02 7.303405745069805e-04
5.405515914054214e-02 2.526812844376623e-02 7.344548078343886e-04
5.420203942081284e-02 2.535130527361022e-02 7.310497678660706e-04
5.434891962994216e-02 2.445951309060087e-02 7.420226337801162e-04
5.449579976773735e-02 2.636720368646288e-02 7.228179450995384e-04
5.464267983400574e-02 2.451907435198522e-02 7.335014983669445e-04
5.478955982855453e-02 2.495956306584680e-02 7.313750116851470e-04
5.493643975119106e-02 2.383664323695678e-02 7.262235873186871e-04
5.508331960172257e-02 2.653072728954808e-02 7.326295016746347e-04
5.523019937995633e-02 2.488669344809850e-02 7.234229182610926e-04
5.537707908569962e-02 2.268456485537266e-02 7.271529916857341e-04
5.552395871875969e-02 2.424827631389440e-02 7.303386143397463e-04
5.567083827894388e-02 2.391218211816323e-02 7.231300270566299e-04
5.581771776605941e-02 2.466872492020203e-02 7.266361343440930e-04
5.596459717991355e-02 2.317691007719430e-02 7.216672285084971e-04
5.611147652031365e-02 2.480206785260509e-02 7.283551628540973e-04
5.625835578706691e-02 2.430952286179570e-02 7.306745341153643e-04
5.640523497998061e-02 2.431033291910732e-02 7.150439538921084e-04
5.655211409886209e-02 2.386698160141833e-02 7.244008937420603e-04
5.669899314351858e-02 2.326701602095815e-02 7.195912819921924e-04
5.684587211375740e-02 2.314126570243573e-02 7.116897960989716e-04
5.699275100938578e-02 2.306590220560645e-02 7.171617820459451e-04
5.713962983021098e-02 2.402512188253318e-02 7.132380727286895e-04
5.728650857604041e-02 2.422904952330112e-02 7.138515701678539e-04
5.743338724668124e-02 2.362517722109234e-02 7.112075557331017e-04
5.758026584194079e-02 2.276148061465115e-02 7.080765079483788e-04
5.772714436162631e-02 2.184730979557330e-02 7.170643945109772e-04
5.787402280554513e-02 2.334175371088583e-02 7.125880427205606e-04
5.802090117350451e-02 2.274359834028455e-02 7.142684951451691e-04
5.816777946531173e-02 2.250876552376497e-02 7.080434708810452e-04
5.831465768077408e-02 2.375124481231609e-02 7.084927934786730e-04
5.846153581969887e-02 2.254734500814629e-02 7.112100914701119e-04
5.860841388189336e-02 2.320836883656767e-02 7.087841082545707e-04
5.875529186716485e-02 2.188705041748177e-02 7.116614757271558e-04
5.890216977532061e-02 2.299666528787708e-02 7.054093265099630e-04
5.904904760616795e-02 2.132426478407152e-02 7.039854500857518e-04
5.919592535951414e-02 2.379638551467439e-02 7.046643476063185e-04
5.934280303516650e-02 2.188052021381006e-02 7.052743211815759e-04
5.948968063293228e-02 2.368457083841275e-02 7.012975815139037e-04
5.963655815261879e-02 2.253808322484990e-02 7.143358130423122e-04
5.978343559403334e-02 2.066667836435114e-02 7.138927349665872e-04
5.993031295698319e-02 2.309487528884962e-02 7.264791966135321e-04
6.007719024127564e-02 2.385289022360120e-02 7.380070850344819e-04
6.022406744671802e-02 2.237616961736651e-02 7.357015976199036e-04
6.037094457311754e-02 2.340638873656043e-02 7.470022643451152e-04
6.051782162028158e-02 2.356014202290692e-02 7.477101541123607e-04
6.066469858801743e-02 2.400187302964643e-02 7.504391190920916e-04
6.081157547613233e-02 2.128703436778319e-02 7.563688006412254e-04
6.095845228443361e-02 2.193849616596438e-02 7.560018522698034e-04
6.110532901272856e-02 2.189835920052245e-02 7.630775202107911e-04
6.125220566082447e-02 2.292819043309135e-02 7.664909812991870e-04
6.139908222852867e-02 2.187864530573389e-02 7.637675111742428e-04
6.154595871564840e-02 2.104263912957357e-02 7.745723644841887e-04
6.169283512199103e-02 2.294886490474912e-02 7.740144229265165e-04
6.183971144736379e-02 2.315315342476432e-02 7.783084844048345e-04
6.198658769157404e-02 2.219489203897667e-02 7.725445180269522e-04
6.213346385442904e-02 2.059422891626946e-02 7.823517653030423e-04
6.228033993573612e-02 2.147709140721298e-02 7.816771835907021e-04
6.242721593530259e-02 2.131131289139518e-02 7.805743746676759e-04
6.257409185293569e-02 2.170497862952576e-02 7.727301780163097e-04
6.272096768844279e-02 2.132601747917289e-02 7.619608100023231e-04
6.286784344163118e-02 2.352841790191145e-02 7.505718236796421e-04
6.301471911230812e-02 2.180161923474300e-02 7.492088071020925e-04
6.316159470028096e-02 2.272049956586294e-02 7.369392869800219e-04
6.330847020535701e-02 2.235622468471469e-02 7.453033248525392e-04
6.345534562734356e-02 2.170622810654077e-02 7.396645546746155e-04
6.360222096604792e-02 2.160177299250580e-02 7.339159210810729e-04
6.374909622127738e-02 2.237350463901247e-02 7.302858489728207e-04
6.389597139283930e-02 2.159670370524750e-02 7.302116883700065e-04
6.404284648054094e-02 2.066527082742934e-02 7.275546200922839e-04
6.418972148418961e-02 2.050171629805521e-02 7.138089577285437e-04
6.433659640359266e-02 2.157511405288881e-02 7.292177673036684e-04
6.448347123855734e-02 2.345481547500257e-02 7.181545132093301e-04
6.463034598889104e-02 2.156875099667989e-02 7.211664780758600e-04
6.477722065440102e-02 2.182555664120581e-02 7.194612189879834e-04
6.492409523489458e-02 2.111705872460273e-02 7.107534577711789e-04
6.507096973017908e-02 2.103828670874079e-02 7.119636138675989e-04
6.521784414006179e-02 2.022585335537364e-02 7.097375616726324e-04
6.536471846435006e-02 2.174104294876772e-02 7.094935114265823e-04
6.551159270285120e-02 2.163159899177408e-02 7.071014703077098e-04
6.565846685537249e-02 2.134560366766896e-02 7.024615163963764e-04
6.580534092172129e-02 2.261142044835973e-02 7.127839747387224e-04
6.595221490170489e-02 2.149709657714313e-02 7.026107978169015e-04
6.609908879513064e-02 2.203319504293908e-02 7.044727697087013e-04
6.624596260180583e-02 2.212115749126211e-02 7.003321618715619e-04
6.639283632153778e-02 2.170910489429602e-02 6.991447300485047e-04
6.653970995413383e-02 2.042952872053607e-02 7.098116046258461e-04
6.668658349940126e-02 2.237231788251614e-02 6.957610997086199e-04
6.683345695714746e-02 2.075843755256522e-02 6.955776987352359e-04
6.698033032717969e-02 2.177043957580910e-02 6.982481518960891e-04
6.712720360930530e-02 2.092917854196226e-02 6.977461726007120e-04
6.727407680333160e-02 2.151251412416278e-02 6.943922924845034e-04
6.742094990906593e-02 2.158701110093476e-02 6.944228088395640e-04
6.756782292631559e-02 2.142547424004004e-02 6.940695561763599e-04
6.771469585488793e-02 2.198488961761607e-02 6.925472588375425e-04
6.786156869459029e-02 2.102957428669239e-02 6.936107923858975e-04
6.800844144522995e-02 2.013463017918350e-02 6.879958861859706e-04
6.815531410661428e-02 2.065005025702009e-02 6.886053167284232e-04
6.830218667855054e-02 2.043961548524792e-02 6.920695019338038e-04
6.844905916084618e-02 2.054829939075411e-02 6.901748567638574e-04
6.859593155330840e-02 2.056104818915694e-02 6.870056981002221e-04
6.874280385574461e-02 2.141525209728122e-02 6.829563422404381e-04
6.888967606796213e-02 2.123814455499884e-02 6.890569123610785e-04
6.903654818976826e-02 2.296581500595065e-02 6.848005276712338e-04
6.918342022097036e-02 2.226224724725673e-02 6.796435665219323e-04
6.933029216137575e-02 2.121817741856853e-02 6.888749834924603e-04
6.947716401079176e-02 2.063146052208060e-02 6.749626517489768e-04
6.962403576902575e-02 2.068168123285644e-02 6.850263444968524e-04
6.977090743588503e-02 2.109654189268954e-02 6.808861306681311e-04
6.991777901117695e-02 2.047706796889833e-02 6.720577076710598e-04
7.006465049470884e-02 2.126808042191054e-02 6.802609417134889e-04
7.021152188628801e-02 1.990699701912838e-02 6.781192590477680e-04
7.035839318572186e-02 2.086707588863848e-02 6.798096988783280e-04
7.050526439281767e-02 2.136377653502322e-02 6.700262469517042e-04
7.065213550738278e-02 2.107855361815501e-02 6.708419052575311e-04
7.079900652922456e-02 2.002064279067958e-02 6.744216398073364e-04
7.094587745815036e-02 2.009803002826112e-02 6.632211986005009e-04
7.109274829396750e-02 2.155231179789929e-02 6.731782185967223e-04
7.123961903648333e-02 2.039343133958257e-02 6.619771315915936e-04
7.138648968550515e-02 1.996738995021482e-02 6.684315015872124e-04
7.153336024084035e-02 2.067305695479381e-02 6.747182084369852e-04
7.168023070229627e-02 2.164930183798847e-02 6.619641859843681e-04
7.182710106968025e-02 2.134500685642206e-02 6.709513869492064e-04
7.197397134279965e-02 2.040000476911599e-02 6.568807579389019e-04
7.212084152146177e-02 2.225445483227494e-02 6.694833177555195e-04
7.226771160547400e-02 2.081972499283521e-02 6.665806500928328e-04
7.241458159464363e-02 2.081194953313235e-02 6.592254149816021e-04
7.256145148877813e-02 2.152233173000527e-02 6.679896687924108e-04
7.270832128768472e-02 2.066593431860641e-02 6.629921378456395e-04
7.285519099117078e-02 1.967855403611944e-02 6.575566183558628e-04
7.300206059904372e-02 2.088052452754554e-02 6.611777969028551e-04
7.314893011111082e-02 2.071033334797581e-02 6.564017514787267e-04
7.329579952717949e-02 2.085437917518687e-02 6.614029396244587e-04
7.344266884705702e-02 1.958618934196211e-02 6.542525291814023e-04
7.358953807055085e-02 2.028725068691999e-02 6.594817090460148e-04
7.373640719746824e-02 2.041805019786502e-02 6.494579574461726e-04
7.388327622761658e-02 2.069362858729608e-02 6.543382139064344e-04
7.403014516080324e-02 1.997574224046315e-02 6.512296377281377e-04
7.417701399683559e-02 1.887641552301894e-02 6.521204133887692e-04
7.432388273552094e-02 2.019285228861903e-02 6.520301741595846e-04
7.447075137666670e-02 2.029087444807370e-02 6.429225816056249e-04
7.461761992008017e-02 1.964684415065275e-02 6.478099494237866e-04
7.476448836556873e-02 2.116858162334982e-02 6.427040508202188e-04
7.491135671293978e-02 1.988495643668541e-02 6.442515375671483e-04
7.505822496200062e-02 2.060730039468730e-02 6.398531054634987e-04
7.520509311255867e-02 2.107114014938002e-02 6.443561658976610e-04
7.535196116442125e-02 1.910838322089901e-02 6.442696684730550e-04
7.549882911739574e-02 2.147091975134291e-02 6.471389309965206e-04
7.564569697128951e-02 1.954111078685207e-02 6.436975567872793e-04
7.579256472590988e-02 2.083484686606798e-02 6.413823072968511e-04
7.593943238106428e-02 2.029796467205608e-02 6.393816066379045e-04
7.608629993656001e-02 2.031152667849306e-02 6.394347222021275e-04
7.623316739220451e-02 2.052044804028201e-02 6.322766403442818e-04
7.638003474780510e-02 2.031276700562016e-02 6.343966192428007e-04
7.652690200316913e-02 1.927273682380160e-02 6.425010355906125e-04
7.667376915810399e-02 1.927418324866005e-02 6.380614409286429e-04
7.682063621241707e-02 1.996270527600171e-02 6.408008250092140e-04
7.696750316591573e-02 1.971456612423305e-02 6.351401174738659e-04
7.711437001840733e-02 1.977610266941357e-02 6.409059423290896e-04
7.726123676969926e-02 2.017223298055928e-02 6.348625859250459e-04
7.740810341959885e-02 2.030431969452055e-02 6.358776553255074e-04
7.755496996791353e-02 1.907975723143317e-02 6.321732968427004e-04
7.770183641445062e-02 1.923940408694639e-02 6.343944625432734e-04
7.784870275901755e-02 2.066047257212757e-02 6.392770885106514e-04
7.799556900142161e-02 2.035427516030547e-02 6.318638393194324e-04
7.814243514147029e-02 1.871732340882705e-02 6.320847973988925e-04
7.828930117897089e-02 2.036907339447228e-02 6.318180302519964e-04
7.843616711373082e-02 1.956354793212905e-02 6.340515547893627e-04
7.858303294555745e-02 1.997439372740355e-02 6.306902686224542e-04
7.872989867425814e-02 2.021421216031848e-02 6.238348942471375e-04
7.887676429964030e-02 2.031158995597087e-02 6.248359459547126e-04
7.902362982151130e-02 1.973250707764642e-02 6.283582308365396e-04
7.917049523967849e-02 2.071485434395485e-02 6.347638394137154e-04
7.931736055394929e-02 1.983358626846225e-02 6.235745880439048e-04
7.946422576413109e-02 2.096941750277831e-02 6.308372681471784e-04
7.961109087003126e-02 1.942783673150384e-02 6.344131681629767e-04
7.975795587145719e-02 1.935633298601528e-02 6.218485132002313e-04
7.990482076821626e-02 1.844253821546886e-02 6.246504313149599e-04
8.005168556011584e-02 1.887803266207938e-02 6.205105578882482e-04
8.019855024696333e-02 1.993992209441229e-02 6.280026123939244e-04
8.034541482856614e-02 1.872889497496342e-02 6.232445209165500e-04
8.049227930473164e-02 1.944575003114940e-02 6.300517296373437e-04
8.063914367526719e-02 2.002770245807535e-02 6.239773055052931e-04
8.078600793998023e-02 1.993900097801077e-02 6.221878590049806e-04
8.093287209867814e-02 2.033207766948397e-02 6.254239265170841e-04
8.107973615116830e-02 1.946406289692276e-02 6.206386355055896e-04
8.122660009725811e-02 1.919203254872986e-02 6.095064012591870e-04
8.137346393675496e-02 1.892622538098445e-02 6.184761717067487e-04
8.152032766946624e-02 1.955054813164310e-02 6.175284198137769e-04
8.166719129519935e-02 1.886917662662841e-02 6.154411981957289e-04
8.181405481376169e-02 1.979364120785878e-02 6.167954002473324e-04
8.196091822496063e-02 1.885035938434752e-02 6.150598116383671e-04
8.210778152860361e-02 1.876597444041660e-02 6.211838406753098e-04
8.225464472449802e-02 1.840488688196120e-02 6.120932026900036e-04
8.240150781245126e-02 1.958636468814874e-02 6.188495303000322e-04
8.254837079227068e-02 1.984155450474912e-02 6.122640014358662e-04
8.269523366376372e-02 1.832719437496429e-02 6.166365959440132e-04
8.284209642673782e-02 1.876144678832827e-02 6.168088192256802e-04
8.298895908100032e-02 1.862128947594464e-02 6.172242694776879e-04
8.313582162635863e-02 1.849537137983970e-02 6.103097657974905e-04
8.328268406262020e-02 1.929939379400259e-02 6.075648257590759e-04
8.342954638959241e-02 1.887129331921122e-02 6.133865458810939e-04
8.357640860708263e-02 1.842353944597412e-02 6.121843896822562e-04
8.372327071489834e-02 1.965299714088530e-02 6.085529669285120e-04
8.387013271284686e-02 1.879768380084915e-02 6.117966291588075e-04
8.401699460073567e-02 2.047150809832647e-02 6.051820931246282e-04
8.416385637837218e-02 1.943391044112850e-02 6.086817207647782e-04
8.431071804556375e-02 1.802792788325060e-02 6.068957328125769e-04
8.445757960211780e-02 1.925508589591279e-02 6.105249582124142e-04
8.460444104784176e-02 1.836110793585029e-02 6.105435385932182e-04
8.475130238254304e-02 1.915628145809462e-02 6.057981366481949e-04
8.489816360602907e-02 1.826262023781590e-02 6.155674586424058e-04
8.504502471810724e-02 1.820704119411820e-02 6.007211518784595e-04
8.519188571858496e-02 1.886688228435779e-02 6.060906428298755e-04
8.533874660726967e-02 1.806980845391693e-02 6.057311508273986e-04
8.548560738396878e-02 1.798447635676404e-02 6.041336929523068e-04
8.563246804848969e-02 1.862460278105151e-02 6.027197639147517e-04
8.577932860063983e-02 1.765942229306648e-02 6.042830932652622e-04
8.592618904022660e-02 1.835839220729537e-02 5.993746028680341e-04
8.607304936705747e-02 1.890326306170233e-02 6.028277036600496e-04
8.621990958093982e-02 1.771993025160440e-02 5.943612034113084e-04
8.636676968168105e-02 1.807769365311417e-02 6.028709050870605e-04
8.651362966908867e-02 1.972408358283453e-02 6.056736997953722e-04
8.666048954297001e-02 1.870628958056156e-02 5.995729265309399e-04
8.680734930313255e-02 1.868466562723959e-02 6.009472636248771e-04
8.695420894938369e-02 1.861342580318575e-02 5.981221474313009e-04
8.710106848153085e-02 1.881644177674296e-02 6.047845787303383e-04
8.724792789938152e-02 1.801674416240048e-02 5.943928481437097e-04
8.739478720274303e-02 1.873145444455907e-02 5.988707875085745e-04
8.754164639142284e-02 1.813228274384454e-02 5.993986745467325e-04
8.768850546522844e-02 1.837676940459511e-02 5.961276598184271e-04
8.783536442396719e-02 1.783108795403739e-02 5.977936717270128e-04
8.798222326744658e-02 1.791208514016890e-02 5.962052160992637e-04
8.812908199547397e-02 1.703967816620672e-02 5.918323786269843e-04
8.827594060785686e-02 1.763273765356196e-02 5.999190947613505e-04
8.842279910440262e-02 1.704450890991568e-02 5.939701788645827e-04
8.856965748491875e-02 1.841559527883155e-02 5.945367194133506e-04
8.871651574921269e-02 1.745337560507981e-02 5.913168445632200e-04
8.886337389709180e-02 1.701083274763925e-02 5.933413630949466e-04
8.901023192836355e-02 1.701513474448011e-02 5.910771512776281e-04
8.915708984283539e-02 1.750273214085992e-02 5.932614831770351e-04
8.930394764031480e-02 1.780604469364976e-02 5.898640710542616e-04
8.945080532060913e-02 1.745209900915911e-02 5.970593517589188e-04
8.959766288352591e-02 1.851387586676999e-02 5.874611233839623e-04
8.974452032887251e-02 1.776105942570918e-02 5.900145622298254e-04
8.989137765645640e-02 1.794565662912678e-02 5.874049845574636e-04
9.003823486608507e-02 1.772344519910932e-02 5.841876315037605e-04
9.018509195756588e-02 1.826364413099966e-02 5.929605429127510e-04
9.033194893070630e-02 1.741466752621593e-02 5.826823940389045e-04
9.047880578531384e-02 1.704567382639650e-02 5.930443114741389e-04
9.062566252119587e-02 1.751944137283934e-02 5.841330329452510e-04
9.077251913815987e-02 1.652822284390177e-02 5.836251116061710e-04
9.091937563601328e-02 1.708446681755373e-02 5.887349639466423e-04
9.106623201456360e-02 1.816565186744382e-02 5.883077636486341e-04
9.121308827361818e-02 1.780865162157598e-02 5.847519058372410e-04
9.135994441298455e-02 1.733754641454364e-02 5.854009227526845e-04
9.150680043247014e-02 1.721408714246054e-02 5.799908163844062e-04
9.165365633188237e-02 1.860114739687394e-02 5.867454835102687e-04
9.180051211102878e-02 1.722661609641515e-02 5.806688943215000e-04
9.194736776971676e-02 1.695886719081295e-02 5.842629873152213e-04
9.209422330775377e-02 1.657943298640415e-02 5.818165781861569e-04
9.224107872494727e-02 1.744227087920552e-02 5.797504802646703e-04
9.238793402110473e-02 1.731449491457372e-02 5.801428005769251e-04
9.253478919603364e-02 1.808212150993955e-02 5.788472327551777e-04
9.268164424954135e-02 1.672854008034321e-02 5.793381408013861e-04
9.282849918143544e-02 1.721365040377327e-02 5.764234814854164e-04
9.297535399152332e-02 1.819362494247552e-02 5.833092074959451e-04
9.312220867961245e-02 1.571914101154923e-02 5.768033175093303e-04
9.326906324551029e-02 1.736529277392367e-02 5.759924043952591e-04
9.341591768902432e-02 1.639331715268037e-02 5.771234173712188e-04
9.356277200996202e-02 1.726525477667946e-02 5.814031623695947e-04
9.370962620813084e-02 1.700482945547024e-02 5.759671303897830e-04
9.385648028333822e-02 1.675036621225560e-02 5.806349463628633e-04
9.400333423539166e-02 1.699437787007451e-02 5.711884987505297e-04
9.415018806409861e-02 1.673051841273792e-02 5.772515945759060e-04
9.429704176926657e-02 1.580351559887716e-02 5.694812903673520e-04
9.444389535070297e-02 1.787392970644036e-02 5.737113677743527e-04
9.459074880821530e-02 1.614673022202843e-02 5.737770911429524e-04
9.473760214161106e-02 1.645345070743818e-02 5.732882191700489e-04
9.488445535069767e-02 1.703111702117026e-02 5.785808974951897e-04
9.503130843528265e-02 1.564718635555359e-02 5.680749663681618e-04
9.517816139517343e-02 1.770739280455914e-02 5.766064785715129e-04
9.532501423017756e-02 1.688976660832354e-02 5.686811012737006e-04
9.547186694010244e-02 1.619141603293512e-02 5.696615628070322e-04
9.561871952475558e-02 1.688462780625290e-02 5.722076026758163e-04
9.576557198394450e-02 1.669912354168006e-02 5.724754147400984e-04
9.591242431747660e-02 1.631429935396243e-02 5.701071284082324e-04
9.605927652515940e-02 1.601156314243600e-02 5.662135009811485e-04
9.620612860680040e-02 1.732843227177775e-02 5.676773584804401e-04
9.635298056220708e-02 1.679140550159158e-02 5.682829571845754e-04
9.649983239118688e-02 1.589562170212716e-02 5.691933563057648e-04
9.664668409354732e-02 1.625090473468227e-02 5.671625636174802e-04
9.679353566909588e-02 1.630988104961370e-02 5.659236234457372e-04
9.694038711764005e-02 1.535959993799877e-02 5.663238454530773e-04
9.708723843898734e-02 1.579508793290549e-02 5.647289317747058e-04
9.723408963294519e-02 1.670581645956841e-02 5.660495051744357e-04
9.738094069932111e-02 1.558888230262388e-02 5.647427866940432e-04
9.752779163792259e-02 1.559290103259639e-02 5.602633151208272e-04
9.767464244855714e-02 1.642390539055823e-02 5.665881043704239e-04
9.782149313103225e-02 1.597997289906586e-02 5.667824548821225e-04
9.796834368515536e-02 1.655276089066632e-02 5.661088939340497e-04
9.811519411073406e-02 1.579625303062732e-02 5.582174705987738e-04
9.826204440757576e-02 1.600988139086721e-02 5.620720121330014e-04
9.840889457548796e-02 1.675024898487510e-02 5.661421658754306e-04
9.855574461427828e-02 1.574263793196432e-02 5.582844385311905e-04
9.870259452375403e-02 1.523468738650999e-02 5.606244877184694e-04
9.884944430372282e-02 1.671666928744129e-02 5.610596153950698e-04
9.899629395399215e-02 1.644493677280843e-02 5.662271521761302e-04
9.914314347436951e-02 1.588070220861396e-02 5.622758277694610e-04
9.928999286466240e-02 1.547859837087180e-02 5.527886485840046e-04
9.943684212467831e-02 1.608777237113643e-02 5.647022403420322e-04
9.958369125422474e-02 1.584947276581894e-02 5.608383376233242e-04
9.973054025310922e-02 1.447076184820605e-02 5.568251805046293e-04
9.987738912113926e-02 1.521287617378218e-02 5.558084511054925e-04
1.000242378581224e-01 1.588470371685470e-02 5.587702967205679e-04
1.001710864638660e-01 1.485607179472981e-02 5.693006595291040e-04
1.003179349381778e-01 1.591096165966235e-02 5.749506931441451e-04
1.004647832808650e-01 1.514102284337089e-02 5.836760141650898e-04
1.006116314917355e-01 1.542106192847880e-02 5.820547337781086e-04
1.007584795705964e-01 1.464112554699530e-02 5.858041772860358e-04
1.009053275172555e-01 1.501109328792648e-02 5.958225526078971e-04
1.010521753315203e-01 1.508223150265110e-02 5.913710207711334e-04
1.011990230131982e-01 1.503567673839804e-02 5.931740366905328e-04
1.013458705620967e-01 1.590110581185099e-02 6.019067744112971e-04
1.014927179780235e-01 1.444063307114987e-02 6.036416829022370e-04
1.016395652607859e-01 1.585095054728357e-02 6.140047226895085e-04
1.017864124101916e-01 1.556750697675447e-02 6.009574086262007e-04
1.019332594260479e-01 1.523528434560659e-02 6.117737342873239e-04
1.020801063081626e-01 1.506034129022059e-02 6.065215040316924e-04
1.022269530563430e-01 1.361858418158641e-02 6.135690578765544e-04
1.023737996703967e-01 1.416308759159715e-02 6.118594929232641e-04
1.025206461501313e-01 1.521808992214402e-02 6.133088720628870e-04
1.026674924953542e-01 1.580142741026741e-02 6.244250338003472e-04
1.028143387058730e-01 1.416689343395912e-02 6.234355880146539e-04
1.029611847814952e-01 1.598848999130713e-02 6.085963355541503e-04
1.031080307220284e-01 1.455869653245214e-02 6.010363930334409e-04
1.032548765272800e-01 1.483212141941852e-02 6.006158644725270e-04
1.034017221970575e-01 1.431576063696669e-02 5.954609883703943e-04
1.035485677311687e-01 1.558149996519602e-02 5.908464734372698e-04
1.036954131294208e-01 1.466079786873587e-02 5.893489822545934e-04
1.038422583916216e-01 1.362917138937999e-02 5.865696619603513e-04
1.039891035175785e-01 1.433724873119297e-02 5.816851239495820e-04
1.041359485070990e-01 1.433268770952842e-02 5.847965046352157e-04
1.042827933599908e-01 1.497008422499201e-02 5.785257715487438e-04
1.044296380760613e-01 1.457624650110410e-02 5.799738140496798e-04
1.045764826551180e-01 1.408056790088418e-02 5.781886608617738e-04
1.047233270969686e-01 1.507184736530252e-02 5.784218996891880e-04
1.048701714014205e-01 1.442772737234318e-02 5.720274805702578e-04
1.050170155682814e-01 1.381093687038175e-02 5.746554839765227e-04
1.051638595973586e-01 1.435685697471992e-02 5.748198766724159e-04
1.053107034884598e-01 1.362813468820393e-02 5.694944238489444e-04
1.054575472413926e-01 1.494664731251451e-02 5.723998876670996e-04
1.056043908559644e-01 1.467741062992434e-02 5.697763676609073e-04
1.057512343319829e-01 1.462563014836366e-02 5.721827849763341e-04
1.058980776692555e-01 1.443035836558841e-02 5.638147875403545e-04
1.060449208675899e-01 1.365814433680005e-02 5.662658424160884e-04
1.061917639267934e-01 1.447749630247944e-02 5.626143224117862e-04
1.063386068466738e-01 1.397923079242877e-02 5.642625974651962e-04
1.064854496270386e-01 1.508313490222211e-02 5.688684657349422e-04
1.066322922676953e-01 1.552900341247910e-02 5.633954111104967e-04
1.067791347684515e-01 1.362716362833868e-02 5.624145267816142e-04
1.069259771291147e-01 1.338773307219960e-02 5.613724299693753e-04
1.070728193494925e-01 1.295158538875197e-02 5.571955097981510e-04
1.072196614293924e-01 1.396485909350057e-02 5.616891245478619e-04
1.073665033686221e-01 1.460743205564666e-02 5.566133880138842e-04
1.075133451669889e-01 1.362634782035388e-02 5.566798925679969e-04
1.076601868243007e-01 1.324052360897307e-02 5.597207170599300e-04
1.078070283403648e-01 1.357782372562906e-02 5.549471369896116e-04
1.079538697149888e-01 1.358610168717779e-02 5.564699263183367e-04
1.081007109479804e-01 1.348617928301551e-02 5.517825288298623e-04
1.082475520391470e-01 1.239687641097493e-02 5.555702307499154e-04
1.083943929882962e-01 1.387547619151704e-02 5.547327984037881e-04
1.085412337952357e-01 1.418436514266451e-02 5.489447965182957e-04
1.086880744597730e-01 1.234447878642441e-02 5.560757241725774e-04
1.088349149817155e-01 1.395812516377591e-02 5.465953149004464e-04
1.089817553608711e-01 1.290022696747290e-02 5.532427807795715e-04
1.091285955970470e-01 1.368816919218926e-02 5.512564263907894e-04
1.092754356900511e-01 1.260167397887765e-02 5.441773616868010e-04
1.094222756396908e-01 1.367372037499185e-02 5.518101964088588e-04
1.095691154457736e-01 1.443919859167399e-02 5.428797004267368e-04
1.097159551081073e-01 1.431274273606373e-02 5.469265541471844e-04
1.098627946264993e-01 1.243976889124242e-02 5.378324688092353e-04
1.100096340007572e-01 1.335645255011116e-02 5.430392410295525e-04
1.101564732306887e-01 1.276821129939968e-02 5.433125311656474e-04
1.103033123161012e-01 1.266914106838101e-02 5.381526577542861e-04
1.104501512568025e-01 1.272394769400697e-02 5.416169363148910e-04
1.105969900525999e-01 1.337250511685451e-02 5.326548028233072e-04
1.107438287033013e-01 1.270770608329247e-02 5.417391982009966e-04
1.108906672087140e-01 1.310102194435511e-02 5.411160465331888e-04
1.110375055686457e-01 1.295639044988239e-02 5.453385963960388e-04
1.111843437829041e-01 1.310570394090067e-02 5.555148866256821e-04
1.113311818512966e-01 1.317707802524494e-02 5.555714309890588e-04
1.114780197736309e-01 1.316344666373595e-02 5.657639387780180e-04
1.116248575497145e-01 1.217792824829911e-02 5.632771114775096e-04
1.117716951793551e-01 1.305145968331907e-02 5.702120258092270e-04
1.119185326623603e-01 1.340992076231573e-02 5.790618150376983e-04
1.120653699985375e-01 1.230887334223139e-02 5.696865288570087e-04
1.122122071876945e-01 1.268494387336775e-02 5.774843394540845e-04
1.123590442296388e-01 1.253968991838129e-02 5.748919867482497e-04
1.125058811241781e-01 1.221779845769013e-02 5.868581404979890e-04
1.126527178711198e-01 1.272157800990263e-02 5.872287476429341e-04
1.127995544702717e-01 1.248011273977888e-02 5.835932630362822e-04
1.129463909214413e-01 1.256363161108126e-02 5.860689942264630e-04
1.130932272244362e-01 1.223782787620956e-02 5.767942444883517e-04
1.132400633790640e-01 1.324986014415984e-02 5.832293006674157e-04
1.133868993851323e-01 1.305048911691621e-02 5.782393524375165e-04
1.135337352424488e-01 1.270588212781570e-02 5.877049801841328e-04
1.136805709508210e-01 1.124846975777495e-02 5.862020044567119e-04
1.138274065100565e-01 1.293714757464698e-02 5.823062753968520e-04
1.139742419199631e-01 1.257510500493077e-02 5.841591795327358e-04
1.141210771803480e-01 1.318541189333192e-02 5.852908915385738e-04
1.142679122910192e-01 1.221180551174594e-02 5.898799350768201e-04
1.144147472517842e-01 1.296006906798965e-02 5.920246885924224e-04
1.145615820624505e-01 1.240495156003175e-02 5.837951905043605e-04
1.147084167228259e-01 1.254551535506018e-02 5.904462156897689e-04
1.148552512327178e-01 1.215423473246623e-02 5.840821776997238e-04
1.150020855919340e-01 1.244439320780815e-02 5.864146693211532e-04
1.151489198002821e-01 1.206196783001163e-02 5.926165552164391e-04
1.152957538575695e-01 1.193412756272343e-02 5.867687914691408e-04
1.154425877636041e-01 1.316160560591340e-02 5.962028194938653e-04
1.155894215181933e-01 1.286706194081449e-02 5.833852499675725e-04
1.157362551211449e-01 1.210683036843993e-02 5.920753572822455e-04
1.158830885722664e-01 1.215979445202050e-02 5.969785516816150e-04
1.160299218713654e-01 1.116701564455516e-02 5.921297759192272e-04
1.161767550182498e-01 1.096635871781120e-02 5.941675537366444e-04
1.163235880127268e-01 1.211896732471657e-02 5.864138397858366e-04
1.164704208546044e-01 1.138184679886298e-02 5.940192642495075e-04
1.166172535436900e-01 1.183236997641619e-02 5.939454698690373e-04
1.167640860797913e-01 1.152662585874148e-02 5.877222258411510e-04
1.169109184627159e-01 1.206757740333282e-02 5.924774562978480e-04
1.170577506922715e-01 1.157550654827756e-02 5.929659208494737e-04
1.172045827682657e-01 1.168700204466330e-02 5.956298940134708e-04
1.173514146905061e-01 1.107958645449486e-02 5.903077076768754e-04
1.174982464588003e-01 1.203980864138279e-02 5.911718789319522e-04
1.176450780729561e-01 1.103461005588332e-02 5.957853961027037e-04
1.177919095327811e-01 1.084387021594335e-02 5.967000006710034e-04
1.179387408380827e-01 1.072792631237203e-02 5.928108597899057e-04
1.180855719886688e-01 1.090036821494767e-02 5.940554380706038e-04
1.182324029843469e-01 1.117406121795752e-02 5.997368262925752e-04
1.183792338249248e-01 1.150284376357297e-02 5.976949659135181e-04
1.185260645102099e-01 1.084653783846258e-02 5.936063287778465e-04
1.186728950400101e-01 1.138056879561955e-02 5.913670536697356e-04
1.188197254141328e-01 1.168364406843055e-02 5.998150650027716e-04
1.189665556323859e-01 1.059796279722061e-02 6.043504333541704e-04
1.191133856945769e-01 1.143217685231147e-02 5.965715608350712e-04
1.192602156005134e-01 1.152860634854657e-02 5.993888242761748e-04
1.194070453500032e-01 1.144504948141044e-02 5.974948987839527e-04
1.195538749428538e-01 1.189287827021033e-02 5.981056531065464e-04
1.197007043788729e-01 1.017051678126641e-02 6.003690368332839e-04
1.198475336578682e-01 1.188568290470098e-02 5.955137660057324e-04
1.199943627796474e-01 1.118838993658318e-02 6.035569167814927e-04
1.201411917440180e-01 1.062536021449063e-02 5.937675121116457e-04
1.202880205507879e-01 1.068253641495504e-02 5.974353809657750e-04
1.204348491997644e-01 1.058705653002749e-02 5.978979686760058e-04
1.205816776907555e-01 1.093770542228823e-02 5.981603981778072e-04
1.207285060235687e-01 1.031948090571263e-02 6.013943731491911e-04
1.208753341980116e-01 1.041199007335949e-02 5.983717139205029e-04
1.210221622138920e-01 1.040544100433971e-02 5.940680880302628e-04
1.211689900710175e-01 1.145042894407020e-02 5.956549947879921e-04
1.213158177691958e-01 1.056714027528631e-02 5.982129727517137e-04
1.214626453082345e-01 1.118850907679907e-02 6.069396346065595e-04
1.216094726879414e-01 1.080327880093250e-02 5.979295301779811e-04
1.217562999081240e-01 1.016967098704812e-02 5.964694703032773e-04
1.219031269685900e-01 9.999846182625383e-03 5.972414208608981e-04
1.220499538691473e-01 1.039962952143873e-02 6.007901759244247e-04
1.221967806096032e-01 1.040146122773414e-02 5.998960186863050e-04
1.223436071897657e-01 1.129295810565198e-02 5.937122260191722e-04
1.224904336094423e-01 9.232920472904046e-03 5.990737279396677e-04
1.226372598684407e-01 1.045698699911929e-02 6.027176151736515e-04
1.227840859665686e-01 9.539342682217530e-03 6.041849844749332e-04
1.229309119036337e-01 1.149920278998011e-02 6.025908006900417e-04
1.230777376794436e-01 1.064965712478061e-02 5.961689516216261e-04
1.232245632938061e-01 9.380787033238811e-03 6.038805334983467e-04
1.233713887465287e-01 1.121153131465464e-02 5.940309454661735e-04
1.235182140374194e-01 9.576990433228388e-03 6.023375122118975e-04
1.236650391662856e-01 1.028150714031029e-02 6.008211456887287e-04
1.238118641329350e-01 9.821336409348784e-03 6.004065980767272e-04
1.239586889371753e-01 1.007923482369882e-02 6.075399805907395e-04
1.241055135788144e-01 8.895417619192537e-03 5.984511068779223e-04
1.242523380576598e-01 9.681854750931970e-03 6.043516365583879e-04
1.243991623735193e-01 1.071500672048274e-02 6.009495126799598e-04
1.245459865262004e-01 1.085093546008516e-02 6.050528000629879e-04
1.246928105155109e-01 1.032921525043857e-02 6.036962707799175e-04
1.248396343412586e-01 9.765987241698641e-03 5.989060176305367e-04
1.249864580032510e-01 1.013881820784300e-02 6.020572639049743e-04
1.251332815012960e-01 9.934555433730305e-03 6.032237751182030e-04
1.252801048352011e-01 9.907357783519574e-03 6.040749312211864e-04
1.254269280047742e-01 9.179777201119298e-03 6.023354551068871e-04
1.255737510098228e-01 9.194171264500296e-03 5.999675436892359e-04
1.257205738501548e-01 9.006447126367988e-03 6.037176446785479e-04
1.258673965255777e-01 9.784525176507705e-03 6.040478604014405e-04
1.260142190358993e-01 8.945805413993650e-03 6.027242987791029e-04
1.261610413809274e-01 8.995585707974383e-03 6.039946362403918e-04
1.263078635604696e-01 1.078163121904925e-02 6.012458196525155e-04
1.264546855743336e-01 8.831840305091203e-03 6.048999228340421e-04
1.266015074223272e-01 9.669139805864908e-03 5.947674732324034e-04
1.267483291042580e-01 9.364382405265232e-03 5.992574984318849e-04
1.268951506199338e-01 9.275262943217382e-03 5.946277403986069e-04
1.270419719691622e-01 9.490256227007589e-03 6.007811549842346e-04
1.271887931517510e-01 1.018463113264127e-02 5.958350663697223e-04
1.273356141675080e-01 9.097108964040342e-03 5.967597376552469e-04
1.274824350162407e-01 9.139582902774146e-03 5.951487686632290e-04
1.276292556977570e-01 9.011217309165159e-03 5.951604405471404e-04
1.277760762118645e-01 8.641193289125527e-03 5.997256461752559e-04
1.279228965583711e-01 8.900406533379344e-03 5.935159936194842e-04
1.280697167370843e-01 9.336885402852959e-03 5.998124426164700e-04
1.282165367478119e-01 9.460195122572830e-03 6.021038440131721e-04
1.283633565903617e-01 9.673499487848436e-03 5.904391712275985e-04
1.285101762645414e-01 9.920968363895621e-03 6.014521141863381e-04
1.286569957701586e-01 9.838973855680831e-03 5.935844671941074e-04
1.288038151070212e-01 9.391630932693048e-03 5.959200940376497e-04
1.289506342749369e-01 1.015238138391280e-02 5.994502453051401e-04
1.290974532737133e-01 9.122072270741214e-03 5.930528609994489e-04
1.292442721031583e-01 7.906852545427088e-03 5.920119351030590e-04
1.293910907630794e-01 9.133820481694584e-03 5.937141733071510e-04
1.295379092532846e-01 8.926924533522711e-03 5.964316445414464e-04
1.296847275735815e-01 8.747744278897537e-03 5.958456719887199e-04
1.298315457237779e-01 8.785987708515535e-03 5.960428960178161e-04
1.299783637036815e-01 9.370406231409525e-03 6.058782859582528e-04
1.301251815131000e-01 9.336695519829578e-03 5.927553602173730e-04
1.302719991518412e-01 9.581540020638180e-03 6.006967420071426e-04
1.304188166197129e-01 7.830160488280134e-03 5.915615122880407e-04
1.305656339165226e-01 7.404349503610209e-03 6.000700861260946e-04
1.307124510420783e-01 9.244863086022058e-03 5.986927983835287e-04
1.308592679961877e-01 7.844432190668752e-03 5.954103695259911e-04
1.310060847786584e-01 9.211955537627896e-03 5.974197706305701e-04
1.311529013892983e-01 7.779242684047079e-03 5.952464106090140e-04
1.312997178279152e-01 8.493483044469358e-03 5.984648570894221e-04
1.314465340943166e-01 8.894809413924150e-03 5.962353280032702e-04
1.315933501883105e-01 8.652109952830136e-03 5.896389487474963e-04
1.317401661097045e-01 8.269677177870560e-03 5.948411579829090e-04
1.318869818583065e-01 7.959345059019352e-03 5.970101536638834e-04
1.320337974339242e-01 7.560320804142135e-03 5.977097411900088e-04
1.321806128363652e-01 9.629452722373229e-03 6.015102989296526e-04
1.323274280654375e-01 7.435856597942605e-03 5.952983063249156e-04
1.324742431209487e-01 8.388520180482495e-03 6.051398991301774e-04
1.326210580027065e-01 9.021802643589281e-03 5.942034089177014e-04
1.327678727105190e-01 7.810153768505874e-03 5.952446746437366e-04
1.329146872441935e-01 8.097724175591500e-03 5.943126576295072e-04
1.330615016035382e-01 8.722067784007005e-03 5.970554621794667e-04
1.332083157883606e-01 8.591863554405901e-03 5.949692158926568e-04
1.333551297984685e-01 7.889410087979708e-03 5.962315375274353e-04
1.335019436336697e-01 7.286605319025071e-03 5.966827373545625e-04
1.336487572937721e-01 8.340698763036176e-03 5.987499517550979e-04
1.337955707785833e-01 8.214767437045476e-03 6.064050980659930e-04
1.339423840879111e-01 7.814864067697734e-03 6.018813132225282e-04
1.340891972215633e-01 9.332549992262289e-03 5.991261649028004e-04
1.342360101793477e-01 9.508772916979514e-03 6.005718570528379e-04
1.343828229610720e-01 7.878393322918913e-03 5.875777891207307e-04
1.345296355665440e-01 7.803960184785263e-03 5.988439200043656e-04
1.346764479955716e-01 7.446539413380634e-03 5.929156939619252e-04
1.348232602479625e-01 8.026499499594410e-03 6.005215021904580e-04
1.349700723235245e-01 7.668295834713636e-03 5.961531015734242e-04
1.351168842220653e-01 8.279874741075530e-03 5.929623774663169e-04
1.352636959433928e-01 8.028551781279966e-03 5.964683088294517e-04
1.354105074873147e-01 9.073219323608031e-03 5.927188933145324e-04
1.355573188536388e-01 8.368449953378413e-03 6.034924778494404e-04
1.357041300421729e-01 7.850335401870849e-03 5.970998240477595e-04
1.358509410527249e-01 8.139395778654301e-03 6.033428612940283e-04
1.359977518851024e-01 7.070360885456361e-03 6.003804247295739e-04
1.361445625391133e-01 7.884497567557370e-03 5.911918953858109e-04
1.362913730145654e-01 7.323427765067895e-03 5.935380576880193e-04
1.364381833112665e-01 8.342471749942562e-03 5.943812430314082e-04
1.365849934290243e-01 7.569926933041956e-03 5.954210980971019e-04
1.367318033676468e-01 7.219829262465303e-03 6.025987775713013e-04
1.368786131269416e-01 7.987736678722636e-03 5.951137689413727e-04
1.370254227067166e-01 9.398624820072725e-03 6.026082116189551e-04
1.371722321067795e-01 7.292977295223665e-03 5.910273466166666e-04
1.373190413269383e-01 8.693375787498637e-03 6.000426675841906e-04
1.374658503670007e-01 6.907468341657403e-03 5.980337534768637e-04
1.376126592267744e-01 7.248799769035255e-03 5.956085133013025e-04
1.377594679060673e-01 7.182164647477222e-03 6.057522277388888e-04
1.379062764046873e-01 7.174169167906842e-03 5.919615594981517e-04
1.380530847224421e-01 6.815751774810781e-03 5.984571426966144e-04
1.381998928591395e-01 6.427289282223426e-03 6.014256492613248e-04
1.383467008145873e-01 7.217693204344859e-03 5.956475251724064e-04
1.384935085885935e-01 7.458045294275463e-03 6.003956418911521e-04
1.386403161809657e-01 6.907297128206790e-03 5.885705214611039e-04
1.387871235915119e-01 7.823296443316167e-03 5.989408872458683e-04
1.389339308200397e-01 7.517486142602188e-03 6.000721481211559e-04
1.390807378663571e-01 6.648385122565301e-03 5.924904331354983e-04
1.392275447302719e-01 8.704598279609068e-03 6.059274828066029e-04
1.393743514115918e-01 8.089760197818690e-03 5.968396437765505e-04
1.395211579101248e-01 7.226898682858554e-03 6.043749794269618e-04
1.396679642256785e-01 6.681559615261834e-03 6.002264225329361e-04
1.398147703580609e-01 6.463446554796319e-03 5.931225705424486e-04
1.399615763070799e-01 6.295637851187314e-03 5.965854262219032e-04
1.401083820725432e-01 5.774481613845058e-03 5.986799654421614e-04
1.402551876542587e-01 6.136070331448294e-03 6.009393930341582e-04
1.404019930520340e-01 7.458009713448259e-03 6.026313784764375e-04
1.405487982656773e-01 6.953807915335458e-03 6.053568358307934e-04
1.406956032949962e-01 5.848925154690566e-03 6.156137347149328e-04
1.408424081397986e-01 7.828700536051105e-03 6.364931687934169e-04
1.409892127998923e-01 7.356618359401607e-03 6.403502249790000e-04
1.411360172750852e-01 6.015313626393399e-03 6.472390002382104e-04
1.412828215651852e-01 6.216304894039102e-03 6.536506460121474e-04
1.414296256699999e-01 7.456326034143103e-03 6.539042855297377e-04
1.415764295893374e-01 6.615331763070182e-03 6.666118509404854e-04
1.417232333230055e-01 7.063644977426137e-03 6.661398153676084e-04
1.418700368708119e-01 7.228593871841007e-03 6.826076664255261e-04
1.420168402325645e-01 6.115916592824905e-03 6.902616941468646e-04
1.421636434080713e-01 6.922647123128101e-03 6.852916078009403e-04
1.423104463971400e-01 7.079666518856077e-03 7.062255115607306e-04
1.424572491995785e-01 6.387251608784315e-03 7.031926155761656e-04
1.426040518151946e-01 5.617881845646302e-03 7.138066240575461e-04
1.427508542437963e-01 5.996941476254512e-03 7.038336934410897e-04
1.428976564851913e-01 6.312825402463069e-03 7.199900298893034e-04
1.430444585391876e-01 6.163671518280694e-03 7.244447487407561e-04
1.431912604055929e-01 6.089863196615958e-03 7.315193990064166e-04
1.433380620842152e-01 6.662684521363654e-03 7.320083460289536e-04
1.434848635748623e-01 6.469488549377429e-03 7.325121112919996e-04
1.436316648773420e-01 7.923570258878378e-03 7.497248951060768e-04
1.437784659914622e-01 6.235932899855287e-03 7.525725727820993e-04
1.439252669170309e-01 5.525910976846857e-03 7.631039089934891e-04
1.440720676538558e-01 6.730638127086189e-03 7.494519610172489e-04
1.442188682017449e-01 6.304672717882236e-03 7.653711137001435e-04
1.443656685605060e-01 4.299971279051185e-03 7.664409630303196e-04
1.445124687299469e-01 5.202216944105826e-03 7.813793298678121e-04
1.446592687098756e-01 7.453816278641986e-03 7.854861232053064e-04
1.448060685000999e-01 5.046335877732388e-03 7.946613892837880e-04
1.449528681004278e-01 7.635734518430540e-03 7.951426328727772e-04
1.450996675106670e-01 7.244064368907055e-03 8.030395151091168e-04
1.452464667306255e-01 6.379216416186188e-03 7.910712811091655e-04
1.453932657601112e-01 7.027626618352063e-03 8.108718242411543e-04
1.455400645989318e-01 6.593837209434651e-03 8.161072555272663e-04
1.456868632468954e-01 5.053591131631091e-03 8.042135553938617e-04
1.458336617038097e-01 6.301700907292580e-03 8.183311856292042e-04
1.459804599694828e-01 6.453475532231937e-03 8.184605053225921e-04
1.461272580437224e-01 5.422119270424165e-03 8.339208724234380e-04
1.462740559263364e-01 6.467080052521769e-03 8.378160869685975e-04
1.464208536171328e-01 4.991889776681187e-03 8.450249666782176e-04
1.465676511159195e-01 6.290174835417136e-03 8.519982113511794e-04
1.467144484225043e-01 5.443546601975751e-03 8.447885241978835e-04
1.468612455366952e-01 7.273974171509412e-03 8.612073797117928e-04
1.470080424582999e-01 5.730863685886933e-03 8.653696417871526e-04
1.471548391871265e-01 4.669041200874557e-03 8.428724616848249e-04
1.473016357229828e-01 5.131765018256951e-03 8.765105677662464e-04
1.474484320656767e-01 5.932313104942139e-03 8.659792884561961e-04
1.475952282150162e-01 6.573448328845634e-03 8.804844639156789e-04
1.477420241708091e-01 5.874590222129183e-03 8.745503585777120e-04
1.478888199328633e-01 4.560061835838296e-03 8.715173691899176e-04
1.480356155009868e-01 5.804217270211727e-03 8.854779386268692e-04
1.481824108749874e-01 4.666028137805816e-03 8.686066547137577e-04
1.483292060546731e-01 4.809777939740293e-03 8.945818592236513e-04
1.484760010398518e-01 5.093587759300123e-03 8.671019042051307e-04
1.486227958303313e-01 4.717985747392755e-03 9.002105366707941e-04
1.487695904259196e-01 4.421709474572305e-03 9.047870515232967e-04
1.489163848264247e-01 5.217326047537242e-03 8.743116154708964e-04
1.490631790316544e-01 4.353907143837331e-03 9.139502866242040e-04
1.492099730414167e-01 5.794006404207291e-03 9.474733183286201e-04
1.493567668555194e-01 4.210237397353839e-03 9.139198382690175e-04
1.495035604737705e-01 4.875188891692102e-03 9.119312506691614e-04
1.496503538959780e-01 5.252998524202776e-03 8.900264305428707e-04
1.497971471219496e-01 5.147356776891138e-03 9.194689289078014e-04
1.499439401514935e-01 6.110808751646192e-03 8.981139388421001e-04
1.500907329844174e-01 4.665476907437977e-03 9.213624737695346e-04
1.502375256205293e-01 4.985126422538028e-03 9.029036647866530e-04
1.503843180596373e-01 6.059646411349867e-03 9.164991201317739e-04
1.505311103015491e-01 3.580201250062489e-03 9.286933091262959e-04
1.506779023460727e-01 4.314968262984972e-03 8.986477036148786e-04
1.508246941930161e-01 5.121153293608400e-03 9.256778573132651e-04
1.509714858421872e-01 4.890141395792876e-03 9.099559078797427e-04
1.511182772933938e-01 5.989516705455146e-03 9.189923006099441e-04
1.512650685464441e-01 4.780397190050221e-03 9.381011128503213e-04
1.514118596011459e-01 3.884251950754144e-03 9.087335284575166e-04
1.515586504573071e-01 5.103690342540282e-03 9.310560074576226e-04
1.517054411147357e-01 4.422716349815952e-03 9.196811727606740e-04
1.518522315732397e-01 5.726310336207388e-03 9.436448670263890e-04
1.519990218326269e-01 4.472881801787952e-03 9.329329706800743e-04
1.521458118927054e-01 4.690005881961946e-03 9.221351867818407e-04
1.522926017532831e-01 4.835503006183142e-03 9.515543118260012e-04
1.524393914141679e-01 5.082427854125562e-03 9.353573903041637e-04
1.525861808751677e-01 3.983820605475002e-03 9.545639784120201e-04
1.527329701360906e-01 5.403694075796202e-03 9.522206427189843e-04
1.528797591967446e-01 5.499346313987241e-03 9.486960574426960e-04
1.530265480569374e-01 3.750644340662949e-03 9.698418589137745e-04
1.531733367164773e-01 6.056631640307017e-03 9.284343364009804e-04
1.533201251751719e-01 4.861033654115102e-03 9.693055582096241e-04
1.534669134328294e-01 4.243780026562255e-03 9.409434632857078e-04
1.536137014892578e-01 3.312736493649490e-03 9.664466864989948e-04
1.537604893442648e-01 3.808193393515730e-03 9.775723891819199e-04
1.539072769976586e-01 5.575775045287034e-03 9.716493298740105e-04
1.540540644492471e-01 4.976743606783122e-03 9.967585636537421e-04
1.542008516988383e-01 3.863163574962953e-03 9.717147513719591e-04
1.543476387462401e-01 4.905345085552900e-03 1.008189705635990e-03
1.544944255912605e-01 6.246378864902140e-03 9.970595091891756e-04
1.546412122337075e-01 4.247669503403341e-03 9.926023029269012e-04
1.547879986733890e-01 5.096111356634173e-03 9.951838724499146e-04
1.549347849101131e-01 5.278392036067924e-03 9.971260709004241e-04
1.550815709436878e-01 5.203369029450827e-03 1.002991919377523e-03
1.552283567739209e-01 2.941452352713435e-03 9.867564625328977e-04
1.553751424006205e-01 4.585561577636319e-03 1.011729585521115e-03
1.555219278235946e-01 4.458077223822238e-03 1.017380444876583e-03
1.556687130426511e-01 5.551232593226702e-03 1.020748485335796e-03
1.558154980575980e-01 3.114033368121951e-03 1.013575416128740e-03
1.559622828682433e-01 3.603795837839021e-03 1.009009506793509e-03
1.561090674743951e-01 3.188754396600406e-03 1.017714778404110e-03
1.562558518758612e-01 4.101612671288004e-03 1.022638777492650e-03
1.564026360724498e-01 4.304483104887642e-03 1.039589496207673e-03
1.565494200639687e-01 6.347516390598868e-03 1.031733862449035e-03
1.566962038502260e-01 4.895786961103140e-03 1.041124008009679e-03
1.568429874310297e-01 5.979580551952308e-03 1.061121464500270e-03
1.569897708061878e-01 3.339979558095623e-03 1.046074129943690e-03
1.571365539755082e-01 4.478532941916817e-03 1.052494937211590e-03
1.572833369387990e-01 3.649305812658332e-03 1.047108057460672e-03
1.574301196958682e-01 6.342779677269600e-03 1.053110367669247e-03
1.575769022465238e-01 3.465842301172282e-03 1.062168531406803e-03
1.577236845905738e-01 5.831718136353669e-03 1.039148517627533e-03
1.578704667278262e-01 4.045638557049983e-03 1.067292968019248e-03
1.580172486580890e-01 4.817292747884555e-03 1.072221164446547e-03
1.581640303811701e-01 4.810507805003251e-03 1.066854494426971e-03
1.583108118968778e-01 5.424384676684639e-03 1.091780246890305e-03
1.584575932050198e-01 4.591856227722509e-03 1.092093799908316e-03
1.586043743054044e-01 3.469365407617590e-03 1.105694718436779e-03
1.587511551978395e-01 4.071612600287851e-03 1.107957711742304e-03
1.588979358821330e-01 5.495564754703679e-03 1.108618947622291e-03
1.590447163580930e-01 4.283048917874576e-03 1.105909014378222e-03
1.591914966255276e-01 2.998099234727300e-03 1.096070166210181e-03
1.593382766842448e-01 6.112040913930047e-03 1.124760624149944e-03
1.594850565340525e-01 4.776474524708246e-03 1.121948391610179e-03
1.596318361747588e-01 3.405362174437594e-03 1.104713191125289e-03
1.597786156061718e-01 3.903973332460012e-03 1.137433671402504e-03
1.599253948280995e-01 1.926102118365371e-03 1.102465135985087e-03
1.600721738403499e-01 3.326672055516943e-03 1.143800054181964e-03
1.602189526427309e-01 2.548068542290433e-03 1.126294670023705e-03
1.603657312350509e-01 3.075273640391069e-03 1.161512726024252e-03
1.605125096171175e-01 4.731263345745055e-03 1.147198312183262e-03
1.606592877887390e-01 3.862403815869058e-03 1.147869590095666e-03
1.608060657497234e-01 2.103344563724666e-03 1.155847904449821e-03
1.609528434998787e-01 5.287777256964683e-03 1.173742411023437e-03
1.610996210390131e-01 4.447688913515228e-03 1.165142703974261e-03
1.612463983669344e-01 3.524006586311583e-03 1.176934822926824e-03
1.613931754834508e-01 2.924025069896890e-03 1.161942488883321e-03
1.615399523883702e-01 2.579710421438659e-03 1.183374412504627e-03
1.616867290815008e-01 2.887363318391927e-03 1.169912317544416e-03
1.618335055626506e-01 4.326491902067844e-03 1.212187819466663e-03
1.619802818316277e-01 2.573029848725743e-03 1.191236720652153e-03
1.621270578882401e-01 3.201773045880392e-03 1.193780036716276e-03
1.622738337322958e-01 1.737441487198837e-03 1.185148466578341e-03
1.624206093636030e-01 5.291124323423259e-03 1.218271899696422e-03
1.625673847819697e-01 2.619402549797535e-03 1.227221915613491e-03
1.627141599872038e-01 4.098435673193832e-03 1.231852531403951e-03
1.628609349791136e-01 1.729274511658215e-03 1.236756836957950e-03
1.630077097575070e-01 3.804298943342501e-03 1.233287924484781e-03
1.631544843221922e-01 4.633650539178662e-03 1.213950009661743e-03
1.633012586729772e-01 2.906995079228600e-03 1.237028374432215e-03
1.634480328096700e-01 2.392032643213485e-03 1.249550535733988e-03
1.635948067320787e-01 5.138515385107580e-03 1.271513253011636e-03
1.637415804400115e-01 4.548521278878557e-03 1.253599610828483e-03
1.638883539332764e-01 4.006153238825868e-03 1.279170972033992e-03
1.640351272116813e-01 6.494713867165170e-03 1.306483981453002e-03
1.641819002750345e-01 2.586248462348261e-03 1.292794930882850e-03
1.643286731231440e-01 2.679928369910825e-03 1.279830630994485e-03
1.644754457558179e-01 4.070547277894816e-03 1.289168633481827e-03
1.646222181728642e-01 5.349428083553908e-03 1.315775828162343e-03
1.647689903740911e-01 2.747091577882408e-03 1.300990344986587e-03
1.649157623593066e-01 1.715079492043090e-03 1.360612110927374e-03
1.650625341283188e-01 3.488897514250090e-03 1.311225885980608e-03
1.652093056809359e-01 2.506458533494850e-03 1.308425642262917e-03
1.653560770169658e-01 1.372530683742532e-03 1.344160196511139e-03
1.655028481362167e-01 3.302784122726026e-03 1.358098560694948e-03
1.656496190384967e-01 3.467372489802621e-03 1.359105926034030e-03
1.657963897236138e-01 2.661645945810711e-03 1.354714360164602e-03
1.659431601913762e-01 4.836239065260294e-03 1.362885062669589e-03
1.660899304415920e-01 3.183247764440195e-03 1.372110378373751e-03
1.662367004740692e-01 1.944693458752890e-03 1.396728570176979e-03
1.663834702886159e-01 2.335933459478656e-03 1.391759805171550e-03
1.665302398850404e-01 2.605759182317295e-03 1.405242687383281e-03
1.666770092631506e-01 1.754773971641884e-03 1.399827855727959e-03
1.668237784227546e-01 3.801499171022698e-03 1.426069217684754e-03
1.669705473636607e-01 3.785377311785356e-03 1.414591532616478e-03
1.671173160856769e-01 3.248556192663588e-03 1.439542783279691e-03
1.672640845886112e-01 4.180929216121618e-03 1.439345122461211e-03
1.674108528722718e-01 3.066254697951838e-03 1.440907589802135e-03
1.675576209364669e-01 -2.077993811934135e-04 1.471153643649848e-03
1.677043887810044e-01 5.044085052518771e-03 1.460595627599880e-03
1.678511564056927e-01 2.998858128355988e-03 1.499981558802012e-03
1.679979238103397e-01 7.893654593830044e-04 1.522005349917225e-03
1.681446909947535e-01 1.468039182768807e-03 1.477550324534781e-03
1.682914579587425e-01 2.157023199652244e-03 1.527040649205458e-03
1.684382247021145e-01 3.374516374410969e-03 1.507749767771616e-03
1.685849912246778e-01 3.150412920824722e-03 1.532795880766761e-03
1.687317575262405e-01 3.088919192391967e-03 1.570855922739220e-03
1.688785236066107e-01 1.658849007966634e-03 1.567718494423402e-03
1.690252894655966e-01 2.566349951095311e-03 1.580588875532253e-03
1.691720551030063e-01 1.445863268933027e-03 1.552654289497153e-03
1.693188205186478e-01 5.974333188393194e-04 1.582971806490877e-03
1.694655857123294e-01 3.886226555813012e-03 1.619933366469841e-03
1.696123506838591e-01 1.952747737381418e-03 1.646444382546119e-03
1.697591154330453e-01 1.158680065499453e-03 1.615660875601933e-03
1.699058799596958e-01 2.501753885366438e-03 1.651700242471111e-03
1.700526442636189e-01 3.919828325198440e-03 1.695372748021412e-03
1.701994083446229e-01 6.995531417888387e-03 1.670939380152087e-03
1.703461722025157e-01 1.182300109092790e-03 1.725241548960987e-03
1.704929358371055e-01 4.447004531427816e-03 1.673592387046429e-03
1.706396992482005e-01 2.191409942002261e-03 1.707186454328532e-03
1.707864624356089e-01 3.126630278933396e-03 1.725619839506023e-03
1.709332253991387e-01 3.895698944347954e-03 1.747830755351053e-03
1.710799881385982e-01 2.873738843018355e-03 1.793933268203414e-03
1.712267506537955e-01 2.019171438688230e-03 1.825939808306741e-03
1.713735129445388e-01 -1.126117247221505e-04 1.780566904108484e-03
1.715202750106361e-01 -9.131529594197119e-06 1.807567831566826e-03
1.716670368518958e-01 -1.384436642057552e-04 1.802387563443690e-03
1.718137984681258e-01 3.508490623759101e-03 1.885793385150212e-03
1.719605598591345e-01 3.693614728541864e-03 1.861346729683491e-03
1.721073210247299e-01 2.900464908130364e-03 1.839689219953074e-03
1.722540819647203e-01 2.698700542087573e-03 1.938209714169119e-03
1.724008426789137e-01 2.530241039735281e-03 1.968494603606861e-03
1.725476031671185e-01 1.625258355960901e-03 1.907845526998468e-03
1.726943634291426e-01 -3.503785943077247e-04 2.043411521882918e-03
1.728411234647944e-01 1.477301650899699e-03 2.051391204409106e-03
1.729878832738820e-01 5.092987282344587e-03 1.986607657712807e-03
1.731346428562135e-01 1.028929919326313e-03 2.089852150343880e-03
1.732814022115972e-01 4.680628789688334e-04 2.014270137278805e-03
1.734281613398412e-01 4.924560113497211e-04 2.118846092175007e-03
1.735749202407538e-01 1.582510881672769e-04 2.111257695553626e-03
1.737216789141430e-01 2.982928111864279e-03 2.196114657636302e-03
1.738684373598171e-01 6.422713424434307e-03 2.259563810693037e-03
1.740151955775843e-01 1.771428175688447e-03 2.163950385487715e-03
1.741619535672527e-01 3.782514433463163e-03 2.312413882091372e-03
1.743087113286306e-01 -4.975544572908550e-04 2.309960175500155e-03
1.744554688615261e-01 2.788605591688141e-03 2.328912077166451e-03
1.746022261657475e-01 2.014974449371068e-03 2.386297294714591e-03
1.747489832411029e-01 4.263604523596346e-03 2.490197838613485e-03
1.748957400874005e-01 8.684570791607928e-04 2.402109566064912e-03
1.750424967044485e-01 4.753794612035644e-03 2.523061011879970e-03
1.751892530920552e-01 -7.108401033933123e-04 2.617810848494110e-03
1.753360092500287e-01 3.304264203862013e-04 2.616754187104271e-03
1.754827651781772e-01 6.274811123268430e-03 2.673615609478469e-03
1.756295208763090e-01 6.219220539102656e-03 2.669774261793793e-03
1.757762763442323e-01 5.770827815615688e-03 2.804124865918602e-03
1.759230315817552e-01 1.585529600106919e-03 2.851278560318799e-03
1.760697865886859e-01 1.466798979254325e-03 2.970434329814765e-03
1.762165413648328e-01 6.894060014271296e-03 2.923764457472269e-03
1.763632959100039e-01 -8.331621850372989e-04 2.953891235524948e-03
1.765100502240076e-01 3.224557407232544e-03 3.158382953472968e-03
1.766568043066521e-01 -1.713167856876134e-03 3.193505092098740e-03
1.768035581577454e-01 -2.279415672506155e-03 3.281412450710108e-03
1.769503117770959e-01 5.673419051787222e-04 3.525756074304520e-03
1.770970651645119e-01 5.860589483743890e-03 3.532389873960510e-03
1.772438183198014e-01 8.038918288838015e-03 3.654888661218549e-03
1.773905712427729e-01 -4.626070793981390e-03 3.765523366974782e-03
1.775373239332344e-01 8.784763092475174e-03 3.935644534132575e-03
1.776840763909942e-01 7.381899140450212e-04 4.280201764229993e-03
1.778308286158606e-01 6.210100053842577e-03 4.679899500682542e-03
1.779775806076418e-01 -1.631658859021916e-03 4.767558766324754e-03
1.781243323661459e-01 4.131343787004852e-03 5.137414824174813e-03
1.782710838911813e-01 6.327546252239295e-03 5.889706678040839e-03
1.784178351825563e-01 -1.163126295840260e-02 5.917173352392313e-03
1.785645862400790e-01 3.132556746218849e-03 7.916501344005554e-03
1.787113370635576e-01 4.948982286035055e-03 7.949932604450306e-03
1.788580876528005e-01 -6.924893166563372e-03 1.040440295445806e-02
1.790048380076158e-01 -5.791467316505303e-04 1.151312241146298e-02
