<X> <Y> <dY>
8.813602216919226e-04 -6.288303842597259e+01 2.712044690742214e+00
1.028253589049351e-03 -6.476994136426012e+01 1.476491719282685e+00
1.175146955056984e-03 -3.188227216762890e+01 1.122866582596938e+00
1.322040319521992e-03 -2.390557486156774e+01 6.891575420565398e-01
1.468933682251548e-03 -1.759665698797423e+01 5.000675219944548e-01
1.615827043052824e-03 -1.113662998466961e+01 3.526979847299342e-01
1.762720401732992e-03 -7.530864921103496e+00 3.056478818472090e-01
1.909613758099223e-03 -5.721192730869709e+00 2.621389253930272e-01
2.056507111958691e-03 -4.542258169869005e+00 2.208861847287220e-01
2.203400463118568e-03 -2.009719702193758e+00 1.943304384570603e-01
2.350293811386024e-03 -2.662931393697746e+00 1.628746930791376e-01
2.497187156568232e-03 -2.069953915579298e+00 1.464490515401920e-01
2.644080498472365e-03 -1.544116456492101e+00 1.279825578603150e-01
2.790973836905595e-03 -1.193086113184438e+00 1.127045707021661e-01
2.937867171675094e-03 -9.411026149481263e-01 1.041624246858696e-01
3.084760502588034e-03 -6.928168917113016e-01 9.232422601857970e-02
3.231653829451588e-03 -5.188549417065236e-01 8.446966670205554e-02
3.378547152072927e-03 -4.942452869201941e-01 7.740914568832735e-02
3.525440470259224e-03 -2.760135155993651e-01 6.986851544205090e-02
3.672333783817651e-03 -2.893435495808583e-01 6.514596527966678e-02
3.819227092555382e-03 -2.593170506093043e-01 5.868201182998956e-02
3.966120396279587e-03 -2.110552377378605e-01 5.600879855249112e-02
4.113013694797441e-03 -1.647485855325911e-01 5.064437050684346e-02
4.259906987916115e-03 -1.555566210390527e-01 4.686574857149937e-02
4.406800275442781e-03 -1.738104166910651e-01 4.429948656666462e-02
4.553693557184614e-03 -1.142525552136903e-01 4.093716100293770e-02
4.700586832948783e-03 -1.184464502638088e-01 3.831441423711060e-02
4.847480102542463e-03 -2.430537374257028e-02 3.567487965951184e-02
4.994373365772829e-03 -1.200440269691738e-01 3.371357528460943e-02
5.141266622447048e-03 -1.619041423869621e-02 3.173024055617459e-02
5.288159872372297e-03 -4.668586945354525e-02 2.936596949429240e-02
5.435053115355749e-03 -2.575846418733390e-02 2.802161467963963e-02
5.581946351204576e-03 -4.862383780855776e-02 2.639790095783935e-02
5.728839579725948e-03 -3.381935014241194e-02 2.464395151073510e-02
5.875732800727044e-03 -2.821413131068861e-02 2.352777262546213e-02
6.022626014015034e-03 -5.516355670138854e-02 2.229069785063528e-02
6.169519219397089e-03 -3.519769229447142e-02 2.113506545499529e-02
6.316412416680385e-03 -1.395519330079728e-02 2.022902691919484e-02
6.463305605672094e-03 -1.884687436177983e-02 1.895547249343534e-02
6.610198786179393e-03 -1.247426808644507e-02 1.800733278170518e-02
6.757091958009447e-03 -1.476582385076495e-02 1.709595826154469e-02
6.903985120969439e-03 6.002670485590033e-03 1.633856149196419e-02
7.050878274866538e-03 3.105540289793225e-04 1.571024194598760e-02
7.197771419507919e-03 1.206092571898681e-02 1.472227813559629e-02
7.344664554700750e-03 5.735614622944450e-03 1.416859081033861e-02
7.491557680252214e-03 -1.837262677147495e-02 1.365586866185939e-02
7.638450795969478e-03 2.335261333554465e-02 1.295695681139620e-02
7.785343901659718e-03 -5.130224475346997e-03 1.246543311104407e-02
7.932236997130110e-03 -1.398018838968168e-02 1.181023285351119e-02
8.079130082187821e-03 1.153971660822951e-02 1.146265188826154e-02
8.226023156640037e-03 6.395952559783932e-03 1.100664837057207e-02
8.372916220293923e-03 6.893399625912204e-03 1.041598386594542e-02
8.519809272956652e-03 3.025418017572443e-03 1.008682101707163e-02
8.666702314435403e-03 -1.889111710690627e-04 9.703760392213450e-03
8.813595344537354e-03 9.085368019446384e-03 9.373258450779682e-03
8.960488363069672e-03 4.092036572151929e-03 9.021917564381568e-03
9.107381369839535e-03 -8.006648777388398e-03 8.551595232717946e-03
9.254274364654119e-03 -5.893637654346435e-03 8.359435882304946e-03
9.401167347320593e-03 6.385019647975632e-03 8.012308142102856e-03
9.548060317646137e-03 -4.571288894274507e-03 7.807631369300504e-03
9.694953275437929e-03 2.916456842762556e-03 7.531020388028592e-03
9.841846220503138e-03 -7.321497645564481e-03 7.188604619535487e-03
9.988739152648940e-03 -2.961232106655274e-04 7.048821684950652e-03
1.013563207168251e-02 -2.290534406415586e-03 6.737044022796965e-03
1.028252497741103e-02 6.235937503009499e-03 6.492740561099337e-03
1.042941786964167e-02 1.831546328142394e-03 6.317591986652210e-03
1.057631074818160e-02 -8.835776301383087e-03 6.120196652849301e-03
1.072320361283801e-02 3.134021642576130e-03 6.002475666042537e-03
1.087009646341806e-02 4.594607484268980e-03 5.678108398369059e-03
1.101698929972894e-02 9.428937524779574e-03 5.552599235702909e-03
1.116388212157781e-02 -8.821063573640272e-04 5.410526095827086e-03
1.131077492877186e-02 -4.970409250515838e-03 5.239861828897178e-03
1.145766772111827e-02 4.800432815976233e-03 5.125307318554274e-03
1.160456049842420e-02 1.315097268558225e-02 4.937099480520852e-03
1.175145326049683e-02 1.715294459797212e-03 4.797390989059243e-03
1.189834600714335e-02 1.178529057988359e-02 4.666135460380171e-03
1.204523873817092e-02 -3.450750806811018e-03 4.536053594062160e-03
1.219213145338673e-02 -2.446763097820321e-03 4.387539713817407e-03
1.233902415259795e-02 6.092867264325793e-03 4.302212312022552e-03
1.248591683561175e-02 3.678783904753954e-03 4.198987986224196e-03
1.263280950223533e-02 -2.820906395289942e-03 4.087388836598293e-03
1.277970215227585e-02 4.852316782659672e-03 3.909755859430347e-03
1.292659478554047e-02 4.479208502135662e-04 3.845584320300968e-03
1.307348740183641e-02 7.088733273022347e-04 3.768580368149339e-03
1.322038000097082e-02 1.185964207943947e-02 3.665455225394501e-03
1.336727258275089e-02 4.518766677860580e-03 3.564605852713429e-03
1.351416514698378e-02 1.299460998656583e-03 3.486670610409651e-03
1.366105769347668e-02 1.886193103516652e-03 3.397074905058098e-03
1.380795022203677e-02 2.953283149279385e-03 3.334746816731016e-03
1.395484273247122e-02 1.249383965539215e-02 3.227664468045599e-03
1.410173522458722e-02 -9.187462059796047e-04 3.151837250658427e-03
1.424862769819194e-02 3.379869739889970e-03 3.093840509771319e-03
1.439552015309257e-02 6.883976937440380e-04 3.023463323475190e-03
1.454241258909627e-02 1.623402037125786e-03 2.959078252266353e-03
1.468930500601023e-02 3.215460780767600e-03 2.860496442764010e-03
1.483619740364163e-02 4.317933630420584e-03 2.801770344583201e-03
1.498308978179765e-02 5.652522168680325e-03 2.771396427573383e-03
1.512998214028546e-02 4.404568860141283e-03 2.688536976407781e-03
1.527687447891225e-02 1.201163808278048e-02 2.650746241331257e-03
1.542376679748520e-02 4.151176709739544e-03 2.588369680272606e-03
1.557065909581149e-02 5.015509676842525e-03 2.534962058850562e-03
1.571755137369829e-02 4.731229701079776e-03 2.479696875895007e-03
1.586444363095279e-02 7.189801948207495e-03 2.425280004300404e-03
1.601133586738216e-02 3.421996166744397e-03 2.388247455666474e-03
1.615822808279360e-02 1.274772946796836e-03 2.334237038327396e-03
1.630512027699426e-02 5.470578997422027e-03 2.291184724798520e-03
1.645201244979136e-02 7.384184020775676e-03 2.235111800876166e-03
1.659890460099205e-02 6.988336416532200e-03 2.187677860008144e-03
1.674579673040351e-02 5.836442787996068e-03 2.174093476289178e-03
1.689268883783294e-02 2.554981743856412e-03 2.117769618848873e-03
1.703958092308753e-02 5.860190154078942e-03 2.091958331911739e-03
1.718647298597442e-02 8.904324448857377e-03 2.021844516099019e-03
1.733336502630083e-02 7.180104417838300e-03 2.000046889880212e-03
1.748025704387393e-02 3.773786647645628e-03 1.976794023062181e-03
1.762714903850091e-02 8.228660324833008e-03 1.935636969518680e-03
1.777404100998893e-02 5.960418812340315e-03 1.912456242452690e-03
1.792093295814520e-02 4.626541017357347e-03 1.861168669908099e-03
1.806782488277687e-02 3.798616577522574e-03 1.847680072004058e-03
1.821471678369116e-02 5.858559107238557e-03 1.813805262902427e-03
1.836160866069522e-02 5.866504189045905e-03 1.768780352083877e-03
1.850850051359626e-02 5.772937466915986e-03 1.796642601409181e-03
1.865539234220144e-02 8.635050603500239e-03 1.778663179738215e-03
1.880228414631796e-02 9.219251735483163e-03 1.746356391658984e-03
1.894917592575301e-02 6.338768725241566e-03 1.745522463383944e-03
1.909606768031375e-02 4.916710460410899e-03 1.716540445062535e-03
1.924295940980738e-02 2.850530989317517e-03 1.732204399744792e-03
1.938985111404109e-02 7.262089649447273e-03 1.728910831353188e-03
1.953674279282204e-02 3.800590449867477e-03 1.735036323269430e-03
1.968363444595744e-02 9.695878240258323e-03 1.730177660985206e-03
1.983052607325447e-02 9.176073948137208e-03 1.710926201726135e-03
1.997741767452030e-02 4.265832630139971e-03 1.709120421696231e-03
2.012430924956213e-02 1.923545140793222e-03 1.696458505231463e-03
2.027120079818715e-02 6.392360699200381e-03 1.671221499632133e-03
2.041809232020253e-02 5.954883503717144e-03 1.680091813619520e-03
2.056498381541546e-02 4.388593345281961e-03 1.666665752975238e-03
2.071187528363314e-02 8.341865066153144e-03 1.645469843633477e-03
2.085876672466273e-02 7.076406310480378e-03 1.639304982528968e-03
2.100565813831145e-02 8.184890997125683e-03 1.639870225537771e-03
2.115254952438645e-02 7.098334338752213e-03 1.612552545014126e-03
2.129944088269494e-02 4.638593596380443e-03 1.611121275043719e-03
2.144633221304411e-02 6.364051054900485e-03 1.599920010453053e-03
2.159322351524114e-02 6.922467975940040e-03 1.597287947092557e-03
2.174011478909322e-02 5.706188724438744e-03 1.573715029450983e-03
2.188700603440753e-02 7.622817983846750e-03 1.560761357354450e-03
2.203389725099126e-02 6.684302791643715e-03 1.532060320259987e-03
2.218078843865161e-02 5.367424075771646e-03 1.493525452705218e-03
2.232767959719575e-02 7.675865715915561e-03 1.487972320462332e-03
2.247457072643089e-02 6.955814015198245e-03 1.450117886410946e-03
2.262146182616420e-02 8.769267398522003e-03 1.428491375268252e-03
2.276835289620287e-02 8.965284413469476e-03 1.406168608581121e-03
2.291524393635411e-02 7.940852809685563e-03 1.388055298332016e-03
2.306213494642509e-02 8.402540769772905e-03 1.393191558389059e-03
2.320902592622301e-02 1.031890759036651e-02 1.359493105147686e-03
2.335591687555505e-02 7.172233587631379e-03 1.353674918220605e-03
2.350280779422841e-02 8.000246235686482e-03 1.333738855345926e-03
2.364969868205026e-02 8.901834928906342e-03 1.310984399481329e-03
2.379658953882782e-02 8.232141689511979e-03 1.315125826046415e-03
2.394348036436827e-02 9.016667911901638e-03 1.295526457687059e-03
2.409037115847880e-02 1.004640718859410e-02 1.287087855122657e-03
2.423726192096658e-02 9.688360325611413e-03 1.273561962026658e-03
2.438415265163884e-02 1.140053959254319e-02 1.250394305236110e-03
2.453104335030275e-02 9.199848032595390e-03 1.253471302656535e-03
2.467793401676551e-02 9.790856494581337e-03 1.231553701726803e-03
2.482482465083430e-02 1.073945742724277e-02 1.230085984971052e-03
2.497171525231632e-02 1.044558005692472e-02 1.218525900688101e-03
2.511860582101877e-02 1.118435210562415e-02 1.206324859263214e-03
2.526549635674884e-02 1.146063229147178e-02 1.186729845126927e-03
2.541238685931370e-02 1.200761650756338e-02 1.180234015277502e-03
2.555927732852058e-02 1.180371317840066e-02 1.171217765606518e-03
2.570616776417666e-02 1.049554254008355e-02 1.163074624837054e-03
2.585305816608912e-02 9.775477176365925e-03 1.148530823267602e-03
2.599994853406517e-02 1.045003135380632e-02 1.142057199057783e-03
2.614683886791200e-02 1.136147455235649e-02 1.134818262037762e-03
2.629372916743681e-02 1.361340246422497e-02 1.134442868235371e-03
2.644061943244679e-02 1.255420778908462e-02 1.119090060928791e-03
2.658750966274912e-02 1.248905001217160e-02 1.105577286427688e-03
2.673439985815102e-02 9.864975616463023e-03 1.113700344208754e-03
2.688129001845969e-02 1.360104914527833e-02 1.091678164068816e-03
2.702818014348229e-02 1.181454466003136e-02 1.084741056934805e-03
2.717507023302605e-02 1.243860490717060e-02 1.076148224729834e-03
2.732196028689816e-02 1.180237940911624e-02 1.073021658805458e-03
2.746885030490582e-02 1.419594787539608e-02 1.072049858818818e-03
2.761574028685621e-02 1.368419084184316e-02 1.066164303075391e-03
2.776263023255653e-02 1.308586444039690e-02 1.046712873142981e-03
2.790952014181400e-02 1.391981210502558e-02 1.040998042615798e-03
2.805641001443581e-02 1.285408921884026e-02 1.034626217279700e-03
2.820329985022913e-02 1.210527758432017e-02 1.037972898929720e-03
2.835018964900120e-02 1.373556879840598e-02 1.020316974072928e-03
2.849707941055920e-02 1.504401097964802e-02 1.017754230324624e-03
2.864396913471031e-02 1.396302041340895e-02 1.022481987131819e-03
2.879085882126178e-02 1.467438974450459e-02 1.003304320777633e-03
2.893774847002075e-02 1.486216903021229e-02 9.954864411706656e-04
2.908463808079444e-02 1.562962766822810e-02 9.969771713103485e-04
2.923152765339008e-02 1.719019114169745e-02 9.965373276668414e-04
2.937841718761485e-02 1.826067060307121e-02 9.872636571015606e-04
2.952530668327594e-02 1.469909333450429e-02 9.835226081296342e-04
2.967219614018056e-02 1.455292441289914e-02 9.751877177809319e-04
2.981908555813591e-02 1.605736811278676e-02 9.758620220902376e-04
2.996597493694921e-02 1.754534049254919e-02 9.699574298225444e-04
3.011286427642763e-02 1.935282247675212e-02 9.630820730540887e-04
3.025975357637840e-02 1.807863496154443e-02 9.511210086785083e-04
3.040664283660871e-02 1.775755877250843e-02 9.535902193662504e-04
3.055353205692574e-02 1.722451899677751e-02 9.505887297835042e-04
3.070042123713675e-02 1.831337543262867e-02 9.451948276860058e-04
3.084731037704891e-02 1.837891480923324e-02 9.371909746557679e-04
3.099419947646940e-02 1.743515345434463e-02 9.328291496722099e-04
3.114108853520547e-02 1.786072533105549e-02 9.296755002992546e-04
3.128797755306430e-02 2.053140995350620e-02 9.312023105002102e-04
3.143486652985308e-02 2.162890029641213e-02 9.151348403778201e-04
3.158175546537905e-02 2.016284081361295e-02 9.259661857298966e-04
3.172864435944940e-02 1.903214253257555e-02 9.227551436201610e-04
3.187553321187133e-02 2.140430577356336e-02 9.097035217330485e-04
3.202242202245206e-02 2.069318229283655e-02 9.048419122706787e-04
3.216931079099877e-02 2.002061524959460e-02 9.004080312847171e-04
3.231619951731869e-02 2.265282627681670e-02 9.132682198275048e-04
3.246308820121902e-02 2.107770003362172e-02 8.993772057950587e-04
3.260997684250697e-02 2.174385723981842e-02 8.881122275598895e-04
3.275686544098974e-02 2.187183830007784e-02 8.928402434202891e-04
3.290375399647455e-02 2.399471002033229e-02 8.870791508474691e-04
3.305064250876859e-02 2.255576182717188e-02 8.942615853581897e-04
3.319753097767910e-02 2.264468474981436e-02 8.811459020854701e-04
3.334441940301325e-02 2.274906001191912e-02 8.813302001254499e-04
3.349130778457828e-02 2.318712288371803e-02 8.809854823162536e-04
3.363819612218139e-02 2.319900488054103e-02 8.775535774535847e-04
3.378508441562977e-02 2.451437540409730e-02 8.718843833133293e-04
3.393197266473066e-02 2.623031280800780e-02 8.723706502613253e-04
3.407886086929125e-02 2.557800227775992e-02 8.695255069093588e-04
3.422574902911878e-02 2.619655080863834e-02 8.720225023929712e-04
3.437263714402042e-02 2.679649737891128e-02 8.674155984088199e-04
3.451952521380341e-02 2.631750941920061e-02 8.607559758490296e-04
3.466641323827495e-02 2.670019852136405e-02 8.683703173758644e-04
3.481330121724226e-02 2.798336240621453e-02 8.855179310714857e-04
3.496018915051253e-02 2.584404445824444e-02 8.931429079022199e-04
3.510707703789302e-02 2.670176393265810e-02 8.927544970947963e-04
3.525396487919091e-02 2.835512472803582e-02 8.946483102550584e-04
3.540085267421340e-02 3.004931626141222e-02 8.890471994239360e-04
3.554774042276775e-02 2.829510491162179e-02 8.821003983189090e-04
3.569462812466112e-02 3.075301851075264e-02 8.741164461105028e-04
3.584151577970077e-02 3.085618595382587e-02 8.707794292317614e-04
3.598840338769389e-02 3.081030815041352e-02 8.710543355308964e-04
3.613529094844770e-02 3.227864879959029e-02 8.634473498098087e-04
3.628217846176941e-02 3.094215509432578e-02 8.631997961539172e-04
3.642906592746626e-02 3.213788289678031e-02 8.610429852375349e-04
3.657595334534545e-02 3.140743094780057e-02 8.581361730021715e-04
3.672284071521419e-02 3.250457022693908e-02 8.580011907775617e-04
3.686972803687972e-02 3.238108739880564e-02 8.552040170167069e-04
3.701661531014922e-02 3.354339487350540e-02 8.478956865083035e-04
3.716350253482994e-02 3.298708595872239e-02 8.475449034006592e-04
3.731038971072909e-02 3.336495404114918e-02 8.479296170558347e-04
3.745727683765387e-02 3.368967854906832e-02 8.748737209588918e-04
3.760416391541153e-02 3.436766368238344e-02 8.702325697772687e-04
3.775105094380928e-02 3.477489483415500e-02 8.349145551410496e-04
3.789793792265433e-02 3.567889790377779e-02 8.431351880382779e-04
3.804482485175390e-02 3.581041672886424e-02 8.352450080311837e-04
3.819171173091522e-02 3.588245283890096e-02 8.277474240488024e-04
3.833859855994550e-02 3.688102625861802e-02 8.371882648415113e-04
3.848548533865198e-02 3.815715114823850e-02 8.322375054273994e-04
3.863237206684186e-02 3.741360666886005e-02 8.274040583054843e-04
3.877925874432238e-02 3.820783759392581e-02 8.379036275147872e-04
3.892614537090076e-02 3.910896799213244e-02 8.260419549230858e-04
3.907303194638420e-02 3.886591699493031e-02 8.390438314194959e-04
3.921991847057994e-02 3.810149567078188e-02 8.176244864610570e-04
3.936680494329520e-02 3.856145146969799e-02 8.256200845658458e-04
3.951369136433722e-02 3.979276333584024e-02 8.234945646714382e-04
3.966057773351322e-02 3.990989004519604e-02 8.152567104290139e-04
3.980746405063040e-02 4.163914478584976e-02 8.259300856710241e-04
3.995435031549600e-02 4.001118399028100e-02 8.077472693447837e-04
4.010123652791726e-02 4.161048286519370e-02 8.128095285797495e-04
4.024812268770137e-02 4.165205458095252e-02 8.137372293803918e-04
4.039500879465560e-02 4.177610108173432e-02 8.103870941208853e-04
4.054189484858715e-02 4.210063825700452e-02 8.081002684488983e-04
4.068878084930326e-02 4.325955840993660e-02 8.068473560023424e-04
4.083566679661114e-02 4.401983443438391e-02 8.124702139549768e-04
4.098255269031803e-02 4.167909732796596e-02 8.067351019436558e-04
4.112943853023117e-02 4.341103169085676e-02 8.173922511570438e-04
4.127632431615776e-02 4.319905536497549e-02 8.298746128068355e-04
4.142321004790505e-02 4.407263305319879e-02 8.336563712165469e-04
4.157009572528026e-02 4.403418943593585e-02 8.414965125975056e-04
4.171698134809063e-02 4.436701664942723e-02 8.525888957715409e-04
4.186386691614337e-02 4.360471164862383e-02 8.463256564499354e-04
4.201075242924574e-02 4.291513762251361e-02 8.504728129410821e-04
4.215763788720495e-02 4.369302155396969e-02 8.443221798650337e-04
4.230452328982824e-02 4.511010589164069e-02 8.579559788965707e-04
4.245140863692285e-02 4.523687467974752e-02 8.555641245663092e-04
4.259829392829599e-02 4.422671140851429e-02 8.525113680949628e-04
4.274517916375490e-02 4.567836899803401e-02 8.552081842954837e-04
4.289206434310684e-02 4.609176515716695e-02 8.582333136229724e-04
4.303894946615900e-02 4.578031894336557e-02 8.618548182861704e-04
4.318583453271865e-02 4.605839110194253e-02 8.561541635419821e-04
4.333271954259301e-02 4.470960319108776e-02 8.590312037691101e-04
4.347960449558931e-02 4.595124028319550e-02 8.527753547676540e-04
4.362648939151479e-02 4.560493314429580e-02 8.554060062097060e-04
4.377337423017669e-02 4.440463217216051e-02 8.548684290679111e-04
4.392025901138226e-02 4.552400373785792e-02 8.601705188283093e-04
4.406714373493869e-02 4.672797926336614e-02 8.648573418775907e-04
4.421402840065326e-02 4.715346462855793e-02 8.603631312438680e-04
4.436091300833320e-02 4.628067323725236e-02 8.618687891319743e-04
4.450779755778574e-02 4.517794589528235e-02 8.525497881717453e-04
4.465468204881811e-02 4.557526075614109e-02 8.562922589419425e-04
4.480156648123757e-02 4.618083800874435e-02 8.665690058911648e-04
4.494845085485134e-02 4.614759731820685e-02 8.612816107900060e-04
4.509533516946668e-02 4.487899360477871e-02 8.620666340392061e-04
4.524221942489082e-02 4.541556467839986e-02 8.610414863238432e-04
4.538910362093100e-02 4.637230302109933e-02 8.617862332374073e-04
4.553598775739446e-02 4.443390515395815e-02 8.565769066656141e-04
4.568287183408844e-02 4.324822960847696e-02 8.476138301949202e-04
4.582975585082019e-02 4.550344886999986e-02 8.536152663187491e-04
4.597663980739693e-02 4.293348218217857e-02 8.464106909341345e-04
4.612352370362593e-02 4.564423008046129e-02 8.426480117147447e-04
4.627040753931443e-02 4.481485510001582e-02 8.428789705256072e-04
4.641729131426967e-02 4.514900360986954e-02 8.353956745722987e-04
4.656417502829888e-02 4.473620654461666e-02 8.438653251624992e-04
4.671105868120932e-02 4.436820533348185e-02 8.398835329120422e-04
4.685794227280822e-02 4.325771505980951e-02 8.360103429826337e-04
4.700482580290285e-02 4.309132795862512e-02 8.262256774100513e-04
4.715170927130044e-02 4.349952758237560e-02 8.270458773691040e-04
4.729859267780824e-02 4.365967994984814e-02 8.281280331730160e-04
4.744547602223349e-02 4.349054727568420e-02 8.328782161577189e-04
4.759235930438345e-02 4.284478809620448e-02 8.300424189856535e-04
4.773924252406536e-02 4.353742193172137e-02 8.247621582966390e-04
4.788612568108647e-02 4.380187255559844e-02 8.286596566832379e-04
4.803300877525407e-02 4.227593969287714e-02 8.228380216125530e-04
4.817989180637530e-02 4.225493243907438e-02 8.235826265413507e-04
4.832677477425752e-02 4.192539167735059e-02 8.206561481247434e-04
4.847365767870793e-02 4.354229700343035e-02 8.225318924491163e-04
4.862054051953379e-02 4.265468536263936e-02 8.199624766257812e-04
4.876742329654236e-02 4.037818246263929e-02 8.138383893203542e-04
4.891430600954088e-02 4.092743561420613e-02 8.079653232552516e-04
4.906118865833660e-02 4.144216163988959e-02 8.133509800207074e-04
4.920807124273676e-02 4.247211493284346e-02 8.136106825778303e-04
4.935495376254866e-02 4.186604771283232e-02 8.119173973231144e-04
4.950183621757952e-02 4.141565705376675e-02 8.071436408368565e-04
4.964871860763660e-02 4.102454422490811e-02 8.121665604681477e-04
4.979560093252714e-02 4.091866999837818e-02 8.036445459896035e-04
4.994248319205841e-02 4.043313375858859e-02 8.043279810334600e-04
5.008936538603768e-02 3.988779979631332e-02 8.044570696875404e-04
5.023624751427219e-02 3.984366049676256e-02 7.997342822422871e-04
5.038312957656918e-02 4.032705799854203e-02 8.088441676108517e-04
5.053001157273595e-02 3.893481901503174e-02 7.948605160723395e-04
5.067689350257971e-02 4.011421376868190e-02 8.016122902510663e-04
5.082377536590776e-02 4.060370577542726e-02 7.977422548989569e-04
5.097065716252732e-02 3.951734727456982e-02 7.915692110815372e-04
5.111753889224568e-02 4.007771558307045e-02 7.979962758196892e-04
5.126442055487009e-02 3.846647524842519e-02 7.926918986411615e-04
5.141130215020779e-02 3.961411931683477e-02 7.891061809825096e-04
5.155818367806608e-02 3.773310040459287e-02 7.893359699267565e-04
5.170506513825220e-02 3.878478722161862e-02 7.863584015475498e-04
5.185194653057341e-02 3.900715923961800e-02 7.900564846475644e-04
5.199882785483697e-02 3.861732397090036e-02 7.836949333719625e-04
5.214570911085015e-02 3.846796423993882e-02 7.858044957084607e-04
5.229259029842022e-02 3.869414553130065e-02 7.883180187752838e-04
5.243947141735442e-02 3.805024164596629e-02 7.820322644343566e-04
5.258635246746002e-02 3.711848158693535e-02 7.818526412047120e-04
5.273323344854430e-02 3.739973213096887e-02 7.783696388450266e-04
5.288011436041453e-02 3.735937876421185e-02 7.849763360355780e-04
5.302699520287798e-02 3.725353195558100e-02 7.721963555603705e-04
5.317387597574186e-02 3.676412405489904e-02 7.747473122675674e-04
5.332075667881350e-02 3.764266949834600e-02 7.761800400958354e-04
5.346763731190016e-02 3.775793735443264e-02 7.693492158652633e-04
5.361451787480907e-02 3.693472754145664e-02 7.774456901685417e-04
5.376139836734754e-02 3.830944642064298e-02 7.694281630417391e-04
5.390827878932278e-02 3.634165669791512e-02 7.619684058530299e-04
5.405515914054214e-02 3.748660319749959e-02 7.691996097042179e-04
5.420203942081284e-02 3.681016081943764e-02 7.625350787004506e-04
5.434891962994216e-02 3.641268743671892e-02 7.758474213482453e-04
5.449579976773735e-02 3.630432974673736e-02 7.486197304584563e-04
5.464267983400574e-02 3.601047698314449e-02 7.653394618481132e-04
5.478955982855453e-02 3.601876563724796e-02 7.618121267551212e-04
5.493643975119106e-02 3.506118585113877e-02 7.570375595078607e-04
5.508331960172257e-02 3.673386561281750e-02 7.596620309529827e-04
5.523019937995633e-02 3.605496319016171e-02 7.539625277254937e-04
5.537707908569962e-02 3.551973989623242e-02 7.643484160446230e-04
5.552395871875969e-02 3.455282443001902e-02 7.577621642929895e-04
5.567083827894388e-02 3.522359231413712e-02 7.541106703529574e-04
5.581771776605941e-02 3.485605038347109e-02 7.537420785050824e-04
5.596459717991355e-02 3.520779403099120e-02 7.556264548310292e-04
5.611147652031365e-02 3.389523301445947e-02 7.512851864200886e-04
5.625835578706691e-02 3.484246093846104e-02 7.589044132032317e-04
5.640523497998061e-02 3.534830202076848e-02 7.450706635299717e-04
5.655211409886209e-02 3.359597829207457e-02 7.498469637316123e-04
5.669899314351858e-02 3.498532121015029e-02 7.526260257348119e-04
5.684587211375740e-02 3.451687593975530e-02 7.435476290973108e-04
5.699275100938578e-02 3.447909947914948e-02 7.490371513854775e-04
5.713962983021098e-02 3.405497887298058e-02 7.400092732725640e-04
5.728650857604041e-02 3.405375053204500e-02 7.398913512151738e-04
5.743338724668124e-02 3.356836074832512e-02 7.377162777591382e-04
5.758026584194079e-02 3.394193563671353e-02 7.391986231419970e-04
5.772714436162631e-02 3.282275317075260e-02 7.474060759496711e-04
5.787402280554513e-02 3.494403503297527e-02 7.451483253250589e-04
5.802090117350451e-02 3.309577654653491e-02 7.422320434374766e-04
5.816777946531173e-02 3.319338884280156e-02 7.370826239452526e-04
5.831465768077408e-02 3.380455495348423e-02 7.352566170391956e-04
5.846153581969887e-02 3.202920908110609e-02 7.360422207322368e-04
5.860841388189336e-02 3.206403534160094e-02 7.313498401332480e-04
5.875529186716485e-02 3.185760586735249e-02 7.381404953413392e-04
5.890216977532061e-02 3.264835735326872e-02 7.308385796581084e-04
5.904904760616795e-02 3.187161108188161e-02 7.328121582540690e-04
5.919592535951414e-02 3.336803933012617e-02 7.298060419752101e-04
5.934280303516650e-02 3.228326704029558e-02 7.336199932225279e-04
5.948968063293228e-02 3.355520939260345e-02 7.272469575169551e-04
5.963655815261879e-02 3.320642312809904e-02 7.430654811129951e-04
5.978343559403334e-02 3.255626243877646e-02 7.484551069177806e-04
5.993031295698319e-02 3.167116707937648e-02 7.483130411395951e-04
6.007719024127564e-02 3.079003898363633e-02 7.536970300933616e-04
6.022406744671802e-02 3.270122432809684e-02 7.651209385358053e-04
6.037094457311754e-02 3.300074579546552e-02 7.738302973535277e-04
6.051782162028158e-02 3.256430282941982e-02 7.723805948113946e-04
6.066469858801743e-02 3.297055317755226e-02 7.749573174355424e-04
6.081157547613233e-02 3.135969779055306e-02 7.855605688919988e-04
6.095845228443361e-02 3.080799352169333e-02 7.805387890471126e-04
6.110532901272856e-02 3.061982462726878e-02 7.876857433175663e-04
6.125220566082447e-02 3.194624997461126e-02 7.918865553538081e-04
6.139908222852867e-02 3.095180897400026e-02 7.897794878023982e-04
6.154595871564840e-02 3.111026509666386e-02 8.047936484099275e-04
6.169283512199103e-02 3.121704852509283e-02 7.966008748021663e-04
6.183971144736379e-02 3.233357001728510e-02 8.051553829967897e-04
6.198658769157404e-02 3.019792680414908e-02 7.943105319413780e-04
6.213346385442904e-02 3.120767107666521e-02 8.156790338681556e-04
6.228033993573612e-02 3.112085862699869e-02 8.109284794709988e-04
6.242721593530259e-02 3.120751610289401e-02 8.111313856091313e-04
6.257409185293569e-02 3.176197157984736e-02 8.030413108852276e-04
6.272096768844279e-02 2.934426610510727e-02 7.835539923342995e-04
6.286784344163118e-02 3.253328849874828e-02 7.759687542896555e-04
6.301471911230812e-02 2.992312895304060e-02 7.709925809110060e-04
6.316159470028096e-02 3.097542358443312e-02 7.592043575612015e-04
6.330847020535701e-02 2.965482282400252e-02 7.636676815687410e-04
6.345534562734356e-02 2.895152462336720e-02 7.574174126017815e-04
6.360222096604792e-02 3.105254342060371e-02 7.608126559671544e-04
6.374909622127738e-02 3.116156170855483e-02 7.539814969459788e-04
6.389597139283930e-02 2.942168441704864e-02 7.504051579568463e-04
6.404284648054094e-02 2.980012637112473e-02 7.532094177400192e-04
6.418972148418961e-02 3.021926620946231e-02 7.414057587715319e-04
6.433659640359266e-02 2.975276352460211e-02 7.505862970338727e-04
6.448347123855734e-02 3.114185805861038e-02 7.372387931595047e-04
6.463034598889104e-02 2.956972623598474e-02 7.419242590147531e-04
6.477722065440102e-02 2.902095213928567e-02 7.371037452400285e-04
6.492409523489458e-02 3.036188648053929e-02 7.364331282467951e-04
6.507096973017908e-02 3.042664612530552e-02 7.381147000011527e-04
6.521784414006179e-02 2.838252014143020e-02 7.310160403279350e-04
6.536471846435006e-02 2.884924461505607e-02 7.267687915629582e-04
6.551159270285120e-02 3.057593904553408e-02 7.317898393152195e-04
6.565846685537249e-02 2.820267575470538e-02 7.186757481866233e-04
6.580534092172129e-02 3.082664690807393e-02 7.340556954484293e-04
6.595221490170489e-02 3.023477181119974e-02 7.258952112415518e-04
6.609908879513064e-02 2.849048140900618e-02 7.190788653930191e-04
6.624596260180583e-02 2.891384535277407e-02 7.161984169015530e-04
6.639283632153778e-02 2.887679484562267e-02 7.165258150293667e-04
6.653970995413383e-02 2.884215350497598e-02 7.321518219409764e-04
6.668658349940126e-02 3.010683873009869e-02 7.150195937349410e-04
6.683345695714746e-02 2.849649478172994e-02 7.152770035453497e-04
6.698033032717969e-02 2.798107430338366e-02 7.117388504021653e-04
6.712720360930530e-02 2.825973231897863e-02 7.157102930003650e-04
6.727407680333160e-02 2.890206198005450e-02 7.125314557603664e-04
6.742094990906593e-02 2.895033203653928e-02 7.125304683211358e-04
6.756782292631559e-02 2.813946366363399e-02 7.095814108723865e-04
6.771469585488793e-02 2.923122226213860e-02 7.098780074760620e-04
6.786156869459029e-02 2.879114474767952e-02 7.131551787461461e-04
6.800844144522995e-02 2.815409416520110e-02 7.083917490593775e-04
6.815531410661428e-02 2.868127190507194e-02 7.093749962317471e-04
6.830218667855054e-02 2.720828218094875e-02 7.077239958724129e-04
6.844905916084618e-02 2.803140215802998e-02 7.085866470523445e-04
6.859593155330840e-02 2.593674680789943e-02 6.975610188891654e-04
6.874280385574461e-02 2.802240799211654e-02 6.979731258642130e-04
6.888967606796213e-02 2.779808139248590e-02 7.040712954247488e-04
6.903654818976826e-02 2.877526751808933e-02 6.965533356082130e-04
6.918342022097036e-02 2.886321633030505e-02 6.948113228529628e-04
6.933029216137575e-02 2.774439492429420e-02 7.035008536953082e-04
6.947716401079176e-02 2.750327339706022e-02 6.908877005276279e-04
6.962403576902575e-02 2.837044335173747e-02 7.041707349529343e-04
6.977090743588503e-02 2.627220779369210e-02 6.903524235427849e-04
6.991777901117695e-02 2.896370749853331e-02 6.944280917485879e-04
7.006465049470884e-02 2.705755242647155e-02 6.920919987650412e-04
7.021152188628801e-02 2.714896305729465e-02 6.953224398105900e-04
7.035839318572186e-02 2.625105998967162e-02 6.902030285038607e-04
7.050526439281767e-02 2.824161693695106e-02 6.860689393217777e-04
7.065213550738278e-02 2.745071434670490e-02 6.851275121706787e-04
7.079900652922456e-02 2.754184398924280e-02 6.929627056214024e-04
7.094587745815036e-02 2.828024188463367e-02 6.841898087958520e-04
7.109274829396750e-02 2.887241580810434e-02 6.911325254047620e-04
7.123961903648333e-02 2.797940256670291e-02 6.804933551993530e-04
7.138648968550515e-02 2.711629637430011e-02 6.856396285415293e-04
7.153336024084035e-02 2.703990782388338e-02 6.888425641904084e-04
7.168023070229627e-02 2.787287558510640e-02 6.755094381985643e-04
7.182710106968025e-02 2.866552747064846e-02 6.887962914975688e-04
7.197397134279965e-02 2.736448732386427e-02 6.734194130332221e-04
7.212084152146177e-02 2.847433973290997e-02 6.829853024657243e-04
7.226771160547400e-02 2.667311952640252e-02 6.789001324743977e-04
7.241458159464363e-02 2.713413232897796e-02 6.734249139300441e-04
7.256145148877813e-02 2.746248182341938e-02 6.804699814106390e-04
7.270832128768472e-02 2.624873824957232e-02 6.740534080151320e-04
7.285519099117078e-02 2.682498346371540e-02 6.748196308294172e-04
7.300206059904372e-02 2.734413916069984e-02 6.757250554321109e-04
7.314893011111082e-02 2.734116495106643e-02 6.713356915406276e-04
7.329579952717949e-02 2.667686864436516e-02 6.734403386884498e-04
7.344266884705702e-02 2.698538380442933e-02 6.721673183435466e-04
7.358953807055085e-02 2.737820783144166e-02 6.761539709458763e-04
7.373640719746824e-02 2.776168245473888e-02 6.669971879072215e-04
7.388327622761658e-02 2.665276802957605e-02 6.667488045317281e-04
7.403014516080324e-02 2.649128620665456e-02 6.657541459213026e-04
7.417701399683559e-02 2.551215736674148e-02 6.672289095985155e-04
7.432388273552094e-02 2.725559963867932e-02 6.686026830103976e-04
7.447075137666670e-02 2.735661242633657e-02 6.592753034140273e-04
7.461761992008017e-02 2.629194778450060e-02 6.629686809409471e-04
7.476448836556873e-02 2.714825360105478e-02 6.550309952925354e-04
7.491135671293978e-02 2.656129595023868e-02 6.594735579462156e-04
7.505822496200062e-02 2.756675749483564e-02 6.559439677736267e-04
7.520509311255867e-02 2.718036194124753e-02 6.572417849103824e-04
7.535196116442125e-02 2.550142108202826e-02 6.583747673371194e-04
7.549882911739574e-02 2.644929256141711e-02 6.556988931332440e-04
7.564569697128951e-02 2.604121768378690e-02 6.580798118667391e-04
7.579256472590988e-02 2.680892854715996e-02 6.537247098951399e-04
7.593943238106428e-02 2.644008427078095e-02 6.526035998818700e-04
7.608629993656001e-02 2.801727910297113e-02 6.583489019253752e-04
7.623316739220451e-02 2.626585170133961e-02 6.438686087090780e-04
7.638003474780510e-02 2.710822396643588e-02 6.500591724133545e-04
7.652690200316913e-02 2.540131514275085e-02 6.553845401190857e-04
7.667376915810399e-02 2.588208980668287e-02 6.529429338559779e-04
7.682063621241707e-02 2.663588256796089e-02 6.557859573990091e-04
7.696750316591573e-02 2.629192542515382e-02 6.497039056602910e-04
7.711437001840733e-02 2.568077405862160e-02 6.531169183711820e-04
7.726123676969926e-02 2.642168230407789e-02 6.481749008961948e-04
7.740810341959885e-02 2.569499314458093e-02 6.462434717604476e-04
7.755496996791353e-02 2.680567917117034e-02 6.509698390391812e-04
7.770183641445062e-02 2.560433556758804e-02 6.482318825922593e-04
7.784870275901755e-02 2.603704355228321e-02 6.494720060197419e-04
7.799556900142161e-02 2.644392457925557e-02 6.446320450241469e-04
7.814243514147029e-02 2.536164263503976e-02 6.469531119599034e-04
7.828930117897089e-02 2.503812614439978e-02 6.395354845229286e-04
7.843616711373082e-02 2.611665068176922e-02 6.485452767824684e-04
7.858303294555745e-02 2.541687861223570e-02 6.413927905973111e-04
7.872989867425814e-02 2.661769906049280e-02 6.378481279264160e-04
7.887676429964030e-02 2.694499320347759e-02 6.397866491986467e-04
7.902362982151130e-02 2.524795322983480e-02 6.391767250107482e-04
7.917049523967849e-02 2.575241501179967e-02 6.436449183094205e-04
7.931736055394929e-02 2.672634004252207e-02 6.394908508882698e-04
7.946422576413109e-02 2.572956586793842e-02 6.386282294237143e-04
7.961109087003126e-02 2.545627827044422e-02 6.469601585855056e-04
7.975795587145719e-02 2.560591651734424e-02 6.353089983144942e-04
7.990482076821626e-02 2.500481304119205e-02 6.393991887207466e-04
8.005168556011584e-02 2.637061293255639e-02 6.385743741936997e-04
8.019855024696333e-02 2.575729775805040e-02 6.397059467542206e-04
8.034541482856614e-02 2.663435592232474e-02 6.427844891280151e-04
8.049227930473164e-02 2.475559039835737e-02 6.398484906494819e-04
8.063914367526719e-02 2.491431422373843e-02 6.325010422625956e-04
8.078600793998023e-02 2.582922668890294e-02 6.342107439266368e-04
8.093287209867814e-02 2.575096562788998e-02 6.357164015983164e-04
8.107973615116830e-02 2.629734315521412e-02 6.362951973131677e-04
8.122660009725811e-02 2.674146578694896e-02 6.277248478244196e-04
8.137346393675496e-02 2.657733811968626e-02 6.372851922745265e-04
8.152032766946624e-02 2.582195776234378e-02 6.310928569310910e-04
8.166719129519935e-02 2.619331842553165e-02 6.328527849886001e-04
8.181405481376169e-02 2.504577918732750e-02 6.266185372933842e-04
8.196091822496063e-02 2.557996541038921e-02 6.304117839853608e-04
8.210778152860361e-02 2.520341101108642e-02 6.354042758797172e-04
8.225464472449802e-02 2.439024076490585e-02 6.246527740455705e-04
8.240150781245126e-02 2.597684003427991e-02 6.327493894443603e-04
8.254837079227068e-02 2.484410374633567e-02 6.211187694181086e-04
8.269523366376372e-02 2.484660336425481e-02 6.312222965787784e-04
8.284209642673782e-02 2.546070326270102e-02 6.319094110510314e-04
8.298895908100032e-02 2.498793510933374e-02 6.309678177245333e-04
8.313582162635863e-02 2.421583103486238e-02 6.220154114381031e-04
8.328268406262020e-02 2.615947800611112e-02 6.233066835072149e-04
8.342954638959241e-02 2.576082733331717e-02 6.291073750740071e-04
8.357640860708263e-02 2.448622361022392e-02 6.250071498545445e-04
8.372327071489834e-02 2.602334498426121e-02 6.223980826395898e-04
8.387013271284686e-02 2.553138333284390e-02 6.270527079351825e-04
8.401699460073567e-02 2.658759855177662e-02 6.180759123724972e-04
8.416385637837218e-02 2.633524254881188e-02 6.245869227546443e-04
8.431071804556375e-02 2.415219318863816e-02 6.199722880227957e-04
8.445757960211780e-02 2.444656531760602e-02 6.200809558873831e-04
8.460444104784176e-02 2.400505102699610e-02 6.219659084659283e-04
8.475130238254304e-02 2.453298991347343e-02 6.161305692642600e-04
8.489816360602907e-02 2.344519576040649e-02 6.251824751650762e-04
8.504502471810724e-02 2.565116553696996e-02 6.184487219766741e-04
8.519188571858496e-02 2.499352456781694e-02 6.192098733919008e-04
8.533874660726967e-02 2.356984756002728e-02 6.165110883072483e-04
8.548560738396878e-02 2.426162855471759e-02 6.178023962087203e-04
8.563246804848969e-02 2.515374245262933e-02 6.172405247323586e-04
8.577932860063983e-02 2.419001642208641e-02 6.187200617545527e-04
8.592618904022660e-02 2.429709777149528e-02 6.119568187983440e-04
8.607304936705747e-02 2.465901151921208e-02 6.146902098134823e-04
8.621990958093982e-02 2.493808172283488e-02 6.113284277483848e-04
8.636676968168105e-02 2.354053183752492e-02 6.136036839220793e-04
8.651362966908867e-02 2.585234060569885e-02 6.185556341300506e-04
8.666048954297001e-02 2.449123060327845e-02 6.114034281107125e-04
8.680734930313255e-02 2.398231003399096e-02 6.110160950301683e-04
8.695420894938369e-02 2.401861315591733e-02 6.085723048879181e-04
8.710106848153085e-02 2.459634509767328e-02 6.164943491613391e-04
8.724792789938152e-02 2.398974677981835e-02 6.070151039657542e-04
8.739478720274303e-02 2.462094824789566e-02 6.110339022903415e-04
8.754164639142284e-02 2.336305372569046e-02 6.093242507800060e-04
8.768850546522844e-02 2.417414909152552e-02 6.080164982380956e-04
8.783536442396719e-02 2.383898070697667e-02 6.104448762656147e-04
8.798222326744658e-02 2.445795110250719e-02 6.107713323261191e-04
8.812908199547397e-02 2.283840024996228e-02 6.038706880923197e-04
8.827594060785686e-02 2.402415503223040e-02 6.137948256701969e-04
8.842279910440262e-02 2.275143661271204e-02 6.056583454206491e-04
8.856965748491875e-02 2.357499163381018e-02 6.042050791602599e-04
8.871651574921269e-02 2.308750164099252e-02 6.027393466098574e-04
8.886337389709180e-02 2.375497994346910e-02 6.086283576260084e-04
8.901023192836355e-02 2.432740604018615e-02 6.084348547034944e-04
8.915708984283539e-02 2.386255771494688e-02 6.071843617648796e-04
8.930394764031480e-02 2.457189114382097e-02 6.050111641620524e-04
8.945080532060913e-02 2.326252572486973e-02 6.088802602159491e-04
8.959766288352591e-02 2.418551969586123e-02 5.989635138101368e-04
8.974452032887251e-02 2.316546071319340e-02 6.007352213112476e-04
8.989137765645640e-02 2.351126245409186e-02 5.986295482947218e-04
9.003823486608507e-02 2.406501739509328e-02 5.979670624521183e-04
9.018509195756588e-02 2.366832338554170e-02 6.035429708262864e-04
9.033194893070630e-02 2.264965996488420e-02 5.927425816105473e-04
9.047880578531384e-02 2.347765453571591e-02 6.072357881163430e-04
9.062566252119587e-02 2.321148507040613e-02 5.957415355012533e-04
9.077251913815987e-02 2.237863251590634e-02 5.958003446697444e-04
9.091937563601328e-02 2.236824187667530e-02 5.989712779136277e-04
9.106623201456360e-02 2.358292453486029e-02 5.987309853283601e-04
9.121308827361818e-02 2.319880754574856e-02 5.952536446937792e-04
9.135994441298455e-02 2.326866653824830e-02 5.979517261241517e-04
9.150680043247014e-02 2.266236713740952e-02 5.907342453129546e-04
9.165365633188237e-02 2.381110601533513e-02 5.966351500952401e-04
9.180051211102878e-02 2.250965730433412e-02 5.907186568258329e-04
9.194736776971676e-02 2.298913614826521e-02 5.970829545649083e-04
9.209422330775377e-02 2.354368712282029e-02 5.980534616966778e-04
9.224107872494727e-02 2.406901493551515e-02 5.945580014795055e-04
9.238793402110473e-02 2.289680318579469e-02 5.915041407565189e-04
9.253478919603364e-02 2.292091531130294e-02 5.873203309145093e-04
9.268164424954135e-02 2.335426220298406e-02 5.943916519347640e-04
9.282849918143544e-02 2.278755860475470e-02 5.877726428960189e-04
9.297535399152332e-02 2.274250821229309e-02 5.907216076772219e-04
9.312220867961245e-02 2.172624026121183e-02 5.897492061152944e-04
9.326906324551029e-02 2.316135287532026e-02 5.879228662672887e-04
9.341591768902432e-02 2.176414075410227e-02 5.878338309355354e-04
9.356277200996202e-02 2.196772145019306e-02 5.894271540195377e-04
9.370962620813084e-02 2.244449125880549e-02 5.866772511491548e-04
9.385648028333822e-02 2.298531766720170e-02 5.941029613896465e-04
9.400333423539166e-02 2.262762114304048e-02 5.827397232084358e-04
9.415018806409861e-02 2.220257794689231e-02 5.881914148876122e-04
9.429704176926657e-02 2.150658709998675e-02 5.812339068108853e-04
9.444389535070297e-02 2.297624825490983e-02 5.832733978945250e-04
9.459074880821530e-02 2.208117632830522e-02 5.863596151188535e-04
9.473760214161106e-02 2.230288122039549e-02 5.855726205676892e-04
9.488445535069767e-02 2.105891997674704e-02 5.843066206332485e-04
9.503130843528265e-02 2.230791179982347e-02 5.831712445529909e-04
9.517816139517343e-02 2.282197138527728e-02 5.861559620744549e-04
9.532501423017756e-02 2.234619002931531e-02 5.795846418885701e-04
9.547186694010244e-02 2.215427808674997e-02 5.821934737659341e-04
9.561871952475558e-02 2.184031298409625e-02 5.813021977879074e-04
9.576557198394450e-02 2.151671063400933e-02 5.810248809903600e-04
9.591242431747660e-02 2.178337412290004e-02 5.811314707585857e-04
9.605927652515940e-02 2.157847277623962e-02 5.776341039309777e-04
9.620612860680040e-02 2.096001053425013e-02 5.721571628949573e-04
9.635298056220708e-02 2.287308562626219e-02 5.812032165810109e-04
9.649983239118688e-02 2.160888389570044e-02 5.810652716113383e-04
9.664668409354732e-02 2.072380080566219e-02 5.747423286553942e-04
9.679353566909588e-02 2.150119408167102e-02 5.757858203962687e-04
9.694038711764005e-02 2.141197843137907e-02 5.793674781983585e-04
9.708723843898734e-02 2.083189140451348e-02 5.741109891898376e-04
9.723408963294519e-02 2.210119807106371e-02 5.768208985968470e-04
9.738094069932111e-02 2.114799021191296e-02 5.760970287255095e-04
9.752779163792259e-02 2.097469968528874e-02 5.709649898252284e-04
9.767464244855714e-02 2.149745253504258e-02 5.761652000119842e-04
9.782149313103225e-02 2.059946962720810e-02 5.746962989020278e-04
9.796834368515536e-02 2.112164549151105e-02 5.739087838576313e-04
9.811519411073406e-02 2.156669062513399e-02 5.702260247175710e-04
9.826204440757576e-02 2.164502849410799e-02 5.736528030996283e-04
9.840889457548796e-02 2.190296701332143e-02 5.759149657071749e-04
9.855574461427828e-02 2.174667371858478e-02 5.711231021895894e-04
9.870259452375403e-02 2.022290310693794e-02 5.700737788073868e-04
9.884944430372282e-02 2.011319702895608e-02 5.647389317548424e-04
9.899629395399215e-02 2.086170511656238e-02 5.734154527380486e-04
9.914314347436951e-02 2.115434857189188e-02 5.726107613164843e-04
9.928999286466240e-02 2.089688609447715e-02 5.635637475642828e-04
9.943684212467831e-02 2.017142656829420e-02 5.708743389513419e-04
9.958369125422474e-02 2.060812913352057e-02 5.692128758992448e-04
9.973054025310922e-02 2.045500653011409e-02 5.697304541705210e-04
9.987738912113926e-02 2.139518461028843e-02 5.693211512091801e-04
1.000242378581224e-01 2.036059477119459e-02 5.661205176317380e-04
1.001710864638660e-01 2.084089957948226e-02 5.823450156827372e-04
1.003179349381778e-01 2.065195342219110e-02 5.835435118552129e-04
1.004647832808650e-01 2.020305077594770e-02 5.936805469026186e-04
1.006116314917355e-01 2.050623309693136e-02 5.921765838605642e-04
1.007584795705964e-01 1.935701245067964e-02 5.947548509038975e-04
1.009053275172555e-01 1.975561388024468e-02 6.050210679165198e-04
1.010521753315203e-01 2.035419158223802e-02 6.024712593130597e-04
1.011990230131982e-01 2.046640581726158e-02 6.049370727282211e-04
1.013458705620967e-01 1.965988811630260e-02 6.073860307018248e-04
1.014927179780235e-01 2.043154867016710e-02 6.175427218157820e-04
1.016395652607859e-01 2.056947100829517e-02 6.231563596516264e-04
1.017864124101916e-01 1.972370407702180e-02 6.079580168119181e-04
1.019332594260479e-01 2.021297104426863e-02 6.221251993601859e-04
1.020801063081626e-01 2.020291128784494e-02 6.177197088605422e-04
1.022269530563430e-01 1.915855727414247e-02 6.263952210043485e-04
1.023737996703967e-01 1.954980640085280e-02 6.240614203070536e-04
1.025206461501313e-01 1.957018515809955e-02 6.213245671210506e-04
1.026674924953542e-01 1.961796743656805e-02 6.304505272435295e-04
1.028143387058730e-01 1.842558231097983e-02 6.313233570954714e-04
1.029611847814952e-01 1.977920994085504e-02 6.145290875457111e-04
1.031080307220284e-01 1.914590013359204e-02 6.099003183765762e-04
1.032548765272800e-01 1.910602770425581e-02 6.081276579993598e-04
1.034017221970575e-01 1.851513603982727e-02 6.027712987225743e-04
1.035485677311687e-01 1.948468066973742e-02 5.969228305645315e-04
1.036954131294208e-01 1.907333807519901e-02 5.972338384665888e-04
1.038422583916216e-01 1.804078952977758e-02 5.946049165240788e-04
1.039891035175785e-01 1.907120514466192e-02 5.909639370721254e-04
1.041359485070990e-01 1.927062200565259e-02 5.946715506134292e-04
1.042827933599908e-01 1.983099028181017e-02 5.878824563398519e-04
1.044296380760613e-01 1.915339917707321e-02 5.885124327948767e-04
1.045764826551180e-01 1.895006422859507e-02 5.877395053241219e-04
1.047233270969686e-01 1.918738433182922e-02 5.852928980283784e-04
1.048701714014205e-01 1.921705070356776e-02 5.810820197132712e-04
1.050170155682814e-01 1.951469905432552e-02 5.872629932551454e-04
1.051638595973586e-01 1.816162996254178e-02 5.804875098501943e-04
1.053107034884598e-01 1.870166571301531e-02 5.797615788658110e-04
1.054575472413926e-01 1.933331197652769e-02 5.800798587680844e-04
1.056043908559644e-01 1.824213447261071e-02 5.744833079989482e-04
1.057512343319829e-01 1.876840876236696e-02 5.791082024524576e-04
1.058980776692555e-01 1.952219936393833e-02 5.742375343661582e-04
1.060449208675899e-01 1.835286710419699e-02 5.750201855001817e-04
1.061917639267934e-01 1.863366998197033e-02 5.695389721115951e-04
1.063386068466738e-01 1.787598244139020e-02 5.702571167327103e-04
1.064854496270386e-01 1.922504762520061e-02 5.756365501753548e-04
1.066322922676953e-01 1.901718187438529e-02 5.677690423783980e-04
1.067791347684515e-01 1.727378307114934e-02 5.674702684373209e-04
1.069259771291147e-01 1.917194832931840e-02 5.741475638282138e-04
1.070728193494925e-01 1.824114248302772e-02 5.681157891519134e-04
1.072196614293924e-01 1.839739985010216e-02 5.696325495405906e-04
1.073665033686221e-01 1.811655738192918e-02 5.611634704795944e-04
1.075133451669889e-01 1.881522610573040e-02 5.672471153964705e-04
1.076601868243007e-01 1.817544112291436e-02 5.694958743467566e-04
1.078070283403648e-01 1.862888083660110e-02 5.649744576416229e-04
1.079538697149888e-01 1.820252447927047e-02 5.649974694124831e-04
1.081007109479804e-01 1.766242347544759e-02 5.587149249696939e-04
1.082475520391470e-01 1.742569856791287e-02 5.657146415151304e-04
1.083943929882962e-01 1.869674748942386e-02 5.639793560186735e-04
1.085412337952357e-01 1.877075746111088e-02 5.572824061990566e-04
1.086880744597730e-01 1.648286010583064e-02 5.629532904689035e-04
1.088349149817155e-01 1.798660852014760e-02 5.530086733747542e-04
1.089817553608711e-01 1.742625443616318e-02 5.614657740201154e-04
1.091285955970470e-01 1.789121308112575e-02 5.582280035479478e-04
1.092754356900511e-01 1.727276351994550e-02 5.529382376354826e-04
1.094222756396908e-01 1.779171378025246e-02 5.584442484991934e-04
1.095691154457736e-01 1.746043581694784e-02 5.457632448703297e-04
1.097159551081073e-01 1.764235515480826e-02 5.508650440263047e-04
1.098627946264993e-01 1.689760305225879e-02 5.458131891527025e-04
1.100096340007572e-01 1.791937740364108e-02 5.513726403328792e-04
1.101564732306887e-01 1.731342003355993e-02 5.515673844854730e-04
1.103033123161012e-01 1.741224608111125e-02 5.470152042740642e-04
1.104501512568025e-01 1.765459279814848e-02 5.511159385958323e-04
1.105969900525999e-01 1.700475785643829e-02 5.377798158895806e-04
1.107438287033013e-01 1.696870977392640e-02 5.488741815904482e-04
1.108906672087140e-01 1.743547817787988e-02 5.484572914354843e-04
1.110375055686457e-01 1.695062554449444e-02 5.516277945046204e-04
1.111843437829041e-01 1.642753726087495e-02 5.595772917064512e-04
1.113311818512966e-01 1.763770466931403e-02 5.637346192720964e-04
1.114780197736309e-01 1.744827157970811e-02 5.734075338894658e-04
1.116248575497145e-01 1.706193848258925e-02 5.731812867902830e-04
1.117716951793551e-01 1.609252633908882e-02 5.733903749794393e-04
1.119185326623603e-01 1.676767986184538e-02 5.833695602661653e-04
1.120653699985375e-01 1.762301389086992e-02 5.813700690947805e-04
1.122122071876945e-01 1.688389638268467e-02 5.851920704317392e-04
1.123590442296388e-01 1.723651323028463e-02 5.843868592620493e-04
1.125058811241781e-01 1.615806292823538e-02 5.935005307723930e-04
1.126527178711198e-01 1.607101489626065e-02 5.917168248002710e-04
1.127995544702717e-01 1.597501774690578e-02 5.886406870409486e-04
1.129463909214413e-01 1.592472634158949e-02 5.906291231305671e-04
1.130932272244362e-01 1.690377021555779e-02 5.862655766071758e-04
1.132400633790640e-01 1.648596346544029e-02 5.872956700127622e-04
1.133868993851323e-01 1.748396869008476e-02 5.867881257183192e-04
1.135337352424488e-01 1.528937853912116e-02 5.893269646539448e-04
1.136805709508210e-01 1.590454577296771e-02 5.958051471152445e-04
1.138274065100565e-01 1.643556296424966e-02 5.873459688127672e-04
1.139742419199631e-01 1.648620446300906e-02 5.909887847526833e-04
1.141210771803480e-01 1.623163370852440e-02 5.887292440603762e-04
1.142679122910192e-01 1.469896547374587e-02 5.911428691909161e-04
1.144147472517842e-01 1.512459205253612e-02 5.920590201274271e-04
1.145615820624505e-01 1.705094334589843e-02 5.933138758068649e-04
1.147084167228259e-01 1.713595588960010e-02 5.998451562546092e-04
1.148552512327178e-01 1.623078694249080e-02 5.913833087958089e-04
1.150020855919340e-01 1.588539246896634e-02 5.914577347339290e-04
1.151489198002821e-01 1.478678275939364e-02 5.949130533540329e-04
1.152957538575695e-01 1.619406759773897e-02 5.950241035668345e-04
1.154425877636041e-01 1.553472703981528e-02 5.970251923955810e-04
1.155894215181933e-01 1.652878924515372e-02 5.892260392411208e-04
1.157362551211449e-01 1.554845736549136e-02 5.971923700561769e-04
1.158830885722664e-01 1.507176643576556e-02 5.999212952628581e-04
1.160299218713654e-01 1.507702341747153e-02 5.989451034510575e-04
1.161767550182498e-01 1.580871803061852e-02 6.046704616181510e-04
1.163235880127268e-01 1.574458997772229e-02 5.922646980603756e-04
1.164704208546044e-01 1.561888675695800e-02 6.022323236955490e-04
1.166172535436900e-01 1.473647521381120e-02 5.969544434792901e-04
1.167640860797913e-01 1.595109713727264e-02 5.967277134229083e-04
1.169109184627159e-01 1.661087304577580e-02 6.019205184635697e-04
1.170577506922715e-01 1.509586413788357e-02 5.984888015402109e-04
1.172045827682657e-01 1.459250691659561e-02 5.988006179409587e-04
1.173514146905061e-01 1.509610207624208e-02 5.976487595175877e-04
1.174982464588003e-01 1.591242858098078e-02 5.980649152091438e-04
1.176450780729561e-01 1.519291771678201e-02 6.038497726934904e-04
1.177919095327811e-01 1.470580222901739e-02 6.035513147052179e-04
1.179387408380827e-01 1.480749211184045e-02 6.005461950550909e-04
1.180855719886688e-01 1.422175601333998e-02 5.987853283005705e-04
1.182324029843469e-01 1.437697976933021e-02 6.040975480426508e-04
1.183792338249248e-01 1.506758636941954e-02 6.034483944448081e-04
1.185260645102099e-01 1.490153865512104e-02 6.012775210871378e-04
1.186728950400101e-01 1.478715289425983e-02 5.965908366530529e-04
1.188197254141328e-01 1.480933633219638e-02 6.037544635534178e-04
1.189665556323859e-01 1.347536587104818e-02 6.074099948963892e-04
1.191133856945769e-01 1.536928208039244e-02 6.036666522806021e-04
1.192602156005134e-01 1.488944504281044e-02 6.043119755496293e-04
1.194070453500032e-01 1.434694018541066e-02 6.006364094948725e-04
1.195538749428538e-01 1.503642006657588e-02 6.022581275504718e-04
1.197007043788729e-01 1.393677251265537e-02 6.070263634046617e-04
1.198475336578682e-01 1.444771731112242e-02 5.973087046329311e-04
1.199943627796474e-01 1.397479975034688e-02 6.063486743484081e-04
1.201411917440180e-01 1.432616797099727e-02 6.002209029826265e-04
1.202880205507879e-01 1.429718772397184e-02 6.036865304022519e-04
1.204348491997644e-01 1.344190469336462e-02 6.009695922433980e-04
1.205816776907555e-01 1.357352929887588e-02 6.003771971514595e-04
1.207285060235687e-01 1.421821891974020e-02 6.087174295963601e-04
1.208753341980116e-01 1.262143969305741e-02 5.990486263908605e-04
1.210221622138920e-01 1.427750946862008e-02 6.014072894892225e-04
1.211689900710175e-01 1.412674816459918e-02 5.980179683492566e-04
1.213158177691958e-01 1.415182055623052e-02 6.043670665039457e-04
1.214626453082345e-01 1.399698520286587e-02 6.098015071982297e-04
1.216094726879414e-01 1.327318581051773e-02 5.995385047306690e-04
1.217562999081240e-01 1.421304398679167e-02 6.044506624473409e-04
1.219031269685900e-01 1.390278217198725e-02 6.045704604553371e-04
1.220499538691473e-01 1.496480678859658e-02 6.108223785988026e-04
1.221967806096032e-01 1.434305701377648e-02 6.075961482817287e-04
1.223436071897657e-01 1.373291986305079e-02 5.951942805673704e-04
1.224904336094423e-01 1.327719497134578e-02 6.072748338697506e-04
1.226372598684407e-01 1.327217436252418e-02 6.056832334910573e-04
1.227840859665686e-01 1.340989049607136e-02 6.114957469291792e-04
1.229309119036337e-01 1.399992422076635e-02 6.042515495117846e-04
1.230777376794436e-01 1.415046027013644e-02 6.020277452765062e-04
1.232245632938061e-01 1.301169826628497e-02 6.103827740676726e-04
1.233713887465287e-01 1.460710528524571e-02 5.993703595322899e-04
1.235182140374194e-01 1.262759612139024e-02 6.064072089708850e-04
1.236650391662856e-01 1.313427510138856e-02 6.041437999707076e-04
1.238118641329350e-01 1.299563409075703e-02 6.049596153705086e-04
1.239586889371753e-01 1.287406094826229e-02 6.106658421728395e-04
1.241055135788144e-01 1.140924918732783e-02 6.004432499256224e-04
1.242523380576598e-01 1.261270705955712e-02 6.079239392647858e-04
1.243991623735193e-01 1.320199118211912e-02 6.028147478356448e-04
1.245459865262004e-01 1.258406007092711e-02 6.038213595656011e-04
1.246928105155109e-01 1.237405987798050e-02 6.038096729708317e-04
1.248396343412586e-01 1.358537219689995e-02 6.060445212283102e-04
1.249864580032510e-01 1.290509285383704e-02 6.050627004989340e-04
1.251332815012960e-01 1.322176002818624e-02 6.082318454220729e-04
1.252801048352011e-01 1.298412699727832e-02 6.083074188463440e-04
1.254269280047742e-01 1.202104227552437e-02 6.057227201522790e-04
1.255737510098228e-01 1.304235734095625e-02 6.073595369548018e-04
1.257205738501548e-01 1.246077293142089e-02 6.097008352604239e-04
1.258673965255777e-01 1.255657082179511e-02 6.070338442180369e-04
1.260142190358993e-01 1.109656230842040e-02 6.033738098503055e-04
1.261610413809274e-01 1.140629188849924e-02 6.056662415424079e-04
1.263078635604696e-01 1.255643675754110e-02 6.002895939100780e-04
1.264546855743336e-01 1.144428594384900e-02 6.074401706537059e-04
1.266015074223272e-01 1.282643918947002e-02 5.994830062583072e-04
1.267483291042580e-01 1.214503260178634e-02 6.024617875236018e-04
1.268951506199338e-01 1.185026754738260e-02 5.970014814829486e-04
1.270419719691622e-01 1.223597079381062e-02 6.038597958917250e-04
1.271887931517510e-01 1.313857141385709e-02 5.996567276880953e-04
1.273356141675080e-01 1.206890151825206e-02 6.007508693489301e-04
1.274824350162407e-01 1.155858114346688e-02 5.969634989086727e-04
1.276292556977570e-01 1.176059310442281e-02 5.982505841871539e-04
1.277760762118645e-01 1.201635883607135e-02 6.053954308164329e-04
1.279228965583711e-01 1.182597908692983e-02 5.972658034040796e-04
1.280697167370843e-01 1.151853033979292e-02 6.006463088363640e-04
1.282165367478119e-01 1.183844554878002e-02 6.036677762047387e-04
1.283633565903617e-01 1.208593207513401e-02 5.922636919387941e-04
1.285101762645414e-01 1.101971397091521e-02 5.978558919656727e-04
1.286569957701586e-01 1.229188818884937e-02 5.954966227192134e-04
1.288038151070212e-01 1.169811996092754e-02 5.973113714288111e-04
1.289506342749369e-01 1.191032079088305e-02 5.985223515324056e-04
1.290974532737133e-01 1.209257856130530e-02 5.971249981479857e-04
1.292442721031583e-01 1.117058419571638e-02 5.976250448374723e-04
1.293910907630794e-01 1.254158393951234e-02 5.994982870670973e-04
1.295379092532846e-01 1.051968877316609e-02 5.950136817293955e-04
1.296847275735815e-01 1.090647335989807e-02 5.966642586947926e-04
1.298315457237779e-01 1.110541220088648e-02 5.975031975777259e-04
1.299783637036815e-01 1.168836587700172e-02 6.072561139000391e-04
1.301251815131000e-01 1.098326125403052e-02 5.915173865491645e-04
1.302719991518412e-01 1.116089103744456e-02 5.991264672822929e-04
1.304188166197129e-01 1.104231374946492e-02 5.968064971392250e-04
1.305656339165226e-01 1.101781233548558e-02 6.067921620535900e-04
1.307124510420783e-01 1.097405390983965e-02 5.977988174849424e-04
1.308592679961877e-01 1.145508551063975e-02 6.022028741256250e-04
1.310060847786584e-01 1.110466707763086e-02 5.971665794005926e-04
1.311529013892983e-01 1.068628660335939e-02 5.991610916103210e-04
1.312997178279152e-01 1.158932278723822e-02 6.032190350841749e-04
1.314465340943166e-01 1.178805345773213e-02 6.001164245036315e-04
1.315933501883105e-01 1.130648699584202e-02 5.926607363990206e-04
1.317401661097045e-01 1.055858910930494e-02 5.963878417884996e-04
1.318869818583065e-01 9.859388166550808e-03 5.969437782914692e-04
1.320337974339242e-01 1.062716169266886e-02 6.024367922982316e-04
1.321806128363652e-01 1.030416123401808e-02 5.962655990166939e-04
1.323274280654375e-01 1.045393161164348e-02 5.997820802494620e-04
1.324742431209487e-01 1.020200568673239e-02 6.045702073002731e-04
1.326210580027065e-01 1.136308429973337e-02 5.958803144864452e-04
1.327678727105190e-01 1.064681957018394e-02 5.990981858512073e-04
1.329146872441935e-01 1.004339435077658e-02 5.944743182572860e-04
1.330615016035382e-01 1.029601393182356e-02 5.956480139899133e-04
1.332083157883606e-01 1.012176384964714e-02 5.934043176320165e-04
1.333551297984685e-01 1.019139139191755e-02 5.978616911104305e-04
1.335019436336697e-01 9.396738171432913e-03 5.976175480516011e-04
1.336487572937721e-01 9.326969605711140e-03 5.949209215259965e-04
1.337955707785833e-01 9.556859968079383e-03 6.039611463766363e-04
1.339423840879111e-01 8.853630467587406e-03 5.983056319345589e-04
1.340891972215633e-01 1.155844140881219e-02 6.001859008274214e-04
1.342360101793477e-01 1.161795862301138e-02 6.012354916828835e-04
1.343828229610720e-01 1.041457685568396e-02 5.902575526343971e-04
1.345296355665440e-01 1.033763178358151e-02 6.015182627092836e-04
1.346764479955716e-01 9.356727093490504e-03 5.930207034789699e-04
1.348232602479625e-01 9.378209211026054e-03 5.982385789583917e-04
1.349700723235245e-01 1.092492106790713e-02 6.017750331839687e-04
1.351168842220653e-01 1.088727391453961e-02 5.958523243443639e-04
1.352636959433928e-01 1.033395108162148e-02 5.982141256110066e-04
1.354105074873147e-01 1.019746090421262e-02 5.894621871830613e-04
1.355573188536388e-01 9.724763157039787e-03 6.011872684431239e-04
1.357041300421729e-01 1.045985079176671e-02 6.000059384998793e-04
1.358509410527249e-01 9.188356143006692e-03 5.997573905237745e-04
1.359977518851024e-01 9.053141789798803e-03 6.007827808494026e-04
1.361445625391133e-01 9.942592117419453e-03 5.919411357094424e-04
1.362913730145654e-01 1.044424677889572e-02 5.988306845414217e-04
1.364381833112665e-01 9.715156408740018e-03 5.922371965950006e-04
1.365849934290243e-01 9.812049854701549e-03 5.969332026342821e-04
1.367318033676468e-01 9.295038623767113e-03 6.034002155118963e-04
1.368786131269416e-01 8.924339593576587e-03 5.911943987072150e-04
1.370254227067166e-01 1.008616609139407e-02 5.974684474201502e-04
1.371722321067795e-01 9.714813146785309e-03 5.932520044128445e-04
1.373190413269383e-01 8.971160692469483e-03 5.933065738907413e-04
1.374658503670007e-01 8.845755729981575e-03 5.983592490594841e-04
1.376126592267744e-01 9.604917915789603e-03 5.976277428300079e-04
1.377594679060673e-01 9.002890331093591e-03 6.054444772050028e-04
1.379062764046873e-01 9.757212955538112e-03 5.948182898721030e-04
1.380530847224421e-01 8.196761391411362e-03 5.965124950702397e-04
1.381998928591395e-01 8.757887507505361e-03 6.033177161208198e-04
1.383467008145873e-01 8.997914582214675e-03 5.952817704426600e-04
1.384935085885935e-01 1.029062665571822e-02 6.044091148679268e-04
1.386403161809657e-01 9.070740547411412e-03 5.898732192287682e-04
1.387871235915119e-01 9.561062166309907e-03 5.984067570597699e-04
1.389339308200397e-01 8.878240076251648e-03 5.979110266828981e-04
1.390807378663571e-01 9.470039825817922e-03 5.964838446191263e-04
1.392275447302719e-01 8.807114828399387e-03 5.983965333636826e-04
1.393743514115918e-01 9.145459820714040e-03 5.934316707898827e-04
1.395211579101248e-01 8.751186032403569e-03 6.028957237488603e-04
1.396679642256785e-01 7.999297615486128e-03 5.979351393074860e-04
1.398147703580609e-01 8.769776327190127e-03 5.951108862252426e-04
1.399615763070799e-01 8.390404437481166e-03 5.976802778545679e-04
1.401083820725432e-01 7.045228876688786e-03 5.963622190609787e-04
1.402551876542587e-01 8.731641982752340e-03 6.040445686540333e-04
1.404019930520340e-01 8.192086610063419e-03 5.978560323703577e-04
1.405487982656773e-01 8.532503165100376e-03 6.040529960581009e-04
1.406956032949962e-01 7.839235918369198e-03 6.162188163279995e-04
1.408424081397986e-01 8.006644269084637e-03 6.290081948220174e-04
1.409892127998923e-01 8.044875254322150e-03 6.351142901330578e-04
1.411360172750852e-01 7.589615230512581e-03 6.460453366726554e-04
1.412828215651852e-01 8.336369031857528e-03 6.549897296478488e-04
1.414296256699999e-01 8.690848613411252e-03 6.511239029874952e-04
1.415764295893374e-01 8.342177846122144e-03 6.660798044984769e-04
1.417232333230055e-01 8.810907259451529e-03 6.657692669784233e-04
1.418700368708119e-01 9.900836088528254e-03 6.865224276834732e-04
1.420168402325645e-01 7.182351660558190e-03 6.865860034493969e-04
1.421636434080713e-01 8.841795618858089e-03 6.856807865605946e-04
1.423104463971400e-01 8.337745066390576e-03 7.032053998025698e-04
1.424572491995785e-01 8.414641447018652e-03 7.041103248843176e-04
1.426040518151946e-01 8.306829084174950e-03 7.180809826250733e-04
1.427508542437963e-01 7.879699134084456e-03 7.042709139211435e-04
1.428976564851913e-01 7.268257236436136e-03 7.156109399222853e-04
1.430444585391876e-01 8.270903938369207e-03 7.258878791554196e-04
1.431912604055929e-01 7.936866011638363e-03 7.316227854028234e-04
1.433380620842152e-01 7.465585184169450e-03 7.267675383314420e-04
1.434848635748623e-01 7.597331049043256e-03 7.290492850913788e-04
1.436316648773420e-01 8.178452705375931e-03 7.412872110431943e-04
1.437784659914622e-01 6.654207449449854e-03 7.451970377565622e-04
1.439252669170309e-01 7.585149249877341e-03 7.644376865882597e-04
1.440720676538558e-01 7.877054898322060e-03 7.459388884190467e-04
1.442188682017449e-01 8.629958869175499e-03 7.680590113435977e-04
1.443656685605060e-01 6.717618282338161e-03 7.698890597373757e-04
1.445124687299469e-01 7.223242351729606e-03 7.827815779061895e-04
1.446592687098756e-01 7.293315049213273e-03 7.744603318858959e-04
1.448060685000999e-01 6.809187498263710e-03 7.944195457097750e-04
1.449528681004278e-01 8.051114836118129e-03 7.871098880150951e-04
1.450996675106670e-01 6.786226989985088e-03 7.901225248592979e-04
1.452464667306255e-01 9.164306887176572e-03 7.967161493607534e-04
1.453932657601112e-01 7.272208021453845e-03 8.018227220882707e-04
1.455400645989318e-01 8.448011395118343e-03 8.164015434322103e-04
1.456868632468954e-01 6.818968157096575e-03 8.043239141048978e-04
1.458336617038097e-01 7.839922844858639e-03 8.168358610648604e-04
1.459804599694828e-01 6.754835756329759e-03 8.097441627882176e-04
1.461272580437224e-01 7.023341200723134e-03 8.328717367418896e-04
1.462740559263364e-01 7.718078215493467e-03 8.345948482661441e-04
1.464208536171328e-01 6.685692379063703e-03 8.445210492816855e-04
1.465676511159195e-01 6.576028965446614e-03 8.428413887431284e-04
1.467144484225043e-01 7.057433344962829e-03 8.437951445296408e-04
1.468612455366952e-01 7.984313740670209e-03 8.543865765780622e-04
1.470080424582999e-01 6.765895761179977e-03 8.608144719641983e-04
1.471548391871265e-01 6.247471861528411e-03 8.417961802815509e-04
1.473016357229828e-01 6.396221270850379e-03 8.733046976546238e-04
1.474484320656767e-01 6.741075945540166e-03 8.599183534456576e-04
1.475952282150162e-01 7.044288598175091e-03 8.721400974566613e-04
1.477420241708091e-01 7.439678224210739e-03 8.729425716959052e-04
1.478888199328633e-01 7.066579521088838e-03 8.760980476081802e-04
1.480356155009868e-01 7.703316693735574e-03 8.862904638263030e-04
1.481824108749874e-01 6.381737823407930e-03 8.683930794784904e-04
1.483292060546731e-01 6.510475022492845e-03 8.940644730910976e-04
1.484760010398518e-01 6.218796317566948e-03 8.633419888128415e-04
1.486227958303313e-01 5.094760056746199e-03 8.913657870095943e-04
1.487695904259196e-01 5.951020035342199e-03 9.033708724069128e-04
1.489163848264247e-01 7.672436472730193e-03 8.788622683842052e-04
1.490631790316544e-01 5.278221776179264e-03 9.084982608555597e-04
1.492099730414167e-01 7.087629282697260e-03 9.432992718572349e-04
1.493567668555194e-01 5.570216149863506e-03 9.114296255554079e-04
1.495035604737705e-01 6.274266002060668e-03 9.096773900902311e-04
1.496503538959780e-01 6.896333803877341e-03 8.893604437900542e-04
1.497971471219496e-01 5.813007747657152e-03 9.122922432546039e-04
1.499439401514935e-01 6.281039870452313e-03 8.877768144144906e-04
1.500907329844174e-01 6.674087493174896e-03 9.230907386024585e-04
1.502375256205293e-01 6.549772233081288e-03 9.016954163109427e-04
1.503843180596373e-01 6.435800081202063e-03 9.072913297524107e-04
1.505311103015491e-01 5.586431624462029e-03 9.305355315944037e-04
1.506779023460727e-01 6.443148778016433e-03 9.013015647165841e-04
1.508246941930161e-01 5.919614801745979e-03 9.193336915754952e-04
1.509714858421872e-01 5.726457396658967e-03 9.039994990739884e-04
1.511182772933938e-01 7.246921556026046e-03 9.156646172751034e-04
1.512650685464441e-01 6.054383424776216e-03 9.348465909067763e-04
1.514118596011459e-01 6.634450709739734e-03 9.154098934064698e-04
1.515586504573071e-01 6.264406878203904e-03 9.271149871562241e-04
1.517054411147357e-01 6.372156857812983e-03 9.210207144674321e-04
1.518522315732397e-01 4.741368003782729e-03 9.250992398531037e-04
1.519990218326269e-01 5.292414695901821e-03 9.269154968182969e-04
1.521458118927054e-01 6.201541615747652e-03 9.205613989637681e-04
1.522926017532831e-01 5.369491461361388e-03 9.433469557374966e-04
1.524393914141679e-01 6.574125913000846e-03 9.335566095095806e-04
1.525861808751677e-01 4.886177660443762e-03 9.490151727276487e-04
1.527329701360906e-01 5.124614112669254e-03 9.383410114769889e-04
1.528797591967446e-01 6.184210896602753e-03 9.413496674575745e-04
1.530265480569374e-01 5.623770280704868e-03 9.711717587222723e-04
1.531733367164773e-01 7.258741783805005e-03 9.248471111831788e-04
1.533201251751719e-01 6.243504012590335e-03 9.668857668466347e-04
1.534669134328294e-01 6.575230747575908e-03 9.454119393464593e-04
1.536137014892578e-01 6.188574719233064e-03 9.747747913530542e-04
1.537604893442648e-01 4.658782063073578e-03 9.715648503251852e-04
1.539072769976586e-01 5.375439102544201e-03 9.579670662115124e-04
1.540540644492471e-01 4.266329832987256e-03 9.791841325055375e-04
1.542008516988383e-01 4.579967957559023e-03 9.647426435482489e-04
1.543476387462401e-01 3.448394299009033e-03 9.851354145678233e-04
1.544944255912605e-01 5.672773280459405e-03 9.802322847382743e-04
1.546412122337075e-01 4.584795445007036e-03 9.826617015415008e-04
1.547879986733890e-01 6.953272327369072e-03 9.963529033739122e-04
1.549347849101131e-01 6.142330972400541e-03 9.907254770647473e-04
1.550815709436878e-01 6.231523479455282e-03 9.979744476850255e-04
1.552283567739209e-01 4.230587829547927e-03 9.840362062645831e-04
1.553751424006205e-01 3.987279489496035e-03 9.947131681718807e-04
1.555219278235946e-01 4.884403450305122e-03 1.007858309064039e-03
1.556687130426511e-01 5.903185355943525e-03 1.010456931363612e-03
1.558154980575980e-01 5.249423305460697e-03 1.017022836248730e-03
1.559622828682433e-01 4.931045675649334e-03 1.006407744054571e-03
1.561090674743951e-01 5.173332846965810e-03 1.020436276652446e-03
1.562558518758612e-01 4.022213260890726e-03 1.009362880333625e-03
1.564026360724498e-01 5.404520650709617e-03 1.034965655518570e-03
1.565494200639687e-01 5.301110353608982e-03 1.010514055562960e-03
1.566962038502260e-01 4.585388864575488e-03 1.025735295470106e-03
1.568429874310297e-01 5.927416852178936e-03 1.047209864526675e-03
1.569897708061878e-01 3.070463705723997e-03 1.031203982983755e-03
1.571365539755082e-01 4.421455084010116e-03 1.038940190752036e-03
1.572833369387990e-01 4.554538189072995e-03 1.041236306147598e-03
1.574301196958682e-01 6.928537488927504e-03 1.044154055574790e-03
1.575769022465238e-01 6.243559196852115e-03 1.071078825270381e-03
1.577236845905738e-01 6.470307420089643e-03 1.030922142397397e-03
1.578704667278262e-01 5.521023937530821e-03 1.065735123382843e-03
1.580172486580890e-01 5.652461823626054e-03 1.065429917064320e-03
1.581640303811701e-01 5.837890441760325e-03 1.061608058794821e-03
1.583108118968778e-01 4.561644181665847e-03 1.071013871780501e-03
1.584575932050198e-01 4.265149484992014e-03 1.075932331715881e-03
1.586043743054044e-01 2.371895638694214e-03 1.083253845284387e-03
1.587511551978395e-01 2.466685980085849e-03 1.081251739266417e-03
1.588979358821330e-01 3.771619081537741e-03 1.080812881142798e-03
1.590447163580930e-01 4.735244698216736e-03 1.095850097881242e-03
1.591914966255276e-01 4.471253148712005e-03 1.094664945699819e-03
1.593382766842448e-01 6.406685227439290e-03 1.112835707135851e-03
1.594850565340525e-01 5.887702480129665e-03 1.117152459067269e-03
1.596318361747588e-01 5.835741549207685e-03 1.111051599502275e-03
1.597786156061718e-01 4.063160724763764e-03 1.124704918446294e-03
1.599253948280995e-01 6.734810430111634e-03 1.129473370767836e-03
1.600721738403499e-01 3.669986433794680e-03 1.132678112216794e-03
1.602189526427309e-01 3.667140723209231e-03 1.122133759167780e-03
1.603657312350509e-01 3.452751815756066e-03 1.150528094897702e-03
1.605125096171175e-01 5.534300329021848e-03 1.139691573663987e-03
1.606592877887390e-01 3.710821713790234e-03 1.132412636758873e-03
1.608060657497234e-01 2.547174997434244e-03 1.145801162891038e-03
1.609528434998787e-01 6.499438300010031e-03 1.169393328960426e-03
1.610996210390131e-01 5.454186627896713e-03 1.159386024166853e-03
1.612463983669344e-01 5.279253128486114e-03 1.177729597419019e-03
1.613931754834508e-01 3.658218249441307e-03 1.154229102018024e-03
1.615399523883702e-01 2.347767840443254e-03 1.166982870084637e-03
1.616867290815008e-01 5.555800141217005e-03 1.179283407853976e-03
1.618335055626506e-01 1.925143022861071e-03 1.175792527506763e-03
1.619802818316277e-01 4.662252567104027e-03 1.195781909972804e-03
1.621270578882401e-01 3.632081430340751e-03 1.183038546570075e-03
1.622738337322958e-01 3.900503651556695e-03 1.190862887285687e-03
1.624206093636030e-01 3.782189276323219e-03 1.189244454230763e-03
1.625673847819697e-01 3.165488282731961e-03 1.217331671980422e-03
1.627141599872038e-01 3.409405393773721e-03 1.210255539833077e-03
1.628609349791136e-01 1.081842612022551e-03 1.216002643192925e-03
1.630077097575070e-01 4.509812935016488e-03 1.224686238614419e-03
1.631544843221922e-01 5.478091207368255e-03 1.206703854816186e-03
1.633012586729772e-01 4.072674046819201e-03 1.232952557173279e-03
1.634480328096700e-01 3.141820691598505e-03 1.241599110683362e-03
1.635948067320787e-01 3.514248216207651e-03 1.240289448542528e-03
1.637415804400115e-01 4.863098331075000e-03 1.240937212409398e-03
1.638883539332764e-01 5.168700846814072e-03 1.274503405014223e-03
1.640351272116813e-01 5.387380936087966e-03 1.279289849497148e-03
1.641819002750345e-01 3.877271666141203e-03 1.289817576307236e-03
1.643286731231440e-01 3.652291959135875e-03 1.273640929419219e-03
1.644754457558179e-01 4.922038779202733e-03 1.281529995558076e-03
1.646222181728642e-01 3.639236825869383e-03 1.282052683132192e-03
1.647689903740911e-01 2.985124667983833e-03 1.287539106428082e-03
1.649157623593066e-01 1.357280695689970e-03 1.340788639056976e-03
1.650625341283188e-01 2.529810874861491e-03 1.285518211551084e-03
1.652093056809359e-01 5.536721444365190e-03 1.323432768370747e-03
1.653560770169658e-01 1.761740803999907e-03 1.332128457010670e-03
1.655028481362167e-01 3.785494631534774e-03 1.346364300289811e-03
1.656496190384967e-01 3.303547261746829e-03 1.340704377508812e-03
1.657963897236138e-01 2.717649197491336e-03 1.338842904367699e-03
1.659431601913762e-01 3.640951650768551e-03 1.333109604676116e-03
1.660899304415920e-01 4.135602914758881e-03 1.365359482108577e-03
1.662367004740692e-01 2.463211820238916e-03 1.385400478315772e-03
1.663834702886159e-01 3.095075224445936e-03 1.382972964732902e-03
1.665302398850404e-01 2.323324525085508e-03 1.385176187803911e-03
1.666770092631506e-01 3.356062176214915e-03 1.400398413673372e-03
1.668237784227546e-01 5.139099204586745e-03 1.422869525165869e-03
1.669705473636607e-01 7.346668041881174e-03 1.435640794371231e-03
1.671173160856769e-01 3.140598948504734e-03 1.420716877930843e-03
1.672640845886112e-01 2.916944040167939e-03 1.407340758653090e-03
1.674108528722718e-01 3.896665612243732e-03 1.432497415698404e-03
1.675576209364669e-01 1.188424755042309e-03 1.469969763222352e-03
1.677043887810044e-01 3.264137569592189e-03 1.422236450003786e-03
1.678511564056927e-01 2.968982433155520e-03 1.481346714515573e-03
1.679979238103397e-01 2.777004379416720e-03 1.526367464252041e-03
1.681446909947535e-01 4.752880085213753e-03 1.497547312984356e-03
1.682914579587425e-01 2.102225536724285e-03 1.507982517115319e-03
1.684382247021145e-01 1.795496048497847e-03 1.470913936858792e-03
1.685849912246778e-01 5.391287626269039e-03 1.540483458015591e-03
1.687317575262405e-01 3.559430073183155e-03 1.557210862484119e-03
1.688785236066107e-01 1.351661976150078e-04 1.530877993302832e-03
1.690252894655966e-01 1.993521273367683e-03 1.554468603952316e-03
1.691720551030063e-01 5.237161194983938e-03 1.579261329244191e-03
1.693188205186478e-01 5.980924800955261e-03 1.630295921539572e-03
1.694655857123294e-01 4.215512049189941e-03 1.603894332139677e-03
1.696123506838591e-01 2.662995759277914e-03 1.635311891311432e-03
1.697591154330453e-01 4.261103084312134e-03 1.635481300555449e-03
1.699058799596958e-01 2.787296516251953e-03 1.635259241519441e-03
1.700526442636189e-01 2.162384688492083e-03 1.651942818654941e-03
1.701994083446229e-01 4.396948775619598e-03 1.615701193238313e-03
1.703461722025157e-01 6.595506739736616e-04 1.697996452309336e-03
1.704929358371055e-01 3.007415657588461e-03 1.633619033923423e-03
1.706396992482005e-01 1.542306645892920e-03 1.678020295845153e-03
1.707864624356089e-01 4.653755911176064e-03 1.725158589677775e-03
1.709332253991387e-01 1.748905751036447e-03 1.697108834006777e-03
1.710799881385982e-01 3.628893348382094e-03 1.782251499208401e-03
1.712267506537955e-01 2.456376205206766e-03 1.809839765722287e-03
1.713735129445388e-01 1.351034946423111e-03 1.779895601807026e-03
1.715202750106361e-01 1.959687651738521e-03 1.814196358717023e-03
1.716670368518958e-01 3.172827638718262e-03 1.828805741338759e-03
1.718137984681258e-01 3.401998671934108e-03 1.861052856934353e-03
1.719605598591345e-01 4.235910781263399e-03 1.846156545116919e-03
1.721073210247299e-01 4.806690592000679e-03 1.845346748317362e-03
1.722540819647203e-01 1.555703934608312e-03 1.897733431207633e-03
1.724008426789137e-01 1.992977604223021e-03 1.936785184994581e-03
1.725476031671185e-01 3.286761855544441e-03 1.910481195459150e-03
1.726943634291426e-01 -1.134537461557970e-03 2.007909653551939e-03
1.728411234647944e-01 -2.505829520734079e-03 1.967111555990858e-03
1.729878832738820e-01 4.522829158347705e-03 1.952267597289297e-03
1.731346428562135e-01 2.569860422813841e-03 2.089146118287268e-03
1.732814022115972e-01 2.468073928797577e-04 1.986999277063467e-03
1.734281613398412e-01 3.181334969073743e-03 2.137223329981889e-03
1.735749202407538e-01 -1.687996055625347e-04 2.081151764286642e-03
1.737216789141430e-01 1.067123382470924e-03 2.137379451826222e-03
1.738684373598171e-01 2.018078246047039e-03 2.156750544622245e-03
1.740151955775843e-01 3.550518924425552e-03 2.168765165332453e-03
1.741619535672527e-01 1.642277304031182e-03 2.246563994181609e-03
1.743087113286306e-01 2.331377438886905e-04 2.295926591850379e-03
1.744554688615261e-01 3.252252172193946e-03 2.308929305083961e-03
1.746022261657475e-01 5.651896102808740e-06 2.319895237979686e-03
1.747489832411029e-01 2.865792778145851e-03 2.434316629758716e-03
1.748957400874005e-01 3.787840702035054e-03 2.428796733386474e-03
1.750424967044485e-01 -2.004439264898302e-03 2.361186711356203e-03
1.751892530920552e-01 3.093479250355757e-04 2.607389086439100e-03
1.753360092500287e-01 1.684523208574598e-03 2.613245322827033e-03
1.754827651781772e-01 1.281175549291124e-03 2.539009953828874e-03
1.756295208763090e-01 4.787614764196135e-03 2.604577505709985e-03
1.757762763442323e-01 2.064261648911781e-03 2.692036211688352e-03
1.759230315817552e-01 3.398908453462269e-03 2.856442456418400e-03
1.760697865886859e-01 1.663643109393694e-03 2.939528131536135e-03
1.762165413648328e-01 9.235978832530595e-03 2.937402157616628e-03
1.763632959100039e-01 -1.920246189981452e-04 2.935479732043880e-03
1.765100502240076e-01 -1.010780673325271e-03 3.016754038085453e-03
1.766568043066521e-01 2.134825177278840e-03 3.254780418779685e-03
1.768035581577454e-01 -6.054554083819120e-04 3.286190211926168e-03
1.769503117770959e-01 -9.250574617323541e-05 3.467531115940821e-03
1.770970651645119e-01 4.126239003380298e-03 3.437692461695211e-03
1.772438183198014e-01 4.155719382638317e-03 3.494795575606055e-03
1.773905712427729e-01 3.781454566362212e-03 3.966415786795198e-03
1.775373239332344e-01 8.717889816255927e-03 3.880511787280731e-03
1.776840763909942e-01 2.862385576107400e-03 4.295256884935973e-03
1.778308286158606e-01 1.729294693433525e-03 4.469169759428150e-03
1.779775806076418e-01 -1.849157891499216e-03 4.705543695094037e-03
1.781243323661459e-01 5.706243230501944e-03 5.134219332249153e-03
1.782710838911813e-01 -5.146606688901808e-03 5.341773819157950e-03
1.784178351825563e-01 -7.876165169229527e-03 6.019300530127335e-03
1.785645862400790e-01 -1.132250578764423e-02 7.053409228746708e-03
1.787113370635576e-01 7.916003994159111e-03 8.022071176438437e-03
1.788580876528005e-01 -7.108976714654313e-03 1.028254150783701e-02
1.790048380076158e-01 1.218799389640508e-03 1.159278114771627e-02
