<X> <Y> <dY>
8.813602216919226e-04 -7.944231456586954e+01 2.736663951095481e+00
1.028253589049351e-03 -7.381488758032528e+01 1.490439801789329e+00
1.175146955056984e-03 -3.615883025754552e+01 1.133960076801319e+00
1.322040319521992e-03 -2.751579942960171e+01 6.958996322671789e-01
1.468933682251548e-03 -1.901468654376230e+01 5.051914864129212e-01
1.615827043052824e-03 -1.232586958200564e+01 3.563066826820331e-01
1.762720401732992e-03 -9.106844532828219e+00 3.086744714219012e-01
1.909613758099223e-03 -7.070999635924818e+00 2.647202006047212e-01
2.056507111958691e-03 -5.442001345180375e+00 2.230967073829770e-01
2.203400463118568e-03 -3.030772737725655e+00 1.962300151929733e-01
2.350293811386024e-03 -2.950555488354032e+00 1.645688058770415e-01
2.497187156568232e-03 -2.227569439267427e+00 1.479900998739432e-01
2.644080498472365e-03 -1.717384342613381e+00 1.293211045669769e-01
2.790973836905595e-03 -1.516648916772094e+00 1.138428148589813e-01
2.937867171675094e-03 -1.118008431624179e+00 1.052398165569181e-01
3.084760502588034e-03 -9.048609084081025e-01 9.326418028401447e-02
3.231653829451588e-03 -7.335873716558703e-01 8.532206554751463e-02
3.378547152072927e-03 -6.701329163068567e-01 7.819338849690161e-02
3.525440470259224e-03 -4.819579603475456e-01 7.056226851832721e-02
3.672333783817651e-03 -4.303248323355741e-01 6.580511277200113e-02
3.819227092555382e-03 -3.509219281640464e-01 5.928605739510544e-02
3.966120396279587e-03 -2.977547898285002e-01 5.658382745951609e-02
4.113013694797441e-03 -3.659834743120433e-01 5.112244053340632e-02
4.259906987916115e-03 -2.078170256416879e-01 4.735305274891844e-02
4.406800275442781e-03 -1.999806293078694e-01 4.476752805048117e-02
4.553693557184614e-03 -1.695798724212542e-01 4.135785751990452e-02
4.700586832948783e-03 -2.091192822985977e-01 3.869186529051962e-02
4.847480102542463e-03 -9.504186092683641e-02 3.603168513050276e-02
4.994373365772829e-03 -1.235600706421961e-01 3.407573586277703e-02
5.141266622447048e-03 -7.207071375917656e-02 3.204856683251349e-02
5.288159872372297e-03 -1.006622832948793e-01 2.965887450331816e-02
5.435053115355749e-03 -4.759586306263801e-02 2.831426772569934e-02
5.581946351204576e-03 -6.205946083709880e-02 2.667655281976082e-02
5.728839579725948e-03 -6.738432563064101e-02 2.489372312740117e-02
5.875732800727044e-03 -1.073122834069667e-02 2.379101651987104e-02
6.022626014015034e-03 -4.699038608274356e-02 2.253557390575172e-02
6.169519219397089e-03 -4.715858329759116e-02 2.135682913813189e-02
6.316412416680385e-03 -3.263240171897606e-02 2.043725500884692e-02
6.463305605672094e-03 -3.641429819223906e-02 1.915025586872747e-02
6.610198786179393e-03 -2.300734413265653e-02 1.819581429969952e-02
6.757091958009447e-03 -4.323514765988794e-02 1.726359982870915e-02
6.903985120969439e-03 -2.298605987517077e-02 1.649736817687423e-02
7.050878274866538e-03 -2.654432607927241e-02 1.586295260103926e-02
7.197771419507919e-03 -1.730050353161686e-02 1.486267470403180e-02
7.344664554700750e-03 -9.915739356988184e-03 1.431148810302007e-02
7.491557680252214e-03 -7.841252274123769e-03 1.381065671416524e-02
7.638450795969478e-03 -7.945971805994292e-03 1.307544772665327e-02
7.785343901659718e-03 -3.091103591810809e-03 1.260171992533000e-02
7.932236997130110e-03 -2.871537306312422e-02 1.192695657054802e-02
8.079130082187821e-03 -5.533632769206386e-03 1.157389506851083e-02
8.226023156640037e-03 3.033835841822128e-03 1.112324682987902e-02
8.372916220293923e-03 7.332128587672295e-03 1.052915793529829e-02
8.519809272956652e-03 2.197121000096144e-02 1.021140232147115e-02
8.666702314435403e-03 -1.833630254088307e-02 9.793733989318572e-03
8.813595344537354e-03 2.654249823642459e-04 9.467363837282753e-03
8.960488363069672e-03 -3.512790884950903e-03 9.113030956913837e-03
9.107381369839535e-03 4.808435127813064e-03 8.655182050087674e-03
9.254274364654119e-03 -1.011172116838425e-02 8.445952807795799e-03
9.401167347320593e-03 7.373746420652122e-03 8.100047251170271e-03
9.548060317646137e-03 -5.436882696561370e-04 7.895826874768891e-03
9.694953275437929e-03 3.180192209051825e-03 7.612833573878540e-03
9.841846220503138e-03 -3.302310438798554e-03 7.270111266371808e-03
9.988739152648940e-03 -4.152630041693690e-03 7.121222564474454e-03
1.013563207168251e-02 -1.988518378542200e-03 6.810197454770801e-03
1.028252497741103e-02 1.053422336598260e-02 6.567559117342540e-03
1.042941786964167e-02 3.804794588935752e-03 6.388070099058686e-03
1.057631074818160e-02 2.313889036782000e-04 6.195913453025067e-03
1.072320361283801e-02 2.512209958604753e-03 6.066821545490416e-03
1.087009646341806e-02 1.545036713202839e-02 5.751576390159414e-03
1.101698929972894e-02 5.347433076567979e-03 5.608334260742016e-03
1.116388212157781e-02 1.461573399734224e-02 5.486813568741630e-03
1.131077492877186e-02 6.023728632359604e-03 5.309195137759292e-03
1.145766772111827e-02 1.065886604199678e-02 5.187856651007067e-03
1.160456049842420e-02 9.489957078511564e-03 4.986485354676866e-03
1.175145326049683e-02 1.118530969235915e-02 4.860937210858100e-03
1.189834600714335e-02 1.231508448668273e-02 4.717620467529091e-03
1.204523873817092e-02 2.069580114857977e-03 4.591988280259621e-03
1.219213145338673e-02 8.022368453886283e-03 4.448288446817626e-03
1.233902415259795e-02 5.888432264650601e-03 4.348677334207502e-03
1.248591683561175e-02 5.248426742783534e-03 4.246617228725506e-03
1.263280950223533e-02 1.829919107763375e-03 4.137772574831585e-03
1.277970215227585e-02 1.262096476408101e-02 3.962669673149120e-03
1.292659478554047e-02 2.525447326354425e-03 3.890075142749170e-03
1.307348740183641e-02 6.999245421744517e-03 3.818217389470593e-03
1.322038000097082e-02 1.193109963115558e-02 3.705601565240809e-03
1.336727258275089e-02 1.329811809680778e-02 3.615933473560860e-03
1.351416514698378e-02 3.040431362025517e-03 3.526986525656068e-03
1.366105769347668e-02 4.417182206234002e-03 3.437632637865140e-03
1.380795022203677e-02 1.035152595119432e-02 3.382008960051989e-03
1.395484273247122e-02 1.244644089120527e-02 3.262943377375623e-03
1.410173522458722e-02 3.466145415020380e-03 3.192662540881713e-03
1.424862769819194e-02 1.210568371391441e-02 3.141085022637318e-03
1.439552015309257e-02 6.272186845666176e-03 3.064980361104879e-03
1.454241258909627e-02 8.870994084682981e-03 3.002775158309744e-03
1.468930500601023e-02 1.084494402888327e-02 2.903818953704504e-03
1.483619740364163e-02 1.546476333135023e-02 2.850483617235649e-03
1.498308978179765e-02 1.503862240406413e-02 2.817305241071598e-03
1.512998214028546e-02 1.249326878795478e-02 2.731330109019629e-03
1.527687447891225e-02 1.302794601564916e-02 2.681607448601299e-03
1.542376679748520e-02 1.121888938590987e-02 2.628674574582588e-03
1.557065909581149e-02 1.336744507287316e-02 2.577084028446229e-03
1.571755137369829e-02 9.018138661338132e-03 2.514242604467140e-03
1.586444363095279e-02 9.457090425900918e-03 2.455808778854136e-03
1.601133586738216e-02 1.152362585470861e-02 2.428843632172710e-03
1.615822808279360e-02 1.210226371580353e-02 2.379117080157087e-03
1.630512027699426e-02 1.307160598005493e-02 2.330092341731499e-03
1.645201244979136e-02 1.208270760909349e-02 2.268263675130426e-03
1.659890460099205e-02 1.235006839868696e-02 2.221673798940451e-03
1.674579673040351e-02 1.501828220823213e-02 2.215343053450278e-03
1.689268883783294e-02 1.176142672632522e-02 2.158352907419105e-03
1.703958092308753e-02 1.217163841359179e-02 2.127031926886915e-03
1.718647298597442e-02 1.738888130963006e-02 2.060524044680342e-03
1.733336502630083e-02 1.373383112015249e-02 2.034810301282585e-03
1.748025704387393e-02 1.439660198309901e-02 2.019488213018850e-03
1.762714903850091e-02 1.331789712565297e-02 1.967076231983765e-03
1.777404100998893e-02 1.208873663377656e-02 1.945807804001566e-03
1.792093295814520e-02 1.315867820863820e-02 1.898840405479356e-03
1.806782488277687e-02 1.236179028510155e-02 1.885356591999038e-03
1.821471678369116e-02 1.277860371544563e-02 1.848038687515476e-03
1.836160866069522e-02 1.005137583010445e-02 1.796797949252904e-03
1.850850051359626e-02 1.267577840036185e-02 1.831182974924255e-03
1.865539234220144e-02 1.492111646597199e-02 1.812043070057306e-03
1.880228414631796e-02 1.624528946921494e-02 1.781136631494791e-03
1.894917592575301e-02 1.017288686632818e-02 1.773286609558348e-03
1.909606768031375e-02 1.335796782069214e-02 1.754436286642149e-03
1.924295940980738e-02 1.253897483535816e-02 1.773602247732126e-03
1.938985111404109e-02 1.648213259906399e-02 1.770030142987476e-03
1.953674279282204e-02 1.049036873134886e-02 1.770296349101983e-03
1.968363444595744e-02 1.427110248800019e-02 1.760758212183675e-03
1.983052607325447e-02 1.462697888310185e-02 1.743689884455724e-03
1.997741767452030e-02 1.411566454451854e-02 1.753147569129569e-03
2.012430924956213e-02 1.152833476440074e-02 1.739808503908873e-03
2.027120079818715e-02 1.419028890141698e-02 1.710151882715567e-03
2.041809232020253e-02 1.500833458477055e-02 1.722954454052724e-03
2.056498381541546e-02 1.296562530919670e-02 1.708315273137468e-03
2.071187528363314e-02 1.441659977158552e-02 1.680599199200571e-03
2.085876672466273e-02 1.551573533015800e-02 1.680912351734294e-03
2.100565813831145e-02 1.348494513158462e-02 1.673149354189446e-03
2.115254952438645e-02 1.637742913927279e-02 1.657130727743848e-03
2.129944088269494e-02 1.176962479768594e-02 1.649440165791590e-03
2.144633221304411e-02 1.309078672480807e-02 1.637176999259175e-03
2.159322351524114e-02 1.506420588983603e-02 1.639314259280639e-03
2.174011478909322e-02 1.430061335118115e-02 1.616816080976948e-03
2.188700603440753e-02 1.607542694034112e-02 1.603776276707301e-03
2.203389725099126e-02 1.381637683924527e-02 1.570732162851531e-03
2.218078843865161e-02 1.384665570734098e-02 1.535201338328460e-03
2.232767959719575e-02 1.420446529469071e-02 1.524190006448674e-03
2.247457072643089e-02 1.516434442685408e-02 1.490971115225995e-03
2.262146182616420e-02 1.581098939263039e-02 1.465776833886427e-03
2.276835289620287e-02 1.744225709891333e-02 1.447795657703417e-03
2.291524393635411e-02 1.410036972257124e-02 1.422173502986015e-03
2.306213494642509e-02 1.530226042026677e-02 1.429974178303820e-03
2.320902592622301e-02 1.659711403423983e-02 1.394048153135341e-03
2.335591687555505e-02 1.404314540434888e-02 1.389772312548468e-03
2.350280779422841e-02 1.575521098875490e-02 1.372533299823754e-03
2.364969868205026e-02 1.529834807966377e-02 1.345565944756195e-03
2.379658953882782e-02 1.532239335134204e-02 1.351955770610307e-03
2.394348036436827e-02 1.640373534474111e-02 1.333158446362453e-03
2.409037115847880e-02 1.765698661113187e-02 1.325825907950763e-03
2.423726192096658e-02 1.600619644025501e-02 1.307872524457653e-03
2.438415265163884e-02 1.692394809207087e-02 1.282071141924906e-03
2.453104335030275e-02 1.536714868626669e-02 1.287344277731043e-03
2.467793401676551e-02 1.508011293040675e-02 1.262254540903327e-03
2.482482465083430e-02 1.558426313014853e-02 1.259639385738491e-03
2.497171525231632e-02 1.516770734147753e-02 1.247600162038765e-03
2.511860582101877e-02 1.633833375832331e-02 1.236848594264925e-03
2.526549635674884e-02 1.927738341293118e-02 1.225744082312737e-03
2.541238685931370e-02 1.755633966689572e-02 1.211899103390159e-03
2.555927732852058e-02 1.923495743320715e-02 1.209110387775334e-03
2.570616776417666e-02 1.730400702463316e-02 1.198702009668278e-03
2.585305816608912e-02 1.787465529645063e-02 1.188102079823131e-03
2.599994853406517e-02 1.870668140994281e-02 1.182523393418625e-03
2.614683886791200e-02 1.736026572609386e-02 1.167775458070976e-03
2.629372916743681e-02 1.771824658048258e-02 1.161343530370241e-03
2.644061943244679e-02 1.771635961388622e-02 1.149237367880267e-03
2.658750966274912e-02 1.879055760895452e-02 1.139539268803332e-03
2.673439985815102e-02 1.528979680754763e-02 1.144663223583669e-03
2.688129001845969e-02 1.673786741368661e-02 1.115077239174275e-03
2.702818014348229e-02 1.703238782308079e-02 1.115013721793741e-03
2.717507023302605e-02 1.789217223650878e-02 1.107170555412919e-03
2.732196028689816e-02 1.726157547895263e-02 1.103984792955206e-03
2.746885030490582e-02 1.728772075476025e-02 1.095248328957912e-03
2.761574028685621e-02 1.778236635138764e-02 1.092682969109155e-03
2.776263023255653e-02 1.593875606898190e-02 1.068767235089175e-03
2.790952014181400e-02 1.934151886193849e-02 1.072003913947855e-03
2.805641001443581e-02 1.848369308130443e-02 1.066262152038739e-03
2.820329985022913e-02 1.654559706196997e-02 1.065400364115896e-03
2.835018964900120e-02 1.881963434242744e-02 1.049814766393734e-03
2.849707941055920e-02 1.886674764504226e-02 1.043107998895723e-03
2.864396913471031e-02 1.739673430188789e-02 1.046525410622640e-03
2.879085882126178e-02 1.889983807284324e-02 1.030094875944164e-03
2.893774847002075e-02 1.879380710066059e-02 1.021064945960236e-03
2.908463808079444e-02 1.896259349687832e-02 1.020625050196458e-03
2.923152765339008e-02 1.843831106864302e-02 1.013005845311320e-03
2.937841718761485e-02 1.940426112994156e-02 1.003409561505908e-03
2.952530668327594e-02 1.824591583944330e-02 1.007679052167390e-03
2.967219614018056e-02 1.833961262036588e-02 1.000109093093689e-03
2.981908555813591e-02 1.844766888366869e-02 9.960917377545325e-04
2.996597493694921e-02 1.923258184611602e-02 9.877337161720719e-04
3.011286427642763e-02 2.148425007076996e-02 9.825691125335254e-04
3.025975357637840e-02 2.056099909127862e-02 9.715832766690521e-04
3.040664283660871e-02 2.027602994435589e-02 9.742369659989862e-04
3.055353205692574e-02 1.916356797438494e-02 9.691057506266974e-04
3.070042123713675e-02 2.061315586670018e-02 9.650286212331759e-04
3.084731037704891e-02 2.052184295844773e-02 9.563525597805721e-04
3.099419947646940e-02 1.960687855914655e-02 9.520012497632136e-04
3.114108853520547e-02 1.945876779549591e-02 9.468465726777310e-04
3.128797755306430e-02 2.033625908796972e-02 9.422369877116123e-04
3.143486652985308e-02 2.124250055680106e-02 9.253932428663951e-04
3.158175546537905e-02 2.074405887203083e-02 9.396628959479715e-04
3.172864435944940e-02 1.916721413623039e-02 9.347518655993726e-04
3.187553321187133e-02 2.131013010955324e-02 9.209223577751978e-04
3.202242202245206e-02 2.214220730870724e-02 9.214595934720916e-04
3.216931079099877e-02 2.070787895719852e-02 9.141845615927070e-04
3.231619951731869e-02 2.267507168524918e-02 9.250630580345400e-04
3.246308820121902e-02 2.032077786418363e-02 9.080944709022496e-04
3.260997684250697e-02 2.196138543673133e-02 9.002655753689084e-04
3.275686544098974e-02 2.143303244712763e-02 9.026876380543912e-04
3.290375399647455e-02 2.361895359034668e-02 8.972601533187297e-04
3.305064250876859e-02 2.150928291804248e-02 9.019922699740561e-04
3.319753097767910e-02 2.266747328286184e-02 8.925916743250462e-04
3.334441940301325e-02 2.115918795102010e-02 8.870388831507617e-04
3.349130778457828e-02 2.077701495414182e-02 8.837664201623974e-04
3.363819612218139e-02 2.204188226721863e-02 8.847726536690314e-04
3.378508441562977e-02 2.246416054988285e-02 8.759340450549027e-04
3.393197266473066e-02 2.328746016823438e-02 8.734715077122513e-04
3.407886086929125e-02 2.314239891488616e-02 8.722191145875555e-04
3.422574902911878e-02 2.151026886388586e-02 8.667395566347310e-04
3.437263714402042e-02 2.347797314849858e-02 8.671069679431556e-04
3.451952521380341e-02 2.247320781609846e-02 8.584802982238152e-04
3.466641323827495e-02 2.326262973154051e-02 8.675334140335588e-04
3.481330121724226e-02 2.315152805582783e-02 8.795320568057951e-04
3.496018915051253e-02 2.254196469533969e-02 8.926838476389776e-04
3.510707703789302e-02 2.233994855209264e-02 8.884976945184425e-04
3.525396487919091e-02 2.451964593219659e-02 8.923028318714072e-04
3.540085267421340e-02 2.430077890367008e-02 8.798339885282168e-04
3.554774042276775e-02 2.438914241463136e-02 8.796211762945274e-04
3.569462812466112e-02 2.357627597426722e-02 8.598282264742813e-04
3.584151577970077e-02 2.492098783668665e-02 8.612622943716316e-04
3.598840338769389e-02 2.405328044292804e-02 8.584637566907495e-04
3.613529094844770e-02 2.516512518557017e-02 8.495243945854089e-04
3.628217846176941e-02 2.411032496633104e-02 8.503945702532353e-04
3.642906592746626e-02 2.356767726516384e-02 8.423526496029738e-04
3.657595334534545e-02 2.529162701541761e-02 8.479145741641140e-04
3.672284071521419e-02 2.463218116516052e-02 8.417414736056672e-04
3.686972803687972e-02 2.418527732253737e-02 8.377820541663342e-04
3.701661531014922e-02 2.648685794262626e-02 8.345356214808049e-04
3.716350253482994e-02 2.600235608840030e-02 8.343381648082458e-04
3.731038971072909e-02 2.562485413479605e-02 8.320501376775258e-04
3.745727683765387e-02 2.536574501593565e-02 8.584054278287029e-04
3.760416391541153e-02 2.346624112869246e-02 8.445219624911265e-04
3.775105094380928e-02 2.557888857121893e-02 8.141604739157551e-04
3.789793792265433e-02 2.644978366859687e-02 8.222600399574265e-04
3.804482485175390e-02 2.750240126806897e-02 8.175059416218890e-04
3.819171173091522e-02 2.848902900450681e-02 8.134392931531781e-04
3.833859855994550e-02 2.613521472065403e-02 8.110121425455902e-04
3.848548533865198e-02 2.845957014002608e-02 8.101413829256669e-04
3.863237206684186e-02 2.766819430625285e-02 8.046718885134868e-04
3.877925874432238e-02 2.811605669959949e-02 8.145172371119587e-04
3.892614537090076e-02 2.863976946838835e-02 8.015370942263839e-04
3.907303194638420e-02 2.613610671588060e-02 8.066116766295127e-04
3.921991847057994e-02 2.839025252250999e-02 7.955002489782244e-04
3.936680494329520e-02 2.733852007690892e-02 7.982095010729622e-04
3.951369136433722e-02 2.916677289428340e-02 7.985539102633272e-04
3.966057773351322e-02 2.854504364967574e-02 7.876976981052966e-04
3.980746405063040e-02 2.683330460280016e-02 7.863805633139013e-04
3.995435031549600e-02 2.812384285816157e-02 7.786370651320610e-04
4.010123652791726e-02 3.013408802698931e-02 7.854951507986839e-04
4.024812268770137e-02 2.930949780295502e-02 7.833290383645525e-04
4.039500879465560e-02 2.931828140470384e-02 7.796409936181846e-04
4.054189484858715e-02 3.021688798497676e-02 7.792284711645450e-04
4.068878084930326e-02 3.101370510134592e-02 7.771261167723751e-04
4.083566679661114e-02 3.088961677111557e-02 7.800731129276733e-04
4.098255269031803e-02 3.069860634439915e-02 7.814221646302588e-04
4.112943853023117e-02 2.959091048732648e-02 7.816164756184648e-04
4.127632431615776e-02 3.144778556797591e-02 8.008840530383921e-04
4.142321004790505e-02 3.127016123075263e-02 8.009608256360933e-04
4.157009572528026e-02 3.187590870622117e-02 8.107790564958957e-04
4.171698134809063e-02 2.998251852142595e-02 8.140983603188641e-04
4.186386691614337e-02 3.248895606129385e-02 8.193704021321241e-04
4.201075242924574e-02 3.235155281561312e-02 8.250662857953194e-04
4.215763788720495e-02 3.240760703178006e-02 8.162904319449874e-04
4.230452328982824e-02 3.215343530695073e-02 8.242707186851731e-04
4.245140863692285e-02 3.276694558206476e-02 8.235761352544417e-04
4.259829392829599e-02 3.284872041651370e-02 8.241663245625672e-04
4.274517916375490e-02 3.228873331680762e-02 8.201712298820809e-04
4.289206434310684e-02 3.166170433459477e-02 8.191884615181631e-04
4.303894946615900e-02 3.275806793676598e-02 8.280851037368356e-04
4.318583453271865e-02 3.389814542870279e-02 8.250651461331413e-04
4.333271954259301e-02 3.376622701591916e-02 8.322957211185030e-04
4.347960449558931e-02 3.619719298825096e-02 8.303350676303208e-04
4.362648939151479e-02 3.435467730735655e-02 8.276100842964756e-04
4.377337423017669e-02 3.315215232159072e-02 8.268517254233219e-04
4.392025901138226e-02 3.527668055548015e-02 8.358780110119749e-04
4.406714373493869e-02 3.616839397348968e-02 8.393296026438673e-04
4.421402840065326e-02 3.651704776651257e-02 8.347699895641463e-04
4.436091300833320e-02 3.607110913872760e-02 8.373868144202180e-04
4.450779755778574e-02 3.696107061354911e-02 8.353000469532059e-04
4.465468204881811e-02 3.723818664366474e-02 8.387039506946675e-04
4.480156648123757e-02 3.773272647149643e-02 8.484845411986958e-04
4.494845085485134e-02 3.804893259377911e-02 8.447266338380526e-04
4.509533516946668e-02 3.799647986991340e-02 8.496790716003269e-04
4.524221942489082e-02 3.769907405189794e-02 8.458315987451702e-04
4.538910362093100e-02 3.754032872754302e-02 8.425399644835824e-04
4.553598775739446e-02 3.830389391038112e-02 8.469487675775722e-04
4.568287183408844e-02 3.773793630761740e-02 8.401684890779544e-04
4.582975585082019e-02 3.962398947705472e-02 8.448361077644902e-04
4.597663980739693e-02 3.839106266183933e-02 8.424821957982652e-04
4.612352370362593e-02 3.966403113278513e-02 8.336622624992863e-04
4.627040753931443e-02 3.965345147605023e-02 8.368311539157842e-04
4.641729131426967e-02 4.039229916850664e-02 8.308353633496087e-04
4.656417502829888e-02 4.166243876810733e-02 8.454461327625119e-04
4.671105868120932e-02 4.051821418597853e-02 8.386269634550671e-04
4.685794227280822e-02 3.986786775316285e-02 8.362206632531349e-04
4.700482580290285e-02 4.177324417877031e-02 8.338850615230351e-04
4.715170927130044e-02 4.208824342830599e-02 8.344102973609948e-04
4.729859267780824e-02 4.322072232041125e-02 8.390696918583760e-04
4.744547602223349e-02 4.210571376328882e-02 8.404163597625088e-04
4.759235930438345e-02 4.324863570024146e-02 8.440033081753936e-04
4.773924252406536e-02 4.371767381043938e-02 8.378850814267053e-04
4.788612568108647e-02 4.399367144768543e-02 8.418867537802812e-04
4.803300877525407e-02 4.407249169955036e-02 8.417079317467919e-04
4.817989180637530e-02 4.315200041607008e-02 8.391457942936842e-04
4.832677477425752e-02 4.494923383335692e-02 8.439152657135370e-04
4.847365767870793e-02 4.652193272509168e-02 8.457361536661731e-04
4.862054051953379e-02 4.574051418001755e-02 8.435100432198153e-04
4.876742329654236e-02 4.542070954743995e-02 8.443438314943494e-04
4.891430600954088e-02 4.696704236071454e-02 8.418744732535957e-04
4.906118865833660e-02 4.605118948479636e-02 8.421173708351063e-04
4.920807124273676e-02 4.749004119342733e-02 8.440415743584894e-04
4.935495376254866e-02 4.821471790357277e-02 8.472202074244405e-04
4.950183621757952e-02 4.741213822174428e-02 8.408979846140548e-04
4.964871860763660e-02 4.829235592164954e-02 8.503726665691928e-04
4.979560093252714e-02 4.753324471453526e-02 8.395531593241435e-04
4.994248319205841e-02 4.891219053674327e-02 8.469835209478157e-04
5.008936538603768e-02 4.751718685575292e-02 8.438921093625379e-04
5.023624751427219e-02 4.928104411606982e-02 8.456222369629844e-04
5.038312957656918e-02 4.998556724915479e-02 8.558188013565372e-04
5.053001157273595e-02 5.011833292434084e-02 8.466160943654802e-04
5.067689350257971e-02 4.977076100584076e-02 8.481544055312059e-04
5.082377536590776e-02 5.168568302793942e-02 8.495461558319596e-04
5.097065716252732e-02 5.188156086291942e-02 8.475843998198203e-04
5.111753889224568e-02 5.259461671449812e-02 8.551603777981613e-04
5.126442055487009e-02 5.016346078868101e-02 8.463381808698469e-04
5.141130215020779e-02 5.362161696979400e-02 8.506921682924479e-04
5.155818367806608e-02 5.302664681370251e-02 8.558174503877629e-04
5.170506513825220e-02 5.274666971640929e-02 8.480253483086674e-04
5.185194653057341e-02 5.418371515418922e-02 8.565939482075921e-04
5.199882785483697e-02 5.450104838389327e-02 8.516853651977767e-04
5.214570911085015e-02 5.474613239598591e-02 8.553623324727351e-04
5.229259029842022e-02 5.547916222980215e-02 8.595322353381068e-04
5.243947141735442e-02 5.608495891671284e-02 8.575667236040170e-04
5.258635246746002e-02 5.664620030699279e-02 8.629055959161093e-04
5.273323344854430e-02 5.773206391494684e-02 8.614315822171010e-04
5.288011436041453e-02 5.747166902538255e-02 8.682420360053309e-04
5.302699520287798e-02 5.868645279241083e-02 8.590001867103734e-04
5.317387597574186e-02 5.982077916373175e-02 8.675408991430404e-04
5.332075667881350e-02 5.978837658863571e-02 8.657675970150238e-04
5.346763731190016e-02 6.083759250061488e-02 8.620396899904071e-04
5.361451787480907e-02 6.009463903917665e-02 8.707707682286148e-04
5.376139836734754e-02 6.269662372812362e-02 8.667809077318598e-04
5.390827878932278e-02 6.111588956506076e-02 8.603178137704905e-04
5.405515914054214e-02 6.281586833706652e-02 8.702761950581090e-04
5.420203942081284e-02 6.337456708651021e-02 8.667236089977465e-04
5.434891962994216e-02 6.411232861720761e-02 8.851302382582607e-04
5.449579976773735e-02 6.585271095770608e-02 8.624878894705660e-04
5.464267983400574e-02 6.492756800597800e-02 8.776936346339127e-04
5.478955982855453e-02 6.644611354336427e-02 8.797403882959875e-04
5.493643975119106e-02 6.545576594438224e-02 8.736038115325146e-04
5.508331960172257e-02 6.739236560813913e-02 8.784455685947117e-04
5.523019937995633e-02 6.674145263310816e-02 8.715034633725653e-04
5.537707908569962e-02 6.743760789466226e-02 8.864035712256736e-04
5.552395871875969e-02 6.770247691761665e-02 8.837923429365066e-04
5.567083827894388e-02 6.807082620150269e-02 8.780453365350112e-04
5.581771776605941e-02 6.933435055654738e-02 8.843814116537321e-04
5.596459717991355e-02 7.020233258015196e-02 8.869140755314456e-04
5.611147652031365e-02 6.982849740420803e-02 8.865230481531730e-04
5.625835578706691e-02 7.158039184866923e-02 8.963548842709667e-04
5.640523497998061e-02 7.396852468566377e-02 8.872088834735345e-04
5.655211409886209e-02 7.298664910807273e-02 8.959414334235681e-04
5.669899314351858e-02 7.481737727212286e-02 8.999396708427048e-04
5.684587211375740e-02 7.508914934718265e-02 8.929798181291705e-04
5.699275100938578e-02 7.535865059214047e-02 8.993801270958231e-04
5.713962983021098e-02 7.816743554623548e-02 9.009178744027837e-04
5.728650857604041e-02 7.674414973465862e-02 8.966396180174579e-04
5.743338724668124e-02 7.768775026583334e-02 8.985724912174181e-04
5.758026584194079e-02 7.840845996892985e-02 9.003781960191204e-04
5.772714436162631e-02 7.925241987267641e-02 9.149070209559269e-04
5.787402280554513e-02 8.035627913795629e-02 9.093240460165818e-04
5.802090117350451e-02 8.091560908240782e-02 9.140343795962994e-04
5.816777946531173e-02 8.307857744246837e-02 9.138921258112117e-04
5.831465768077408e-02 8.325413795686329e-02 9.116949014032825e-04
5.846153581969887e-02 8.311870882505443e-02 9.181130114216574e-04
5.860841388189336e-02 8.348197233863991e-02 9.149669614100915e-04
5.875529186716485e-02 8.372287342846411e-02 9.214029157107533e-04
5.890216977532061e-02 8.658727797774476e-02 9.209714906356224e-04
5.904904760616795e-02 8.549583690269187e-02 9.212647255952038e-04
5.919592535951414e-02 8.919736258950767e-02 9.260104405477648e-04
5.934280303516650e-02 8.890740188947616e-02 9.317079639472937e-04
5.948968063293228e-02 8.937443782245769e-02 9.215215251793183e-04
5.963655815261879e-02 9.039682386939865e-02 9.412190395481335e-04
5.978343559403334e-02 9.056897665220637e-02 9.534016119200464e-04
5.993031295698319e-02 9.240760039529639e-02 9.637698721946907e-04
6.007719024127564e-02 9.358189722693117e-02 9.784091627500632e-04
6.022406744671802e-02 9.653932942128655e-02 9.949614245881660e-04
6.037094457311754e-02 9.587403235786264e-02 1.004130463141793e-03
6.051782162028158e-02 9.719664020543600e-02 1.009498556536454e-03
6.066469858801743e-02 9.796538767190267e-02 1.013776892436573e-03
6.081157547613233e-02 9.650189740857035e-02 1.025117058396753e-03
6.095845228443361e-02 9.807638059484419e-02 1.028242324821423e-03
6.110532901272856e-02 1.010497491341217e-01 1.050490826717197e-03
6.125220566082447e-02 1.024694886075435e-01 1.053334453688239e-03
6.139908222852867e-02 1.047885970378098e-01 1.063023842652979e-03
6.154595871564840e-02 1.014066653616025e-01 1.068171893126611e-03
6.169283512199103e-02 1.034228995608006e-01 1.066328901092963e-03
6.183971144736379e-02 1.073931539326084e-01 1.087690606971958e-03
6.198658769157404e-02 1.078887228867336e-01 1.082487269480014e-03
6.213346385442904e-02 1.071190648950772e-01 1.102024619192798e-03
6.228033993573612e-02 1.108637171037696e-01 1.110226820588594e-03
6.242721593530259e-02 1.104982948927827e-01 1.110188919925343e-03
6.257409185293569e-02 1.124741750583585e-01 1.099912641709219e-03
6.272096768844279e-02 1.135645714784790e-01 1.087224271124382e-03
6.286784344163118e-02 1.181585620125727e-01 1.082029608621457e-03
6.301471911230812e-02 1.185809480364024e-01 1.084309235314950e-03
6.316159470028096e-02 1.185786609843487e-01 1.067606837983895e-03
6.330847020535701e-02 1.200320131706053e-01 1.081116115625936e-03
6.345534562734356e-02 1.185166061995634e-01 1.066872976353411e-03
6.360222096604792e-02 1.225954029539219e-01 1.077644461318609e-03
6.374909622127738e-02 1.233088033829917e-01 1.068311817539945e-03
6.389597139283930e-02 1.231827588090109e-01 1.071302918565850e-03
6.404284648054094e-02 1.267790779185221e-01 1.083827561612401e-03
6.418972148418961e-02 1.291010708121094e-01 1.071941777351844e-03
6.433659640359266e-02 1.273737899858626e-01 1.080017997340773e-03
6.448347123855734e-02 1.296445946967101e-01 1.065510824437644e-03
6.463034598889104e-02 1.300929675201950e-01 1.078776343150594e-03
6.477722065440102e-02 1.345417703326854e-01 1.088190336083338e-03
6.492409523489458e-02 1.346908684747271e-01 1.081345254533710e-03
6.507096973017908e-02 1.364140238141140e-01 1.087000970123491e-03
6.521784414006179e-02 1.371768014215469e-01 1.085688819614021e-03
6.536471846435006e-02 1.386046937245683e-01 1.086542600277157e-03
6.551159270285120e-02 1.409693220905880e-01 1.094482713451033e-03
6.565846685537249e-02 1.424518883929785e-01 1.087254010115713e-03
6.580534092172129e-02 1.447005445251274e-01 1.102860017588111e-03
6.595221490170489e-02 1.452782410263119e-01 1.094328128289331e-03
6.609908879513064e-02 1.491682240591195e-01 1.105175274068497e-03
6.624596260180583e-02 1.499948970229666e-01 1.101853193466452e-03
6.639283632153778e-02 1.528897212135888e-01 1.109583663507315e-03
6.653970995413383e-02 1.532424315426965e-01 1.128551562084867e-03
6.668658349940126e-02 1.570557406948291e-01 1.111731575563827e-03
6.683345695714746e-02 1.573726474069478e-01 1.119816128315269e-03
6.698033032717969e-02 1.584966979744137e-01 1.118412915224815e-03
6.712720360930530e-02 1.593985101145717e-01 1.124805903787833e-03
6.727407680333160e-02 1.633081451522677e-01 1.128977964206765e-03
6.742094990906593e-02 1.647253685665673e-01 1.133355656117665e-03
6.756782292631559e-02 1.707414259042981e-01 1.145518719883055e-03
6.771469585488793e-02 1.699802556590112e-01 1.138604551401175e-03
6.786156869459029e-02 1.721815856797622e-01 1.150406384940700e-03
6.800844144522995e-02 1.739712871981792e-01 1.147160969631226e-03
6.815531410661428e-02 1.756139347784024e-01 1.155557510318399e-03
6.830218667855054e-02 1.781877439754080e-01 1.160684560556541e-03
6.844905916084618e-02 1.799200341905486e-01 1.163767465251037e-03
6.859593155330840e-02 1.822711891974626e-01 1.165614709802584e-03
6.874280385574461e-02 1.866351018961834e-01 1.167103845908980e-03
6.888967606796213e-02 1.877015879772745e-01 1.180918634615583e-03
6.903654818976826e-02 1.897074698683397e-01 1.170255878435716e-03
6.918342022097036e-02 1.939146683261235e-01 1.181920395588079e-03
6.933029216137575e-02 1.960431323974180e-01 1.195272542668933e-03
6.947716401079176e-02 1.963818691999345e-01 1.178235958295044e-03
6.962403576902575e-02 1.989020082492910e-01 1.200429414052731e-03
6.977090743588503e-02 2.009524737925429e-01 1.192312774563049e-03
6.991777901117695e-02 2.072173797806490e-01 1.206134717040600e-03
7.006465049470884e-02 2.072384292201482e-01 1.207464879994934e-03
7.021152188628801e-02 2.102374835248607e-01 1.212427926970571e-03
7.035839318572186e-02 2.147805650029105e-01 1.225102813573234e-03
7.050526439281767e-02 2.170821205805112e-01 1.218537567018141e-03
7.065213550738278e-02 2.171390238086433e-01 1.222089617907222e-03
7.079900652922456e-02 2.182519186947931e-01 1.229968658557674e-03
7.094587745815036e-02 2.232365717063554e-01 1.225337609111120e-03
7.109274829396750e-02 2.266389904714895e-01 1.248204153961230e-03
7.123961903648333e-02 2.309355594105567e-01 1.235188878603712e-03
7.138648968550515e-02 2.333293000789061e-01 1.254647338099088e-03
7.153336024084035e-02 2.369617007034668e-01 1.267057759544768e-03
7.168023070229627e-02 2.399881696296370e-01 1.253824025515378e-03
7.182710106968025e-02 2.414383284477327e-01 1.274737191714878e-03
7.197397134279965e-02 2.445632151729186e-01 1.261544026682225e-03
7.212084152146177e-02 2.503603514417374e-01 1.285458312003845e-03
7.226771160547400e-02 2.515958544393250e-01 1.287711568667820e-03
7.241458159464363e-02 2.560092450097056e-01 1.289049251124182e-03
7.256145148877813e-02 2.570407368377834e-01 1.297218967123499e-03
7.270832128768472e-02 2.606575026899757e-01 1.294162010792430e-03
7.285519099117078e-02 2.663062744703727e-01 1.307629425657841e-03
7.300206059904372e-02 2.687012529490979e-01 1.313568707651347e-03
7.314893011111082e-02 2.734363926370880e-01 1.310714406872165e-03
7.329579952717949e-02 2.773006969848143e-01 1.327057613863553e-03
7.344266884705702e-02 2.796769628837148e-01 1.323461704849126e-03
7.358953807055085e-02 2.834216366032138e-01 1.335903934051545e-03
7.373640719746824e-02 2.873594657703963e-01 1.327556376393860e-03
7.388327622761658e-02 2.891867825079816e-01 1.335537572080190e-03
7.403014516080324e-02 2.925785435953528e-01 1.339537813180433e-03
7.417701399683559e-02 2.992905683345191e-01 1.356385857864195e-03
7.432388273552094e-02 3.009905638584833e-01 1.357966526643816e-03
7.447075137666670e-02 3.046201664954361e-01 1.345697913618167e-03
7.461761992008017e-02 3.117016255965260e-01 1.373501111407261e-03
7.476448836556873e-02 3.142574339765569e-01 1.359703036603020e-03
7.491135671293978e-02 3.175057768284793e-01 1.377303330458882e-03
7.505822496200062e-02 3.212246051862103e-01 1.373714720201579e-03
7.520509311255867e-02 3.258502606857754e-01 1.385552167365462e-03
7.535196116442125e-02 3.304369388228623e-01 1.397617346703023e-03
7.549882911739574e-02 3.344875623694665e-01 1.397677115630522e-03
7.564569697128951e-02 3.413191971168612e-01 1.413317797860473e-03
7.579256472590988e-02 3.445856248491050e-01 1.411870322782901e-03
7.593943238106428e-02 3.501317051944920e-01 1.425340494433125e-03
7.608629993656001e-02 3.530550750982061e-01 1.432341053140315e-03
7.623316739220451e-02 3.582503184660242e-01 1.421714981763164e-03
7.638003474780510e-02 3.618892266015180e-01 1.439817808788519e-03
7.652690200316913e-02 3.631456808737036e-01 1.443850725870570e-03
7.667376915810399e-02 3.717784619564078e-01 1.458870657018200e-03
7.682063621241707e-02 3.760721309642545e-01 1.467596645286837e-03
7.696750316591573e-02 3.797307070165430e-01 1.462104979370107e-03
7.711437001840733e-02 3.835636539047156e-01 1.479377685958369e-03
7.726123676969926e-02 3.887271383693363e-01 1.473989866034822e-03
7.740810341959885e-02 3.932111116611312e-01 1.487079786356024e-03
7.755496996791353e-02 3.976747208508112e-01 1.490140274999952e-03
7.770183641445062e-02 4.005953459218282e-01 1.495020504587577e-03
7.784870275901755e-02 4.072260010347876e-01 1.512183873144854e-03
7.799556900142161e-02 4.107693893945992e-01 1.505353858534976e-03
7.814243514147029e-02 4.194073589721715e-01 1.521690631382751e-03
7.828930117897089e-02 4.233848243252670e-01 1.525750192666859e-03
7.843616711373082e-02 4.284185015843658e-01 1.538465648687075e-03
7.858303294555745e-02 4.347614386819247e-01 1.549029160056687e-03
7.872989867425814e-02 4.411454474752943e-01 1.542372924897996e-03
7.887676429964030e-02 4.423605998874531e-01 1.549822551414198e-03
7.902362982151130e-02 4.488924145650671e-01 1.560513249914009e-03
7.917049523967849e-02 4.525639717065496e-01 1.570981416911512e-03
7.931736055394929e-02 4.604974080158195e-01 1.576053306441784e-03
7.946422576413109e-02 4.613063887049388e-01 1.572464434479654e-03
7.961109087003126e-02 4.665096200950922e-01 1.594434312470381e-03
7.975795587145719e-02 4.745919386992088e-01 1.587821909961653e-03
7.990482076821626e-02 4.780746339569278e-01 1.602604650891747e-03
8.005168556011584e-02 4.822977171307683e-01 1.602676011144210e-03
8.019855024696333e-02 4.863402291369949e-01 1.609398132930368e-03
8.034541482856614e-02 4.923711268988648e-01 1.622655711599305e-03
8.049227930473164e-02 4.951601959131733e-01 1.620395397329040e-03
8.063914367526719e-02 5.056019690446900e-01 1.633970032794806e-03
8.078600793998023e-02 5.054279231389280e-01 1.628074251994652e-03
8.093287209867814e-02 5.105484896425708e-01 1.640033818093030e-03
8.107973615116830e-02 5.152185883368171e-01 1.649016403611140e-03
8.122660009725811e-02 5.241166496715186e-01 1.641825828159376e-03
8.137346393675496e-02 5.253522928383334e-01 1.666321007054778e-03
8.152032766946624e-02 5.286886811416071e-01 1.658717074254470e-03
8.166719129519935e-02 5.336500198977635e-01 1.665266548085056e-03
8.181405481376169e-02 5.384439840091214e-01 1.665947441287557e-03
8.196091822496063e-02 5.429023240647719e-01 1.678619415061569e-03
8.210778152860361e-02 5.502915149253595e-01 1.697137538497059e-03
8.225464472449802e-02 5.515636475873387e-01 1.677838599118188e-03
8.240150781245126e-02 5.560038821551607e-01 1.696465739732259e-03
8.254837079227068e-02 5.607262094941411e-01 1.683191350529383e-03
8.269523366376372e-02 5.626074771043522e-01 1.707021493009812e-03
8.284209642673782e-02 5.669850532790091e-01 1.710047888774027e-03
8.298895908100032e-02 5.677438633128650e-01 1.704868397992837e-03
8.313582162635863e-02 5.767720197041202e-01 1.711730304295433e-03
8.328268406262020e-02 5.799219428593511e-01 1.712705825211471e-03
8.342954638959241e-02 5.828537527720686e-01 1.723438084411055e-03
8.357640860708263e-02 5.883453573981132e-01 1.727311506436997e-03
8.372327071489834e-02 5.888921562687757e-01 1.720943146709399e-03
8.387013271284686e-02 5.920951918372853e-01 1.735269876130461e-03
8.401699460073567e-02 5.996265323985484e-01 1.727453907440735e-03
8.416385637837218e-02 6.002857269506039e-01 1.742948469149139e-03
8.431071804556375e-02 6.029600926000472e-01 1.736201474510481e-03
8.445757960211780e-02 6.026087198562735e-01 1.735411629391907e-03
8.460444104784176e-02 6.066556010026637e-01 1.750930058453533e-03
8.475130238254304e-02 6.108547263713073e-01 1.741611519271647e-03
8.489816360602907e-02 6.065371822395312e-01 1.752660056017258e-03
8.504502471810724e-02 6.116808811937839e-01 1.737971678080766e-03
8.519188571858496e-02 6.171786417273942e-01 1.756314700092017e-03
8.533874660726967e-02 6.164695312370476e-01 1.746642170063917e-03
8.548560738396878e-02 6.206783195142070e-01 1.755824576546781e-03
8.563246804848969e-02 6.197307688643644e-01 1.752086913951046e-03
8.577932860063983e-02 6.191653308583437e-01 1.749531082227693e-03
8.592618904022660e-02 6.233565649093317e-01 1.754128982893788e-03
8.607304936705747e-02 6.221625854870677e-01 1.757925662950515e-03
8.621990958093982e-02 6.266396949027002e-01 1.744274699866507e-03
8.636676968168105e-02 6.256647850920098e-01 1.756222925145182e-03
8.651362966908867e-02 6.277247530217329e-01 1.761334367855530e-03
8.666048954297001e-02 6.280640972425329e-01 1.752549670934069e-03
8.680734930313255e-02 6.294948371186011e-01 1.754267025742248e-03
8.695420894938369e-02 6.290965807162721e-01 1.748128300251480e-03
8.710106848153085e-02 6.289387000540341e-01 1.760713658226366e-03
8.724792789938152e-02 6.266902729771795e-01 1.743980695750537e-03
8.739478720274303e-02 6.273422535652934e-01 1.748980974228930e-03
8.754164639142284e-02 6.282209915997623e-01 1.752228865197487e-03
8.768850546522844e-02 6.291651992725776e-01 1.746655607959796e-03
8.783536442396719e-02 6.270027919193629e-01 1.747545861870114e-03
8.798222326744658e-02 6.261921044028189e-01 1.745281734842261e-03
8.812908199547397e-02 6.225737417625548e-01 1.732113294886951e-03
8.827594060785686e-02 6.202681172589183e-01 1.738806279745059e-03
8.842279910440262e-02 6.198811035373631e-01 1.731758674967229e-03
8.856965748491875e-02 6.204634120485960e-01 1.732113957425018e-03
8.871651574921269e-02 6.195918790517699e-01 1.726485409394290e-03
8.886337389709180e-02 6.157106288900204e-01 1.725714804756525e-03
8.901023192836355e-02 6.171804355887620e-01 1.726800527337096e-03
8.915708984283539e-02 6.150517250424020e-01 1.724222144379452e-03
8.930394764031480e-02 6.126610190893357e-01 1.708775072902500e-03
8.945080532060913e-02 6.097430785723289e-01 1.717111883871230e-03
8.959766288352591e-02 6.104300877886150e-01 1.707046880848548e-03
8.974452032887251e-02 6.061555534042659e-01 1.711415891231165e-03
8.989137765645640e-02 6.030997577669449e-01 1.700103428781904e-03
9.003823486608507e-02 6.052728614383686e-01 1.690860094168355e-03
9.018509195756588e-02 5.985604269959969e-01 1.703167809154486e-03
9.033194893070630e-02 5.986010199098896e-01 1.682256356697599e-03
9.047880578531384e-02 5.913416460902601e-01 1.693180873663185e-03
9.062566252119587e-02 5.907776859108596e-01 1.674272264807684e-03
9.077251913815987e-02 5.858402242229617e-01 1.665761135761311e-03
9.091937563601328e-02 5.853081101227767e-01 1.677660717919819e-03
9.106623201456360e-02 5.824445868472043e-01 1.663639983275986e-03
9.121308827361818e-02 5.787500690323371e-01 1.658073963948251e-03
9.135994441298455e-02 5.771070183477857e-01 1.663311636850290e-03
9.150680043247014e-02 5.716866507835103e-01 1.639477429929226e-03
9.165365633188237e-02 5.677912638193032e-01 1.650494386116538e-03
9.180051211102878e-02 5.638486019450558e-01 1.625363216829755e-03
9.194736776971676e-02 5.607823104317616e-01 1.636127127368506e-03
9.209422330775377e-02 5.585668463194823e-01 1.634973677139733e-03
9.224107872494727e-02 5.519453378973022e-01 1.614389975141286e-03
9.238793402110473e-02 5.519549507988756e-01 1.620447408573940e-03
9.253478919603364e-02 5.495067116602834e-01 1.602324576691759e-03
9.268164424954135e-02 5.446394953319456e-01 1.611244504105565e-03
9.282849918143544e-02 5.400863577491668e-01 1.597812704646305e-03
9.297535399152332e-02 5.344928626369624e-01 1.589021599361506e-03
9.312220867961245e-02 5.315378999832079e-01 1.588043610763297e-03
9.326906324551029e-02 5.294460194461905e-01 1.576212199659647e-03
9.341591768902432e-02 5.258900811032285e-01 1.580696936600589e-03
9.356277200996202e-02 5.210405288925009e-01 1.568572766134043e-03
9.370962620813084e-02 5.166332449273259e-01 1.558037682344132e-03
9.385648028333822e-02 5.124909946356569e-01 1.562392607762947e-03
9.400333423539166e-02 5.100542559357034e-01 1.546429368741205e-03
9.415018806409861e-02 5.054535039636491e-01 1.549603949470179e-03
9.429704176926657e-02 5.026450973629979e-01 1.529709583851567e-03
9.444389535070297e-02 4.988502539953194e-01 1.531868173333454e-03
9.459074880821530e-02 4.922389542699789e-01 1.525673998545440e-03
9.473760214161106e-02 4.900706346729022e-01 1.522077516491625e-03
9.488445535069767e-02 4.863891249812292e-01 1.515370485222740e-03
9.503130843528265e-02 4.831427523183488e-01 1.502765086847452e-03
9.517816139517343e-02 4.798405989106428e-01 1.508356325965029e-03
9.532501423017756e-02 4.765265922950235e-01 1.493960973108199e-03
9.547186694010244e-02 4.712448801903459e-01 1.483855709527318e-03
9.561871952475558e-02 4.658109776637903e-01 1.482174065665149e-03
9.576557198394450e-02 4.613989876431467e-01 1.473164388353166e-03
9.591242431747660e-02 4.630710105053640e-01 1.479680550974534e-03
9.605927652515940e-02 4.562435395429512e-01 1.464439322442348e-03
9.620612860680040e-02 4.552875818412045e-01 1.456026301989389e-03
9.635298056220708e-02 4.504997555875290e-01 1.452452193454834e-03
9.649983239118688e-02 4.441993952050478e-01 1.450840070211060e-03
9.664668409354732e-02 4.412136575440988e-01 1.442168990581960e-03
9.679353566909588e-02 4.382001647246936e-01 1.428643039796894e-03
9.694038711764005e-02 4.338037412368473e-01 1.430296271495646e-03
9.708723843898734e-02 4.289676457744145e-01 1.413982307837508e-03
9.723408963294519e-02 4.279980547267148e-01 1.422407673543973e-03
9.738094069932111e-02 4.232801327581481e-01 1.412378054587639e-03
9.752779163792259e-02 4.222656048487855e-01 1.401153985266477e-03
9.767464244855714e-02 4.180013483470434e-01 1.405031871649020e-03
9.782149313103225e-02 4.123774064096876e-01 1.391707033987898e-03
9.796834368515536e-02 4.134377412893896e-01 1.395862175439020e-03
9.811519411073406e-02 4.073601863938727e-01 1.375453140163352e-03
9.826204440757576e-02 4.066982455531375e-01 1.382622844664560e-03
9.840889457548796e-02 3.986295072446507e-01 1.373239428373023e-03
9.855574461427828e-02 3.966122716293653e-01 1.360883426465535e-03
9.870259452375403e-02 3.917464766499302e-01 1.359323793529948e-03
9.884944430372282e-02 3.900697350023135e-01 1.345748348180650e-03
9.899629395399215e-02 3.849859515096268e-01 1.349657968034782e-03
9.914314347436951e-02 3.833262777226870e-01 1.347534119347888e-03
9.928999286466240e-02 3.778622994890519e-01 1.320179514225544e-03
9.943684212467831e-02 3.754036289984228e-01 1.336570472619690e-03
9.958369125422474e-02 3.717474663475099e-01 1.319776441879234e-03
9.973054025310922e-02 3.703252282705232e-01 1.321426181838893e-03
9.987738912113926e-02 3.699411758267784e-01 1.317761326299663e-03
1.000242378581224e-01 3.650037152336161e-01 1.303009706282537e-03
1.001710864638660e-01 3.613545498605151e-01 1.332794778625686e-03
1.003179349381778e-01 3.578730829435891e-01 1.333610682867791e-03
1.004647832808650e-01 3.549406558238735e-01 1.353119882363206e-03
1.006116314917355e-01 3.541194668569037e-01 1.350633893016961e-03
1.007584795705964e-01 3.472599187173927e-01 1.349883230887804e-03
1.009053275172555e-01 3.453624280572799e-01 1.369951803842237e-03
1.010521753315203e-01 3.433280095521873e-01 1.358328750812716e-03
1.011990230131982e-01 3.408382767022326e-01 1.359808007802409e-03
1.013458705620967e-01 3.380127248383973e-01 1.365759702321389e-03
1.014927179780235e-01 3.329164244335382e-01 1.366104944295920e-03
1.016395652607859e-01 3.301025352031704e-01 1.378419403005289e-03
1.017864124101916e-01 3.306634316839199e-01 1.353295896014605e-03
1.019332594260479e-01 3.266621886204671e-01 1.375242712881699e-03
1.020801063081626e-01 3.232478363265485e-01 1.367155327184978e-03
1.022269530563430e-01 3.218062693629885e-01 1.378737908479911e-03
1.023737996703967e-01 3.187111643318662e-01 1.369545723727250e-03
1.025206461501313e-01 3.154782042192373e-01 1.358294261520691e-03
1.026674924953542e-01 3.113282035618071e-01 1.373447104410183e-03
1.028143387058730e-01 3.120408540044058e-01 1.376366586624253e-03
1.029611847814952e-01 3.081760116085397e-01 1.340170888942518e-03
1.031080307220284e-01 3.079424411289350e-01 1.321743530567629e-03
1.032548765272800e-01 3.054932893024735e-01 1.310323743385327e-03
1.034017221970575e-01 3.041112381615774e-01 1.300614607352944e-03
1.035485677311687e-01 3.020792696196023e-01 1.285345556966754e-03
1.036954131294208e-01 2.971302973009380e-01 1.271218229781757e-03
1.038422583916216e-01 2.960866139607176e-01 1.268747939880470e-03
1.039891035175785e-01 2.957079359987718e-01 1.263032716933038e-03
1.041359485070990e-01 2.929769296900097e-01 1.259252888391338e-03
1.042827933599908e-01 2.899223932193997e-01 1.236741392503164e-03
1.044296380760613e-01 2.878241037893735e-01 1.241025790584650e-03
1.045764826551180e-01 2.859666234950715e-01 1.233365670819734e-03
1.047233270969686e-01 2.837531479659536e-01 1.231428568267826e-03
1.048701714014205e-01 2.790277049081538e-01 1.204829492711457e-03
1.050170155682814e-01 2.789946795840866e-01 1.217627791343423e-03
1.051638595973586e-01 2.769792385514510e-01 1.208543882140182e-03
1.053107034884598e-01 2.742931530192191e-01 1.198031481582805e-03
1.054575472413926e-01 2.729739470042995e-01 1.196420845735583e-03
1.056043908559644e-01 2.706424768090860e-01 1.184724900851375e-03
1.057512343319829e-01 2.705225304597704e-01 1.194898141097704e-03
1.058980776692555e-01 2.668810510102241e-01 1.178588520323414e-03
1.060449208675899e-01 2.654752024399279e-01 1.171695412766473e-03
1.061917639267934e-01 2.636684130380451e-01 1.164910270563259e-03
1.063386068466738e-01 2.575619607726850e-01 1.155294409843231e-03
1.064854496270386e-01 2.617566949805211e-01 1.168937890279266e-03
1.066322922676953e-01 2.597774981507652e-01 1.152896086770782e-03
1.067791347684515e-01 2.528463787198970e-01 1.140861969970853e-03
1.069259771291147e-01 2.520929807081161e-01 1.145665035268252e-03
1.070728193494925e-01 2.509626323279057e-01 1.133663030750107e-03
1.072196614293924e-01 2.480297617102699e-01 1.136075508904101e-03
1.073665033686221e-01 2.492166492265114e-01 1.124787818492693e-03
1.075133451669889e-01 2.454874376514500e-01 1.123136857695141e-03
1.076601868243007e-01 2.451166461426724e-01 1.129539094102259e-03
1.078070283403648e-01 2.444101066189480e-01 1.116808295822399e-03
1.079538697149888e-01 2.402378944452976e-01 1.111685073235441e-03
1.081007109479804e-01 2.398638156500484e-01 1.101265852386392e-03
1.082475520391470e-01 2.367518359102465e-01 1.108190251461031e-03
1.083943929882962e-01 2.353217004098578e-01 1.100322905117479e-03
1.085412337952357e-01 2.359673001231050e-01 1.090013158712326e-03
1.086880744597730e-01 2.321542689804697e-01 1.095379894315430e-03
1.088349149817155e-01 2.305515546249800e-01 1.075936807410790e-03
1.089817553608711e-01 2.296588353305145e-01 1.086864908568692e-03
1.091285955970470e-01 2.288276396544364e-01 1.078653373008064e-03
1.092754356900511e-01 2.255725854578076e-01 1.066381167523253e-03
1.094222756396908e-01 2.243165151098617e-01 1.069756071178618e-03
1.095691154457736e-01 2.248754825142231e-01 1.057013145819781e-03
1.097159551081073e-01 2.235783327759465e-01 1.061433059157516e-03
1.098627946264993e-01 2.195394545001459e-01 1.043818436287230e-03
1.100096340007572e-01 2.212985375877790e-01 1.055372231614205e-03
1.101564732306887e-01 2.170896777610568e-01 1.047164349805374e-03
1.103033123161012e-01 2.151434003328786e-01 1.034114929094532e-03
1.104501512568025e-01 2.129758720918638e-01 1.035302592684842e-03
1.105969900525999e-01 2.146803358348164e-01 1.025587853369552e-03
1.107438287033013e-01 2.131328365168859e-01 1.032918051184404e-03
1.108906672087140e-01 2.130225659906408e-01 1.030896941963195e-03
1.110375055686457e-01 2.094548940346816e-01 1.033465992875579e-03
1.111843437829041e-01 2.086875612912728e-01 1.051158807034812e-03
1.113311818512966e-01 2.083861042082473e-01 1.054513613329250e-03
1.114780197736309e-01 2.052264676853754e-01 1.066450622943393e-03
1.116248575497145e-01 2.048964362908186e-01 1.065316071307004e-03
1.117716951793551e-01 2.040349027265260e-01 1.070346592859711e-03
1.119185326623603e-01 2.010145971444088e-01 1.078375331909231e-03
1.120653699985375e-01 2.013511154169623e-01 1.072801902792276e-03
1.122122071876945e-01 2.002382430090336e-01 1.083993274439344e-03
1.123590442296388e-01 1.995112887876465e-01 1.077808832555469e-03
1.125058811241781e-01 1.964985597804408e-01 1.087052235839165e-03
1.126527178711198e-01 1.951849220845502e-01 1.085871127538439e-03
1.127995544702717e-01 1.953343145364541e-01 1.081095088817555e-03
1.129463909214413e-01 1.930429502160540e-01 1.080449159894660e-03
1.130932272244362e-01 1.949386810622488e-01 1.073228410314982e-03
1.132400633790640e-01 1.932607454177039e-01 1.076113488465428e-03
1.133868993851323e-01 1.915452074103224e-01 1.066646579993127e-03
1.135337352424488e-01 1.878360312127292e-01 1.069979190732332e-03
1.136805709508210e-01 1.870864092459602e-01 1.074264713938693e-03
1.138274065100565e-01 1.877692985517440e-01 1.062565787355966e-03
1.139742419199631e-01 1.855528253021482e-01 1.068183497609711e-03
1.141210771803480e-01 1.844240132491194e-01 1.063243741443656e-03
1.142679122910192e-01 1.837312144881199e-01 1.063738304359584e-03
1.144147472517842e-01 1.836043090913845e-01 1.067747024150345e-03
1.145615820624505e-01 1.822811491732358e-01 1.059176325955073e-03
1.147084167228259e-01 1.824204568556041e-01 1.071220097942839e-03
1.148552512327178e-01 1.813329646619205e-01 1.054904538364703e-03
1.150020855919340e-01 1.781215563607883e-01 1.054678429040183e-03
1.151489198002821e-01 1.784985614288513e-01 1.063051269748718e-03
1.152957538575695e-01 1.778379826134818e-01 1.058038524833505e-03
1.154425877636041e-01 1.763028746922260e-01 1.059544979336382e-03
1.155894215181933e-01 1.746263436534592e-01 1.041735148174389e-03
1.157362551211449e-01 1.752323563051474e-01 1.058985114025070e-03
1.158830885722664e-01 1.743347251182758e-01 1.058721067807536e-03
1.160299218713654e-01 1.712585414347658e-01 1.047843527156638e-03
1.161767550182498e-01 1.723939345868866e-01 1.057857607587651e-03
1.163235880127268e-01 1.723194219987198e-01 1.044870996037418e-03
1.164704208546044e-01 1.704240705078733e-01 1.052992162649624e-03
1.166172535436900e-01 1.679836029912234e-01 1.042625744257865e-03
1.167640860797913e-01 1.698371485378957e-01 1.044563650367666e-03
1.169109184627159e-01 1.679485866461136e-01 1.046715628172607e-03
1.170577506922715e-01 1.683223839833673e-01 1.047494424984440e-03
1.172045827682657e-01 1.654081377972698e-01 1.044742864101537e-03
1.173514146905061e-01 1.634833419224694e-01 1.030923613675625e-03
1.174982464588003e-01 1.646909649620976e-01 1.037413090647774e-03
1.176450780729561e-01 1.638561803293606e-01 1.044228428287365e-03
1.177919095327811e-01 1.619379465659161e-01 1.039013944272040e-03
1.179387408380827e-01 1.609594229246482e-01 1.032498212463942e-03
1.180855719886688e-01 1.615013453736375e-01 1.032067260756464e-03
1.182324029843469e-01 1.599661865721467e-01 1.039784759452240e-03
1.183792338249248e-01 1.608747715385370e-01 1.039087555343649e-03
1.185260645102099e-01 1.583578940015734e-01 1.028367612223039e-03
1.186728950400101e-01 1.576921016201853e-01 1.024280789767701e-03
1.188197254141328e-01 1.565088053294445e-01 1.028246383508313e-03
1.189665556323859e-01 1.553440405568159e-01 1.033850227999755e-03
1.191133856945769e-01 1.560707033546397e-01 1.024222554834433e-03
1.192602156005134e-01 1.543290931175540e-01 1.024935528199072e-03
1.194070453500032e-01 1.544825401311504e-01 1.021572330612218e-03
1.195538749428538e-01 1.558650113475596e-01 1.028957424095139e-03
1.197007043788729e-01 1.528222200030051e-01 1.027159284392975e-03
1.198475336578682e-01 1.522796658234633e-01 1.012236932131384e-03
1.199943627796474e-01 1.507892135263533e-01 1.025168851843771e-03
1.201411917440180e-01 1.511826803573459e-01 1.014935881262852e-03
1.202880205507879e-01 1.513623948852781e-01 1.024187546756058e-03
1.204348491997644e-01 1.487104916897620e-01 1.011564791795612e-03
1.205816776907555e-01 1.493262778712195e-01 1.013179376928575e-03
1.207285060235687e-01 1.485570580573570e-01 1.022055191474943e-03
1.208753341980116e-01 1.481804377862928e-01 1.014609678605977e-03
1.210221622138920e-01 1.495808384105216e-01 1.017170421023558e-03
1.211689900710175e-01 1.479667828190074e-01 1.006394699947189e-03
1.213158177691958e-01 1.475312849464582e-01 1.016526178475263e-03
1.214626453082345e-01 1.445395924749868e-01 1.014584712944444e-03
1.216094726879414e-01 1.439460353579349e-01 1.000984239456843e-03
1.217562999081240e-01 1.443971564655724e-01 1.007429794429682e-03
1.219031269685900e-01 1.437025564139267e-01 1.004394179372994e-03
1.220499538691473e-01 1.433779096970043e-01 1.011135632871034e-03
1.221967806096032e-01 1.434049119388908e-01 1.012376160313927e-03
1.223436071897657e-01 1.419989892351393e-01 9.898816511282602e-04
1.224904336094423e-01 1.412887159635469e-01 1.008415056023041e-03
1.226372598684407e-01 1.401631970024994e-01 9.995401845655414e-04
1.227840859665686e-01 1.404517412145129e-01 1.008633766736188e-03
1.229309119036337e-01 1.392230657100748e-01 9.951179526084704e-04
1.230777376794436e-01 1.394844806180580e-01 9.948198563030860e-04
1.232245632938061e-01 1.375427317794816e-01 1.004128514025043e-03
1.233713887465287e-01 1.375372289639974e-01 9.840955980430926e-04
1.235182140374194e-01 1.361469788559018e-01 9.942766479628298e-04
1.236650391662856e-01 1.366009793388879e-01 9.943590329419116e-04
1.238118641329350e-01 1.344797850544577e-01 9.875285361722599e-04
1.239586889371753e-01 1.346339280831138e-01 1.000309202542235e-03
1.241055135788144e-01 1.319213591291442e-01 9.783198840512225e-04
1.242523380576598e-01 1.360360209983972e-01 9.963100653934713e-04
1.243991623735193e-01 1.346518893181965e-01 9.895373570841972e-04
1.245459865262004e-01 1.338821410715103e-01 9.900118730210459e-04
1.246928105155109e-01 1.322444570940020e-01 9.877126031068435e-04
1.248396343412586e-01 1.334119553315234e-01 9.843514906598995e-04
1.249864580032510e-01 1.327462189787676e-01 9.873920815858177e-04
1.251332815012960e-01 1.302630601692735e-01 9.812600698572086e-04
1.252801048352011e-01 1.314874829666056e-01 9.868283632361472e-04
1.254269280047742e-01 1.293500920771610e-01 9.811135576167486e-04
1.255737510098228e-01 1.307741687217100e-01 9.824552720209753e-04
1.257205738501548e-01 1.299274460745070e-01 9.889963797098300e-04
1.258673965255777e-01 1.284138569564010e-01 9.777117317272606e-04
1.260142190358993e-01 1.272999246558222e-01 9.759354267549277e-04
1.261610413809274e-01 1.290741837983645e-01 9.824287255820272e-04
1.263078635604696e-01 1.262672737399707e-01 9.694586050352330e-04
1.264546855743336e-01 1.266204646655684e-01 9.795134554609717e-04
1.266015074223272e-01 1.276688665108471e-01 9.683131780468359e-04
1.267483291042580e-01 1.252177815082977e-01 9.678938131791704e-04
1.268951506199338e-01 1.247444429685149e-01 9.591941045308110e-04
1.270419719691622e-01 1.259572213656517e-01 9.725039634656254e-04
1.271887931517510e-01 1.254691863653775e-01 9.617480894970615e-04
1.273356141675080e-01 1.257570360426959e-01 9.663697757861853e-04
1.274824350162407e-01 1.244119274308912e-01 9.607906589686105e-04
1.276292556977570e-01 1.228804454654626e-01 9.559284906263238e-04
1.277760762118645e-01 1.230871944304999e-01 9.658432701039601e-04
1.279228965583711e-01 1.230361961454209e-01 9.533469027770363e-04
1.280697167370843e-01 1.211745906905766e-01 9.585915206730102e-04
1.282165367478119e-01 1.210703222067470e-01 9.599361408011666e-04
1.283633565903617e-01 1.218915417324544e-01 9.487293871383382e-04
1.285101762645414e-01 1.206065813426528e-01 9.556037744164861e-04
1.286569957701586e-01 1.210027949018173e-01 9.489383192769430e-04
1.288038151070212e-01 1.186233087935671e-01 9.480738922378810e-04
1.289506342749369e-01 1.199132903759113e-01 9.529272583896470e-04
1.290974532737133e-01 1.186777045824535e-01 9.451503681659992e-04
1.292442721031583e-01 1.203193824847122e-01 9.573147011665608e-04
1.293910907630794e-01 1.184239797039076e-01 9.448751313458241e-04
1.295379092532846e-01 1.165054071954231e-01 9.447820346157399e-04
1.296847275735815e-01 1.158123856042427e-01 9.406158916325535e-04
1.298315457237779e-01 1.173025223388180e-01 9.448033925402018e-04
1.299783637036815e-01 1.178431360992454e-01 9.588754975154855e-04
1.301251815131000e-01 1.165242007511089e-01 9.377750027097462e-04
1.302719991518412e-01 1.154170714719357e-01 9.455653230250771e-04
1.304188166197129e-01 1.168306225678431e-01 9.437579878918792e-04
1.305656339165226e-01 1.140416087611412e-01 9.455838716499913e-04
1.307124510420783e-01 1.152562328729600e-01 9.445195279144799e-04
1.308592679961877e-01 1.142709727592013e-01 9.413422412378314e-04
1.310060847786584e-01 1.150549355189931e-01 9.410560046002876e-04
1.311529013892983e-01 1.133928985117280e-01 9.368918265018966e-04
1.312997178279152e-01 1.124260377928770e-01 9.407740255178009e-04
1.314465340943166e-01 1.143877240589269e-01 9.413369394118333e-04
1.315933501883105e-01 1.135988741183208e-01 9.325381347558775e-04
1.317401661097045e-01 1.118452793200023e-01 9.353107234369142e-04
1.318869818583065e-01 1.117821963709750e-01 9.363886161715975e-04
1.320337974339242e-01 1.112387460778901e-01 9.388835990739577e-04
1.321806128363652e-01 1.120017534656187e-01 9.353669172186919e-04
1.323274280654375e-01 1.116130644182750e-01 9.355201329711986e-04
1.324742431209487e-01 1.098625619107856e-01 9.384037713858946e-04
1.326210580027065e-01 1.123657757818616e-01 9.335517490757862e-04
1.327678727105190e-01 1.118087931744038e-01 9.384294656901844e-04
1.329146872441935e-01 1.106274778685850e-01 9.309549923902463e-04
1.330615016035382e-01 1.109843660809372e-01 9.348761407476646e-04
1.332083157883606e-01 1.098436056198857e-01 9.288780946921145e-04
1.333551297984685e-01 1.092102738236314e-01 9.308376725692862e-04
1.335019436336697e-01 1.089789863947102e-01 9.333464924383379e-04
1.336487572937721e-01 1.066202724092596e-01 9.218421325061351e-04
1.337955707785833e-01 1.074050616441831e-01 9.344684807534139e-04
1.339423840879111e-01 1.058057857270240e-01 9.268273464612359e-04
1.340891972215633e-01 1.081847576278044e-01 9.245675140004568e-04
1.342360101793477e-01 1.069684280696710e-01 9.261735749903600e-04
1.343828229610720e-01 1.065794689864269e-01 9.143950836844609e-04
1.345296355665440e-01 1.067779220247317e-01 9.311759180013760e-04
1.346764479955716e-01 1.054151919713079e-01 9.174592814545108e-04
1.348232602479625e-01 1.052512991623862e-01 9.245544971040386e-04
1.349700723235245e-01 1.061704131714684e-01 9.257319711618715e-04
1.351168842220653e-01 1.054465582707744e-01 9.169183393959242e-04
1.352636959433928e-01 1.064044768866057e-01 9.267860719302999e-04
1.354105074873147e-01 1.043637128379702e-01 9.088441967543487e-04
1.355573188536388e-01 1.047905225843508e-01 9.275886594748944e-04
1.357041300421729e-01 1.034312230015968e-01 9.173251398994201e-04
1.358509410527249e-01 1.035387107780323e-01 9.206664866456895e-04
1.359977518851024e-01 1.028751323621145e-01 9.214885536917609e-04
1.361445625391133e-01 1.047515979229159e-01 9.149574089486534e-04
1.362913730145654e-01 1.021410616037734e-01 9.161923925514805e-04
1.364381833112665e-01 1.021686061084909e-01 9.093059828190345e-04
1.365849934290243e-01 1.023899857908195e-01 9.148306922619017e-04
1.367318033676468e-01 1.024288792826645e-01 9.243570880058768e-04
1.368786131269416e-01 1.013627062393424e-01 9.073959282334530e-04
1.370254227067166e-01 1.012951809395043e-01 9.150423999386692e-04
1.371722321067795e-01 1.011985901866212e-01 9.048426250360274e-04
1.373190413269383e-01 1.007058053822931e-01 9.109169298573868e-04
1.374658503670007e-01 9.868215629619734e-02 9.100850289353822e-04
1.376126592267744e-01 1.006249110152926e-01 9.113871620622553e-04
1.377594679060673e-01 9.764875982120226e-02 9.133160545222542e-04
1.379062764046873e-01 9.985352838288702e-02 9.018360844589597e-04
1.380530847224421e-01 9.953979478216420e-02 9.139740728314567e-04
1.381998928591395e-01 9.766449547139593e-02 9.105776203875272e-04
1.383467008145873e-01 9.854861861819653e-02 9.047572663940027e-04
1.384935085885935e-01 9.981912829241926e-02 9.168015811300025e-04
1.386403161809657e-01 9.958742758024647e-02 9.002991387155615e-04
1.387871235915119e-01 9.927508130531162e-02 9.125582025255949e-04
1.389339308200397e-01 9.761834311491444e-02 9.060188735243389e-04
1.390807378663571e-01 9.649129193844136e-02 8.975993218117122e-04
1.392275447302719e-01 9.746578632494181e-02 9.083604486806957e-04
1.393743514115918e-01 9.653957297154690e-02 8.994189269562982e-04
1.395211579101248e-01 9.645800645154286e-02 9.095877431994579e-04
1.396679642256785e-01 9.426388782383655e-02 8.969997886516143e-04
1.398147703580609e-01 9.628190643512000e-02 9.004235013574958e-04
1.399615763070799e-01 9.603546346637977e-02 9.040652989138568e-04
1.401083820725432e-01 9.450661394091547e-02 9.016780933382727e-04
1.402551876542587e-01 9.411784354335616e-02 9.032881223650598e-04
1.404019930520340e-01 9.511969339665280e-02 8.994898236862381e-04
1.405487982656773e-01 9.300753564428647e-02 8.989337273310801e-04
1.406956032949962e-01 9.438832254572210e-02 9.249299574283363e-04
1.408424081397986e-01 9.467521430328861e-02 9.488143186757095e-04
1.409892127998923e-01 9.501593470193635e-02 9.599312130106047e-04
1.411360172750852e-01 9.436790390880971e-02 9.729925635095904e-04
1.412828215651852e-01 9.339436663283604e-02 9.831030109421763e-04
1.414296256699999e-01 9.346619876506566e-02 9.819343103772442e-04
1.415764295893374e-01 9.387099232888713e-02 1.001332555186593e-03
1.417232333230055e-01 9.314363481639194e-02 1.001607526931878e-03
1.418700368708119e-01 9.169836185534121e-02 1.018258399881649e-03
1.420168402325645e-01 9.113612618482742e-02 1.027542056739068e-03
1.421636434080713e-01 9.448320444999589e-02 1.032644106102504e-03
1.423104463971400e-01 9.039198912999022e-02 1.041384583165883e-03
1.424572491995785e-01 9.119034741879257e-02 1.047901131015758e-03
1.426040518151946e-01 9.174941507261444e-02 1.068349860147229e-03
1.427508542437963e-01 9.235056738769384e-02 1.060221971565844e-03
1.428976564851913e-01 9.146413189076888e-02 1.074798392802464e-03
1.430444585391876e-01 9.093757046281406e-02 1.081526784421738e-03
1.431912604055929e-01 9.027554988999244e-02 1.088559138626874e-03
1.433380620842152e-01 9.103527468327736e-02 1.092785063995253e-03
1.434848635748623e-01 9.043926828374588e-02 1.097478140320293e-03
1.436316648773420e-01 8.876984123902094e-02 1.098137484744244e-03
1.437784659914622e-01 8.622301691101848e-02 1.106485976746380e-03
1.439252669170309e-01 8.740811540513278e-02 1.128127701742789e-03
1.440720676538558e-01 8.964006875625866e-02 1.116972700124107e-03
1.442188682017449e-01 8.632364722108961e-02 1.125335776070102e-03
1.443656685605060e-01 8.728579894624802e-02 1.138164217375841e-03
1.445124687299469e-01 8.702104701629311e-02 1.160985530994852e-03
1.446592687098756e-01 8.677225424386810e-02 1.145463932463656e-03
1.448060685000999e-01 8.718899172150486e-02 1.173197111846087e-03
1.449528681004278e-01 8.735511205223798e-02 1.163092949355565e-03
1.450996675106670e-01 8.545021412886028e-02 1.169465171273145e-03
1.452464667306255e-01 8.689489553402169e-02 1.173038940908215e-03
1.453932657601112e-01 8.369926082116021e-02 1.174222210362520e-03
1.455400645989318e-01 8.777235103118489e-02 1.209293861083527e-03
1.456868632468954e-01 8.626481177319702e-02 1.195880440606401e-03
1.458336617038097e-01 8.451928232388811e-02 1.200360450387891e-03
1.459804599694828e-01 8.430501294128960e-02 1.197847984079234e-03
1.461272580437224e-01 8.220636507442067e-02 1.216277069641060e-03
1.462740559263364e-01 8.390990929465729e-02 1.227533299741254e-03
1.464208536171328e-01 8.239357071520009e-02 1.233480272943343e-03
1.465676511159195e-01 8.304973217485885e-02 1.239091438767927e-03
1.467144484225043e-01 8.316913279157191e-02 1.235883143697005e-03
1.468612455366952e-01 8.687111930593834e-02 1.265528957059696e-03
1.470080424582999e-01 8.372220638262914e-02 1.269842551806767e-03
1.471548391871265e-01 8.294582360996662e-02 1.236318456914943e-03
1.473016357229828e-01 8.230122316053107e-02 1.277134608243552e-03
1.474484320656767e-01 8.192756638635428e-02 1.255817484292099e-03
1.475952282150162e-01 8.291617130602334e-02 1.279511456835771e-03
1.477420241708091e-01 8.228348841958934e-02 1.266027182159894e-03
1.478888199328633e-01 8.086690293676330e-02 1.269275008851338e-03
1.480356155009868e-01 7.960650867873173e-02 1.282286998669382e-03
1.481824108749874e-01 8.127321034524845e-02 1.267958751845813e-03
1.483292060546731e-01 8.116455835713687e-02 1.299404701713089e-03
1.484760010398518e-01 8.091100916814900e-02 1.271373136532766e-03
1.486227958303313e-01 7.955960849346563e-02 1.299244292613350e-03
1.487695904259196e-01 7.897722075634894e-02 1.310251642347749e-03
1.489163848264247e-01 8.214094656268205e-02 1.284663030472104e-03
1.490631790316544e-01 8.039854772492545e-02 1.322658286285114e-03
1.492099730414167e-01 8.087850398030437e-02 1.332759643109356e-03
1.493567668555194e-01 8.045866567792609e-02 1.330955644426592e-03
1.495035604737705e-01 7.939662574347954e-02 1.324542939692594e-03
1.496503538959780e-01 7.859347464435475e-02 1.288126597057305e-03
1.497971471219496e-01 7.654781324374325e-02 1.318007261898892e-03
1.499439401514935e-01 7.865986485914815e-02 1.294937840149634e-03
1.500907329844174e-01 7.848786776033592e-02 1.333809467825913e-03
1.502375256205293e-01 8.039795513260027e-02 1.314342164823118e-03
1.503843180596373e-01 7.798598809611086e-02 1.312609285101387e-03
1.505311103015491e-01 7.651064644850032e-02 1.338475764668522e-03
1.506779023460727e-01 7.613862634649406e-02 1.295458949452731e-03
1.508246941930161e-01 7.852383253912718e-02 1.335570654810310e-03
1.509714858421872e-01 7.660711473195901e-02 1.304941874109785e-03
1.511182772933938e-01 7.558538056221871e-02 1.313464032013510e-03
1.512650685464441e-01 7.557553191117318e-02 1.339382336251877e-03
1.514118596011459e-01 7.409792661861077e-02 1.299858006478721e-03
1.515586504573071e-01 7.567487550779785e-02 1.331858255641032e-03
1.517054411147357e-01 7.336079399666932e-02 1.307146126886277e-03
1.518522315732397e-01 7.378348220320609e-02 1.331489912404039e-03
1.519990218326269e-01 7.515318919808846e-02 1.343049089405430e-03
1.521458118927054e-01 7.576904683664676e-02 1.320564227568412e-03
1.522926017532831e-01 7.372487921192131e-02 1.357627968888574e-03
1.524393914141679e-01 7.088327244401332e-02 1.312386326036502e-03
1.525861808751677e-01 7.348727797018921e-02 1.364455214172022e-03
1.527329701360906e-01 7.386830559439730e-02 1.345638815941507e-03
1.528797591967446e-01 7.145088238459940e-02 1.332228373869628e-03
1.530265480569374e-01 7.253054614175454e-02 1.386821034135558e-03
1.531733367164773e-01 7.538814784321053e-02 1.333255977130129e-03
1.533201251751719e-01 7.213048570089937e-02 1.374341081772993e-03
1.534669134328294e-01 7.116930166025899e-02 1.338674387713245e-03
1.536137014892578e-01 7.293258517974206e-02 1.384398308596375e-03
1.537604893442648e-01 7.114282626661858e-02 1.387387165303755e-03
1.539072769976586e-01 7.274821428240395e-02 1.372133312855852e-03
1.540540644492471e-01 7.249601689471917e-02 1.408060527312844e-03
1.542008516988383e-01 7.008785421067582e-02 1.369007562182511e-03
1.543476387462401e-01 7.012382005250106e-02 1.407689846693960e-03
1.544944255912605e-01 7.010870778484959e-02 1.389073963549312e-03
1.546412122337075e-01 7.100139159415184e-02 1.394997639788532e-03
1.547879986733890e-01 7.223863257758731e-02 1.418834436648494e-03
1.549347849101131e-01 6.989578075065297e-02 1.393988337397392e-03
1.550815709436878e-01 6.802140730132762e-02 1.404608658981445e-03
1.552283567739209e-01 6.754088626571063e-02 1.387413304214474e-03
1.553751424006205e-01 6.769611378101674e-02 1.409707806802239e-03
1.555219278235946e-01 6.793814835847634e-02 1.421291662730615e-03
1.556687130426511e-01 7.048571552764746e-02 1.433529059015263e-03
1.558154980575980e-01 6.736670017218145e-02 1.424727741875482e-03
1.559622828682433e-01 6.789291366917791e-02 1.417895012296812e-03
1.561090674743951e-01 6.843340061651082e-02 1.446021021800397e-03
1.562558518758612e-01 7.043336903007490e-02 1.448406547628970e-03
1.564026360724498e-01 6.533985768492243e-02 1.438907618578277e-03
1.565494200639687e-01 6.767897596546298e-02 1.433934519465393e-03
1.566962038502260e-01 6.676184233156321e-02 1.443708099393381e-03
1.568429874310297e-01 6.628168995261179e-02 1.463164835483060e-03
1.569897708061878e-01 6.472584179736446e-02 1.450504650381762e-03
1.571365539755082e-01 6.671693396990229e-02 1.466051384823134e-03
1.572833369387990e-01 6.504818084909739e-02 1.458420630143366e-03
1.574301196958682e-01 6.552196557969611e-02 1.451873033045321e-03
1.575769022465238e-01 6.574538984008818e-02 1.489304501910233e-03
1.577236845905738e-01 6.660724700216285e-02 1.451148990968275e-03
1.578704667278262e-01 6.606110411090406e-02 1.491405608540173e-03
1.580172486580890e-01 6.661800587938181e-02 1.498105338402612e-03
1.581640303811701e-01 6.621768186589568e-02 1.486413566824206e-03
1.583108118968778e-01 6.399928459549911e-02 1.500744328545115e-03
1.584575932050198e-01 6.137442436106243e-02 1.479535305454790e-03
1.586043743054044e-01 6.341051860824204e-02 1.524799397581911e-03
1.587511551978395e-01 6.335563660774657e-02 1.521288218528155e-03
1.588979358821330e-01 6.210315002683543e-02 1.502243252836218e-03
1.590447163580930e-01 6.266876354060666e-02 1.521253737477317e-03
1.591914966255276e-01 6.154254286856634e-02 1.510479075897879e-03
1.593382766842448e-01 6.460867984998211e-02 1.543919854959676e-03
1.594850565340525e-01 6.326802073719134e-02 1.545518199596797e-03
1.596318361747588e-01 6.326954288420952e-02 1.531869125668447e-03
1.597786156061718e-01 5.929519954641720e-02 1.540930420235887e-03
1.599253948280995e-01 6.145748943183880e-02 1.539295515860244e-03
1.600721738403499e-01 6.014052202898240e-02 1.558285175488555e-03
1.602189526427309e-01 6.124603819852516e-02 1.558775501208088e-03
1.603657312350509e-01 5.844301287922739e-02 1.572004146213805e-03
1.605125096171175e-01 6.180515135424217e-02 1.572514977341309e-03
1.606592877887390e-01 6.348911896341258e-02 1.584126443998629e-03
1.608060657497234e-01 5.807041708408375e-02 1.580853928995743e-03
1.609528434998787e-01 6.016490886039729e-02 1.589403367351969e-03
1.610996210390131e-01 5.860133676913928e-02 1.579586800245254e-03
1.612463983669344e-01 5.819352761909084e-02 1.595709866697375e-03
1.613931754834508e-01 5.805215904067101e-02 1.586422958782162e-03
1.615399523883702e-01 5.889412320970440e-02 1.616938247708526e-03
1.616867290815008e-01 5.730540273226903e-02 1.594347294649830e-03
1.618335055626506e-01 5.704254984329106e-02 1.620891203417806e-03
1.619802818316277e-01 5.557127972287412e-02 1.615771471435968e-03
1.621270578882401e-01 5.736131211311735e-02 1.621334525277372e-03
1.622738337322958e-01 5.918042691934694e-02 1.645214068631856e-03
1.624206093636030e-01 5.559204329161163e-02 1.618420775218356e-03
1.625673847819697e-01 5.525457058974678e-02 1.650081732438982e-03
1.627141599872038e-01 5.533551186051046e-02 1.645115836189707e-03
1.628609349791136e-01 5.486543596304477e-02 1.665175965589360e-03
1.630077097575070e-01 5.740789765487010e-02 1.675288748842932e-03
1.631544843221922e-01 5.724346800968860e-02 1.649195948927378e-03
1.633012586729772e-01 5.546108881756999e-02 1.673691187602027e-03
1.634480328096700e-01 5.387602824480537e-02 1.681597217535815e-03
1.635948067320787e-01 5.294661964382227e-02 1.668010188407212e-03
1.637415804400115e-01 5.453273728177514e-02 1.676723575703481e-03
1.638883539332764e-01 5.343105892248993e-02 1.701409219703961e-03
1.640351272116813e-01 5.473849009632530e-02 1.710019334764761e-03
1.641819002750345e-01 5.240174968511496e-02 1.728117584119595e-03
1.643286731231440e-01 5.274520500293890e-02 1.706717452879749e-03
1.644754457558179e-01 5.524135887068053e-02 1.732226824319543e-03
1.646222181728642e-01 5.477386888959401e-02 1.749366082804443e-03
1.647689903740911e-01 5.591340924198321e-02 1.763356141086046e-03
1.649157623593066e-01 5.043555272983609e-02 1.792288698252658e-03
1.650625341283188e-01 5.264844724332451e-02 1.743936588709390e-03
1.652093056809359e-01 5.353468907012952e-02 1.769453013865943e-03
1.653560770169658e-01 4.961369155278905e-02 1.779798806447802e-03
1.655028481362167e-01 5.216227801523635e-02 1.798996779995330e-03
1.656496190384967e-01 5.173251927595511e-02 1.800806611526054e-03
1.657963897236138e-01 5.099107510766405e-02 1.794144540941481e-03
1.659431601913762e-01 5.172555834577797e-02 1.800297637941512e-03
1.660899304415920e-01 5.147205741775843e-02 1.824853697680132e-03
1.662367004740692e-01 4.767820800956574e-02 1.824461630859334e-03
1.663834702886159e-01 5.154598054697915e-02 1.853510767690744e-03
1.665302398850404e-01 4.715141587037872e-02 1.831031576456919e-03
1.666770092631506e-01 5.138875147243446e-02 1.876343693477734e-03
1.668237784227546e-01 5.056862152576347e-02 1.876299765783202e-03
1.669705473636607e-01 5.090971666063300e-02 1.872865259046393e-03
1.671173160856769e-01 5.143512611122161e-02 1.907621637419178e-03
1.672640845886112e-01 5.126851846006533e-02 1.902639694498253e-03
1.674108528722718e-01 4.877168603577231e-02 1.894136604503593e-03
1.675576209364669e-01 4.885926684522027e-02 1.966146914398075e-03
1.677043887810044e-01 4.802221930734061e-02 1.889644225874446e-03
1.678511564056927e-01 4.643165491391343e-02 1.942593079868939e-03
1.679979238103397e-01 4.767614892935677e-02 1.995469781634455e-03
1.681446909947535e-01 4.899597043060110e-02 1.965034775517897e-03
1.682914579587425e-01 4.923046477586136e-02 2.017034394322036e-03
1.684382247021145e-01 4.618198001764572e-02 1.950100203026445e-03
1.685849912246778e-01 5.171384646463473e-02 2.043584467195095e-03
1.687317575262405e-01 4.696759440581760e-02 2.037287501336282e-03
1.688785236066107e-01 4.586094394109982e-02 2.035200042177451e-03
1.690252894655966e-01 4.469007144698242e-02 2.039142461329128e-03
1.691720551030063e-01 4.806748005572423e-02 2.052196764850899e-03
1.693188205186478e-01 4.839840450459415e-02 2.111168436927141e-03
1.694655857123294e-01 4.674461284125014e-02 2.094100694028484e-03
1.696123506838591e-01 4.728000071332452e-02 2.141740237589669e-03
1.697591154330453e-01 4.075412079607766e-02 2.070102283975729e-03
1.699058799596958e-01 4.344755445320439e-02 2.111884793107489e-03
1.700526442636189e-01 4.351441235856246e-02 2.150790343221862e-03
1.701994083446229e-01 4.474503274704904e-02 2.109265004123924e-03
1.703461722025157e-01 4.492753262196270e-02 2.230237202179215e-03
1.704929358371055e-01 4.394396750236862e-02 2.142398819555577e-03
1.706396992482005e-01 4.222952591284385e-02 2.184485570617821e-03
1.707864624356089e-01 4.451655756394227e-02 2.231376102804017e-03
1.709332253991387e-01 4.275712181810432e-02 2.221089342945253e-03
1.710799881385982e-01 4.389135977337870e-02 2.295628834858917e-03
1.712267506537955e-01 4.248661184727344e-02 2.314790456044018e-03
1.713735129445388e-01 4.087172035532823e-02 2.288884244885033e-03
1.715202750106361e-01 4.031728064858428e-02 2.322889453361505e-03
1.716670368518958e-01 4.542611765029972e-02 2.387407926670292e-03
1.718137984681258e-01 4.415350783690508e-02 2.404703689737189e-03
1.719605598591345e-01 4.285229113450968e-02 2.372842591861903e-03
1.721073210247299e-01 4.481381565668741e-02 2.397661376251234e-03
1.722540819647203e-01 4.208178231884008e-02 2.463354569210327e-03
1.724008426789137e-01 4.000147824178582e-02 2.469125625748014e-03
1.725476031671185e-01 4.263193256028559e-02 2.474600404573778e-03
1.726943634291426e-01 3.979185496950539e-02 2.590966652043421e-03
1.728411234647944e-01 3.653425523012471e-02 2.529595548335862e-03
1.729878832738820e-01 4.404755912522453e-02 2.548061446992593e-03
1.731346428562135e-01 3.952999445664045e-02 2.640562089624546e-03
1.732814022115972e-01 4.414300640381122e-02 2.648508424328329e-03
1.734281613398412e-01 4.197213461165289e-02 2.726832070444319e-03
1.735749202407538e-01 3.999849232860472e-02 2.705994646421373e-03
1.737216789141430e-01 4.264641058777422e-02 2.790258162208678e-03
1.738684373598171e-01 3.921954428202534e-02 2.760199643611892e-03
1.740151955775843e-01 4.446514549360522e-02 2.828913084804976e-03
1.741619535672527e-01 4.107958698473689e-02 2.900208612878476e-03
1.743087113286306e-01 3.466687155980992e-02 2.867916981807718e-03
1.744554688615261e-01 4.048005825713502e-02 2.942762577319529e-03
1.746022261657475e-01 3.633105770654272e-02 2.970895856361045e-03
1.747489832411029e-01 4.452399978471439e-02 3.142690147012103e-03
1.748957400874005e-01 3.916461010135978e-02 3.063063572633929e-03
1.750424967044485e-01 3.905144897114570e-02 3.115698609915580e-03
1.751892530920552e-01 3.368584320836900e-02 3.232488015534769e-03
1.753360092500287e-01 3.744867410691863e-02 3.297856220849007e-03
1.754827651781772e-01 4.272557860022051e-02 3.332033260470377e-03
1.756295208763090e-01 4.024580348453988e-02 3.334669018390888e-03
1.757762763442323e-01 3.637134160616792e-02 3.383885473160447e-03
1.759230315817552e-01 3.865250587197808e-02 3.587124833462628e-03
1.760697865886859e-01 4.119084290759207e-02 3.776868949452352e-03
1.762165413648328e-01 3.789073160307754e-02 3.562244101766031e-03
1.763632959100039e-01 3.841354626615601e-02 3.809982757703972e-03
1.765100502240076e-01 4.052951077349388e-02 3.971626006931381e-03
1.766568043066521e-01 4.179411583821494e-02 4.190900530803634e-03
1.768035581577454e-01 3.494651180172709e-02 4.131159332554164e-03
1.769503117770959e-01 3.637267739763871e-02 4.367308558339053e-03
1.770970651645119e-01 3.870855019503741e-02 4.384203053052025e-03
1.772438183198014e-01 3.547789902094163e-02 4.381137375811346e-03
1.773905712427729e-01 3.519909410596851e-02 4.831859801526214e-03
1.775373239332344e-01 4.144210553735130e-02 4.901124912941698e-03
1.776840763909942e-01 3.358825600589890e-02 5.226142490652244e-03
1.778308286158606e-01 3.332483471581375e-02 5.527257192165795e-03
1.779775806076418e-01 2.505593728291710e-02 5.634247250212204e-03
1.781243323661459e-01 3.862125835687802e-02 6.368196515205718e-03
1.782710838911813e-01 4.032213485833729e-02 7.138944500007874e-03
1.784178351825563e-01 2.604349721795210e-02 7.397721648143262e-03
1.785645862400790e-01 3.759710682354427e-02 9.536816374979187e-03
1.787113370635576e-01 4.039937561636395e-02 9.857282292459435e-03
1.788580876528005e-01 2.467917641884845e-02 1.239558962963979e-02
1.790048380076158e-01 2.820131897839007e-02 1.454824706013975e-02
