<X> <Y> <dY>
8.813602216919226e-04 -4.095395559489165e+01 2.719350059498419e+00
1.028253589049351e-03 -5.066002697506293e+01 1.480064828476616e+00
1.175146955056984e-03 -2.479391927223312e+01 1.125033906383860e+00
1.322040319521992e-03 -1.989566823509756e+01 6.902660778357889e-01
1.468933682251548e-03 -1.486714468414629e+01 5.008051038901029e-01
1.615827043052824e-03 -1.069549793685569e+01 3.529850302169935e-01
1.762720401732992e-03 -7.372420678745350e+00 3.058680632317032e-01
1.909613758099223e-03 -5.636309176534087e+00 2.623208916176116e-01
2.056507111958691e-03 -4.463488018621668e+00 2.210412778489986e-01
2.203400463118568e-03 -2.115331440063970e+00 1.944357551068225e-01
2.350293811386024e-03 -2.666813889632557e+00 1.629783171655910e-01
2.497187156568232e-03 -1.908637137868798e+00 1.465763931588932e-01
2.644080498472365e-03 -1.535954690954873e+00 1.280664616517338e-01
2.790973836905595e-03 -1.307643379872814e+00 1.127511456320068e-01
2.937867171675094e-03 -1.098534822268513e+00 1.041909768963276e-01
3.084760502588034e-03 -7.313519505270927e-01 9.237384737903183e-02
3.231653829451588e-03 -7.116197561169229e-01 8.447310519482874e-02
3.378547152072927e-03 -4.981524504562899e-01 7.745783124421758e-02
3.525440470259224e-03 -5.201344673981109e-01 6.984401758867238e-02
3.672333783817651e-03 -4.179134857997023e-01 6.514918533187605e-02
3.819227092555382e-03 -3.652781081504018e-01 5.868713526873204e-02
3.966120396279587e-03 -2.872676197247111e-01 5.601975897929867e-02
4.113013694797441e-03 -3.216057058337470e-01 5.062508865658148e-02
4.259906987916115e-03 -1.861449708968261e-01 4.688538183456877e-02
4.406800275442781e-03 -2.737355589590212e-01 4.429151566489413e-02
4.553693557184614e-03 -2.182935323194852e-01 4.092468954513428e-02
4.700586832948783e-03 -1.685451356091383e-01 3.831973377679099e-02
4.847480102542463e-03 -1.074154243443897e-01 3.566485170872295e-02
4.994373365772829e-03 -1.402397120940946e-01 3.372688890776376e-02
5.141266622447048e-03 -1.053863650777828e-01 3.171221823115775e-02
5.288159872372297e-03 -9.486923297763028e-02 2.936378681095514e-02
5.435053115355749e-03 -5.664957555589619e-02 2.802558010646734e-02
5.581946351204576e-03 -8.411509373988792e-02 2.639831941061035e-02
5.728839579725948e-03 -2.412965519393530e-02 2.466444926597915e-02
5.875732800727044e-03 -5.687143295048932e-02 2.352867164209270e-02
6.022626014015034e-03 -5.400140995298160e-02 2.230563812215008e-02
6.169519219397089e-03 -5.418421057131228e-02 2.113867055564369e-02
6.316412416680385e-03 -5.877021627553523e-02 2.021765558585626e-02
6.463305605672094e-03 -2.810945489650760e-02 1.896252351774162e-02
6.610198786179393e-03 -3.564008554081635e-02 1.800572774612688e-02
6.757091958009447e-03 -3.193288661785748e-02 1.709695251369449e-02
6.903985120969439e-03 -8.546317290791309e-03 1.634031587848959e-02
7.050878274866538e-03 -4.008094878415419e-02 1.569516838421452e-02
7.197771419507919e-03 -3.203707355498102e-02 1.470398480406653e-02
7.344664554700750e-03 -3.597399006900129e-02 1.415060759314880e-02
7.491557680252214e-03 -2.591333945359572e-02 1.365959962157581e-02
7.638450795969478e-03 9.768184470262781e-04 1.295003298565498e-02
7.785343901659718e-03 -1.327112779935644e-02 1.246773925595186e-02
7.932236997130110e-03 -3.189597364266804e-02 1.180505455369046e-02
8.079130082187821e-03 -1.273205402924301e-02 1.145215194761747e-02
8.226023156640037e-03 -8.193828120807257e-03 1.100275351474849e-02
8.372916220293923e-03 -2.236134155046128e-03 1.041576642605849e-02
8.519809272956652e-03 -5.866208748859189e-03 1.008632432708101e-02
8.666702314435403e-03 -9.413354875952478e-03 9.702624223425526e-03
8.813595344537354e-03 -2.135450400888768e-03 9.370072348440839e-03
8.960488363069672e-03 -1.185588797624235e-02 9.014349725705978e-03
9.107381369839535e-03 -2.380341630032386e-02 8.543695258002831e-03
9.254274364654119e-03 -4.971268898993197e-03 8.365630017161466e-03
9.401167347320593e-03 -5.553462874622237e-03 8.006897954474186e-03
9.548060317646137e-03 -5.115949496324755e-03 7.812162127802933e-03
9.694953275437929e-03 -8.371706705988352e-03 7.525400124106729e-03
9.841846220503138e-03 -1.670744713211616e-02 7.184444475193818e-03
9.988739152648940e-03 -1.813011723844636e-02 7.036040485012472e-03
1.013563207168251e-02 -1.860517370039172e-02 6.725438891474735e-03
1.028252497741103e-02 1.573931370751460e-03 6.492289143006115e-03
1.042941786964167e-02 -4.564720078827566e-03 6.315161157033613e-03
1.057631074818160e-02 -8.438889332342523e-03 6.124545926583991e-03
1.072320361283801e-02 -9.686319717507023e-03 5.992682202166021e-03
1.087009646341806e-02 -3.419631586229005e-03 5.673239319679980e-03
1.101698929972894e-02 -7.077085818212102e-03 5.538195945223839e-03
1.116388212157781e-02 -1.086773448314039e-02 5.402895634735805e-03
1.131077492877186e-02 -1.902714827224820e-03 5.246685009328907e-03
1.145766772111827e-02 -6.677662488929570e-03 5.115388308424505e-03
1.160456049842420e-02 4.512424370957156e-04 4.925533858249632e-03
1.175145326049683e-02 -8.361755007478563e-03 4.788503854299185e-03
1.189834600714335e-02 3.308979742464119e-03 4.658912650254845e-03
1.204523873817092e-02 -1.003906499628424e-02 4.530924647463187e-03
1.219213145338673e-02 -6.883013478848738e-03 4.384871565156124e-03
1.233902415259795e-02 -1.792618377124651e-03 4.295012024610445e-03
1.248591683561175e-02 -5.422654344247427e-03 4.189991843662606e-03
1.263280950223533e-02 -1.136782373419080e-02 4.078868524657270e-03
1.277970215227585e-02 -2.107034247228595e-03 3.903186241237544e-03
1.292659478554047e-02 -8.202322338999628e-03 3.836497894276896e-03
1.307348740183641e-02 -2.202387878577528e-03 3.767052276038416e-03
1.322038000097082e-02 5.635550077610564e-03 3.659223698889512e-03
1.336727258275089e-02 2.877111485519133e-03 3.564624992738669e-03
1.351416514698378e-02 -3.217307376720476e-03 3.482519028234381e-03
1.366105769347668e-02 -5.126580586813140e-03 3.389210045213425e-03
1.380795022203677e-02 -4.142982213112366e-03 3.326574786524550e-03
1.395484273247122e-02 1.418449534933144e-03 3.213406906271902e-03
1.410173522458722e-02 -4.016173078416427e-03 3.149245406823146e-03
1.424862769819194e-02 8.080291601277384e-04 3.091933741979829e-03
1.439552015309257e-02 -6.587278401031078e-03 3.014293380000013e-03
1.454241258909627e-02 -3.478652175415534e-03 2.953050131556194e-03
1.468930500601023e-02 2.508464234839345e-04 2.857717619695169e-03
1.483619740364163e-02 6.814534949713751e-05 2.796820685679832e-03
1.498308978179765e-02 3.426744897455174e-03 2.769577711624190e-03
1.512998214028546e-02 3.765836000737586e-03 2.689243562820103e-03
1.527687447891225e-02 1.674852374856016e-03 2.635462766292040e-03
1.542376679748520e-02 -1.984566875793135e-03 2.579794933616880e-03
1.557065909581149e-02 1.927007998569650e-03 2.531390490331469e-03
1.571755137369829e-02 2.392555865478531e-03 2.477324158642221e-03
1.586444363095279e-02 2.799390423414112e-03 2.419347731498657e-03
1.601133586738216e-02 4.262628766806142e-04 2.384549577690600e-03
1.615822808279360e-02 9.036956560878901e-04 2.335095402442914e-03
1.630512027699426e-02 -2.014489589701650e-03 2.279350900840394e-03
1.645201244979136e-02 1.370647668975705e-03 2.225791770171386e-03
1.659890460099205e-02 4.155068007786771e-03 2.183949244078040e-03
1.674579673040351e-02 2.194198532934614e-03 2.168752574648728e-03
1.689268883783294e-02 2.486361736632228e-03 2.119014964338781e-03
1.703958092308753e-02 1.586765250376661e-03 2.085291449985721e-03
1.718647298597442e-02 5.949616016675839e-03 2.017606005142815e-03
1.733336502630083e-02 5.329248612943779e-03 1.997833718641181e-03
1.748025704387393e-02 1.893286390947634e-03 1.974432408949204e-03
1.762714903850091e-02 4.419421614876434e-03 1.929521462326309e-03
1.777404100998893e-02 2.571252533574851e-03 1.907029273895222e-03
1.792093295814520e-02 5.257635497598591e-03 1.863631070953159e-03
1.806782488277687e-02 2.320816253580238e-03 1.845938571318327e-03
1.821471678369116e-02 1.660746013302540e-03 1.806518933353123e-03
1.836160866069522e-02 1.386028285314801e-03 1.760968084703061e-03
1.850850051359626e-02 1.761489594775210e-03 1.789416546284911e-03
1.865539234220144e-02 3.629633598491585e-03 1.769182633642659e-03
1.880228414631796e-02 5.232813398443648e-03 1.738967967675620e-03
1.894917592575301e-02 2.195222534746757e-03 1.737661069041489e-03
1.909606768031375e-02 4.058943701486533e-03 1.715773838230120e-03
1.924295940980738e-02 6.484756988035264e-05 1.727005576516463e-03
1.938985111404109e-02 5.020027416885342e-03 1.724819565796382e-03
1.953674279282204e-02 2.484487995681304e-03 1.733043883950075e-03
1.968363444595744e-02 2.231538753473339e-03 1.713284012648395e-03
1.983052607325447e-02 5.900749007652938e-03 1.704022582926029e-03
1.997741767452030e-02 2.750943899255632e-03 1.706440137373097e-03
2.012430924956213e-02 1.399288933861214e-03 1.696235547345667e-03
2.027120079818715e-02 5.807524358550613e-03 1.670831406724636e-03
2.041809232020253e-02 3.466114827220911e-03 1.674654201285310e-03
2.056498381541546e-02 2.620059278806553e-03 1.663050821063195e-03
2.071187528363314e-02 6.465661378537430e-03 1.641493655198867e-03
2.085876672466273e-02 7.660296869597271e-04 1.623200937213608e-03
2.100565813831145e-02 6.545694711125197e-03 1.636435979452251e-03
2.115254952438645e-02 8.621101953767455e-03 1.617890472280244e-03
2.129944088269494e-02 2.326197569175447e-03 1.605650285609909e-03
2.144633221304411e-02 3.955328806709365e-03 1.594142901926455e-03
2.159322351524114e-02 6.476354066595649e-03 1.597044950132944e-03
2.174011478909322e-02 4.765032469265472e-03 1.572000982116487e-03
2.188700603440753e-02 5.118323767728138e-03 1.554371289888635e-03
2.203389725099126e-02 6.292496246853027e-03 1.531914716494197e-03
2.218078843865161e-02 4.841537726033835e-03 1.492985536360106e-03
2.232767959719575e-02 4.996380798610527e-03 1.481091959722274e-03
2.247457072643089e-02 7.760810734958127e-03 1.453442357242216e-03
2.262146182616420e-02 7.750689366717443e-03 1.426452914640788e-03
2.276835289620287e-02 8.830252991233727e-03 1.406709061730755e-03
2.291524393635411e-02 6.566947353611346e-03 1.384939023887680e-03
2.306213494642509e-02 4.786734223965302e-03 1.383265861341176e-03
2.320902592622301e-02 7.448359642321758e-03 1.351848252590937e-03
2.335591687555505e-02 5.056636494017152e-03 1.348266263432415e-03
2.350280779422841e-02 7.514565464606839e-03 1.333177368546883e-03
2.364969868205026e-02 9.075931110874406e-03 1.312392178837800e-03
2.379658953882782e-02 6.383563343112626e-03 1.310388703109910e-03
2.394348036436827e-02 7.207430059042255e-03 1.290887493846822e-03
2.409037115847880e-02 7.871067435566139e-03 1.281203874854299e-03
2.423726192096658e-02 8.570426453448252e-03 1.270990260518500e-03
2.438415265163884e-02 1.058248822432812e-02 1.248736582510459e-03
2.453104335030275e-02 8.870872295757464e-03 1.253292639582278e-03
2.467793401676551e-02 9.517501555338983e-03 1.231549527100634e-03
2.482482465083430e-02 8.655528275170792e-03 1.224417517242370e-03
2.497171525231632e-02 8.636681481742578e-03 1.213684151001766e-03
2.511860582101877e-02 8.627782019246523e-03 1.199055394084031e-03
2.526549635674884e-02 1.051038326213302e-02 1.184521275626198e-03
2.541238685931370e-02 1.099892909330213e-02 1.177845055801109e-03
2.555927732852058e-02 9.964324095372432e-03 1.166106281263756e-03
2.570616776417666e-02 9.263466228496322e-03 1.159924778319171e-03
2.585305816608912e-02 9.058535566469902e-03 1.147021086073618e-03
2.599994853406517e-02 9.445189538554758e-03 1.139573720764717e-03
2.614683886791200e-02 1.030544016371505e-02 1.132184823052985e-03
2.629372916743681e-02 1.060639323522021e-02 1.125469302281196e-03
2.644061943244679e-02 1.049177438474066e-02 1.113178221160148e-03
2.658750966274912e-02 1.074954691823767e-02 1.100643980016616e-03
2.673439985815102e-02 9.208771427433761e-03 1.112313826097620e-03
2.688129001845969e-02 1.211680449441071e-02 1.087569322706825e-03
2.702818014348229e-02 1.185764200836090e-02 1.085639924954191e-03
2.717507023302605e-02 1.088203798387611e-02 1.071749767677695e-03
2.732196028689816e-02 1.018262085282942e-02 1.068398883372153e-03
2.746885030490582e-02 1.183696128660042e-02 1.064960683084925e-03
2.761574028685621e-02 1.062652570301469e-02 1.056723188091163e-03
2.776263023255653e-02 9.706142416993335e-03 1.036170074534839e-03
2.790952014181400e-02 1.312724072388831e-02 1.039057287520790e-03
2.805641001443581e-02 1.370610169431924e-02 1.038227376837330e-03
2.820329985022913e-02 1.115681946328486e-02 1.035507729461732e-03
2.835018964900120e-02 1.286526203952662e-02 1.018122550221539e-03
2.849707941055920e-02 1.347789991007102e-02 1.013195171481594e-03
2.864396913471031e-02 1.286367886716943e-02 1.019482846418554e-03
2.879085882126178e-02 1.418507705797728e-02 1.002348445905777e-03
2.893774847002075e-02 1.425636462225408e-02 9.941451666684517e-04
2.908463808079444e-02 1.331308197820184e-02 9.897740923978950e-04
2.923152765339008e-02 1.503733628416385e-02 9.899538401697751e-04
2.937841718761485e-02 1.660203830390354e-02 9.823010964724193e-04
2.952530668327594e-02 1.385550772457901e-02 9.813532310059638e-04
2.967219614018056e-02 1.360618219956265e-02 9.726498456663020e-04
2.981908555813591e-02 1.469878337713485e-02 9.719034562482298e-04
2.996597493694921e-02 1.646701117390700e-02 9.669935097860094e-04
3.011286427642763e-02 1.781048940957847e-02 9.584761662977706e-04
3.025975357637840e-02 1.670393094841587e-02 9.470967205104878e-04
3.040664283660871e-02 1.652054524524735e-02 9.500181585753470e-04
3.055353205692574e-02 1.610309331053344e-02 9.474130404097731e-04
3.070042123713675e-02 1.670660738506093e-02 9.403276297787992e-04
3.084731037704891e-02 1.650654932633011e-02 9.314309305769993e-04
3.099419947646940e-02 1.728585015236792e-02 9.329962803200209e-04
3.114108853520547e-02 1.784670089087068e-02 9.303116717598310e-04
3.128797755306430e-02 1.873817410077350e-02 9.256304992670620e-04
3.143486652985308e-02 2.010803481178129e-02 9.105743114746821e-04
3.158175546537905e-02 1.845674011676566e-02 9.207484630905664e-04
3.172864435944940e-02 1.873104570157798e-02 9.223959572528119e-04
3.187553321187133e-02 2.066256712508151e-02 9.078298719251633e-04
3.202242202245206e-02 2.011090181433898e-02 9.035008268995921e-04
3.216931079099877e-02 1.885673387516554e-02 8.970632673107865e-04
3.231619951731869e-02 2.058283610439004e-02 9.067149643402191e-04
3.246308820121902e-02 2.064440436904356e-02 8.985567739096121e-04
3.260997684250697e-02 2.226642213694216e-02 8.906107229138663e-04
3.275686544098974e-02 2.075317902727427e-02 8.896448516867261e-04
3.290375399647455e-02 2.276223106647864e-02 8.834912145934145e-04
3.305064250876859e-02 2.186651615788543e-02 8.925402498779467e-04
3.319753097767910e-02 2.214440225655883e-02 8.800769957320148e-04
3.334441940301325e-02 2.203206800958614e-02 8.795401651907974e-04
3.349130778457828e-02 2.287964528783073e-02 8.806035271533843e-04
3.363819612218139e-02 2.315817682108949e-02 8.780907749693655e-04
3.378508441562977e-02 2.395418399571071e-02 8.706181748548116e-04
3.393197266473066e-02 2.411574253316194e-02 8.657978404774768e-04
3.407886086929125e-02 2.571476711532045e-02 8.706878446817237e-04
3.422574902911878e-02 2.516138850820975e-02 8.691301445271581e-04
3.437263714402042e-02 2.615424019798665e-02 8.658890590922955e-04
3.451952521380341e-02 2.558168638889287e-02 8.589050285531402e-04
3.466641323827495e-02 2.550312760576187e-02 8.648866837940548e-04
3.481330121724226e-02 2.651138247968031e-02 8.809718607692233e-04
3.496018915051253e-02 2.558639194753342e-02 8.929243258117110e-04
3.510707703789302e-02 2.550806242217653e-02 8.892018779938277e-04
3.525396487919091e-02 2.883968815436742e-02 8.971205809300333e-04
3.540085267421340e-02 3.040447966576765e-02 8.910318050527577e-04
3.554774042276775e-02 2.923832160782191e-02 8.861369183969458e-04
3.569462812466112e-02 2.959682577105130e-02 8.707701266565544e-04
3.584151577970077e-02 3.009448632672737e-02 8.688427493471304e-04
3.598840338769389e-02 2.938047295180578e-02 8.667851611961796e-04
3.613529094844770e-02 3.187547310107860e-02 8.627529745717263e-04
3.628217846176941e-02 3.084793806039632e-02 8.635771863471604e-04
3.642906592746626e-02 3.102763434494137e-02 8.579670807459828e-04
3.657595334534545e-02 3.082038910860384e-02 8.568022977224997e-04
3.672284071521419e-02 3.222495886750837e-02 8.577513537798741e-04
3.686972803687972e-02 3.232381784672842e-02 8.557064312789878e-04
3.701661531014922e-02 3.474769055222857e-02 8.527065467767640e-04
3.716350253482994e-02 3.451791411515458e-02 8.534768464024171e-04
3.731038971072909e-02 3.479730768064246e-02 8.535233112391569e-04
3.745727683765387e-02 3.430425737152782e-02 8.775979784685834e-04
3.760416391541153e-02 3.395459664862115e-02 8.695871259446944e-04
3.775105094380928e-02 3.564093317751452e-02 8.385240154018151e-04
3.789793792265433e-02 3.585980512945972e-02 8.444560771114452e-04
3.804482485175390e-02 3.642679163776254e-02 8.380416132885712e-04
3.819171173091522e-02 3.672770330390551e-02 8.312945535482601e-04
3.833859855994550e-02 3.739118663425896e-02 8.396148243038838e-04
3.848548533865198e-02 3.869359166179340e-02 8.347420154852900e-04
3.863237206684186e-02 4.019984291969466e-02 8.374816263084352e-04
3.877925874432238e-02 3.926843547647241e-02 8.421541008881015e-04
3.892614537090076e-02 4.110897980856912e-02 8.333486997131470e-04
3.907303194638420e-02 3.947001173120249e-02 8.417503715854868e-04
3.921991847057994e-02 4.190437958373313e-02 8.308738108019665e-04
3.936680494329520e-02 4.097733110116030e-02 8.343190524406014e-04
3.951369136433722e-02 4.115256685595906e-02 8.286863989066963e-04
3.966057773351322e-02 4.257494618825650e-02 8.246908608325924e-04
3.980746405063040e-02 4.275600172120180e-02 8.303158536681610e-04
3.995435031549600e-02 4.242951910845957e-02 8.162923758535482e-04
4.010123652791726e-02 4.285923245828445e-02 8.175617628167396e-04
4.024812268770137e-02 4.353434707153354e-02 8.205459050072179e-04
4.039500879465560e-02 4.343203909176042e-02 8.164507495112934e-04
4.054189484858715e-02 4.544246545756905e-02 8.196186667221045e-04
4.068878084930326e-02 4.468917282877492e-02 8.121572260921895e-04
4.083566679661114e-02 4.536965738211930e-02 8.175007025183117e-04
4.098255269031803e-02 4.430669270553798e-02 8.158403018735432e-04
4.112943853023117e-02 4.673948926727845e-02 8.289414398484938e-04
4.127632431615776e-02 4.606252850030513e-02 8.401048668728421e-04
4.142321004790505e-02 4.811377454873132e-02 8.477701046730433e-04
4.157009572528026e-02 4.755105114379522e-02 8.540220150941282e-04
4.171698134809063e-02 4.716461482811565e-02 8.626835217896751e-04
4.186386691614337e-02 4.815327784572230e-02 8.623027370689978e-04
4.201075242924574e-02 4.843657228074702e-02 8.699132920261038e-04
4.215763788720495e-02 4.996048269495863e-02 8.662268068357657e-04
4.230452328982824e-02 4.913696036688422e-02 8.723046010648077e-04
4.245140863692285e-02 5.014464669537443e-02 8.728798494239716e-04
4.259829392829599e-02 4.903495714618383e-02 8.695968920021923e-04
4.274517916375490e-02 5.034491390673970e-02 8.716094992354649e-04
4.289206434310684e-02 5.073847888305329e-02 8.746519542401863e-04
4.303894946615900e-02 4.930581937908462e-02 8.745139605116088e-04
4.318583453271865e-02 5.135281653311086e-02 8.749038740626124e-04
4.333271954259301e-02 4.994638899921141e-02 8.776175616780468e-04
4.347960449558931e-02 5.236447257202919e-02 8.754117310510160e-04
4.362648939151479e-02 5.197596915555543e-02 8.777870599730285e-04
4.377337423017669e-02 5.286636881179523e-02 8.842954634340069e-04
4.392025901138226e-02 5.285392671497954e-02 8.859370930092086e-04
4.406714373493869e-02 5.339706255811951e-02 8.885572140958957e-04
4.421402840065326e-02 5.542197807194038e-02 8.892845281403308e-04
4.436091300833320e-02 5.477002517034324e-02 8.918857408667751e-04
4.450779755778574e-02 5.480432417127111e-02 8.864286131038137e-04
4.465468204881811e-02 5.545007265768748e-02 8.909794198781806e-04
4.480156648123757e-02 5.490443828901648e-02 8.976472031634989e-04
4.494845085485134e-02 5.402953285574466e-02 8.892019948475436e-04
4.509533516946668e-02 5.431945300340047e-02 8.956037279157782e-04
4.524221942489082e-02 5.567605100944999e-02 8.969891057506259e-04
4.538910362093100e-02 5.596125378994944e-02 8.954586279612655e-04
4.553598775739446e-02 5.545660263394542e-02 8.953898455066878e-04
4.568287183408844e-02 5.531371490832594e-02 8.897265368984921e-04
4.582975585082019e-02 5.740468852067839e-02 8.957045549103109e-04
4.597663980739693e-02 5.613134627199153e-02 8.923698844069655e-04
4.612352370362593e-02 5.703380687829914e-02 8.823984125037631e-04
4.627040753931443e-02 5.602578664306759e-02 8.820573415728505e-04
4.641729131426967e-02 5.659951709889628e-02 8.752170930780225e-04
4.656417502829888e-02 5.706901069961348e-02 8.869687386240117e-04
4.671105868120932e-02 5.633053928441821e-02 8.814139212494873e-04
4.685794227280822e-02 5.704554082834401e-02 8.839891480798728e-04
4.700482580290285e-02 5.812059630093242e-02 8.785832122650449e-04
4.715170927130044e-02 5.761188719127028e-02 8.762443364094663e-04
4.729859267780824e-02 5.809315831363390e-02 8.784945683902462e-04
4.744547602223349e-02 5.678012058683191e-02 8.789841026228785e-04
4.759235930438345e-02 5.699587917980291e-02 8.794564782251190e-04
4.773924252406536e-02 5.661478966145752e-02 8.703378915897386e-04
4.788612568108647e-02 5.684757545927187e-02 8.741183081152318e-04
4.803300877525407e-02 5.695078259039523e-02 8.739405595207983e-04
4.817989180637530e-02 5.665469058964951e-02 8.733238149026886e-04
4.832677477425752e-02 5.803416967439336e-02 8.766072883556942e-04
4.847365767870793e-02 5.846332784154994e-02 8.743779756264433e-04
4.862054051953379e-02 5.648812170131993e-02 8.683670821311928e-04
4.876742329654236e-02 5.619929816664791e-02 8.693577653630346e-04
4.891430600954088e-02 5.929424967303635e-02 8.715770745251309e-04
4.906118865833660e-02 5.756863313962942e-02 8.692001241214014e-04
4.920807124273676e-02 5.790427397428290e-02 8.674648488818088e-04
4.935495376254866e-02 5.672014340129720e-02 8.642058772322849e-04
4.950183621757952e-02 5.707035809398447e-02 8.617033123995607e-04
4.964871860763660e-02 5.609999652270817e-02 8.646479434391859e-04
4.979560093252714e-02 5.656355781396115e-02 8.582228864710528e-04
4.994248319205841e-02 5.642116658902338e-02 8.603387657421016e-04
5.008936538603768e-02 5.703243566731930e-02 8.640247983015385e-04
5.023624751427219e-02 5.628177237701897e-02 8.571481796099685e-04
5.038312957656918e-02 5.606476750714415e-02 8.641757906072084e-04
5.053001157273595e-02 5.746011928114877e-02 8.589958295108852e-04
5.067689350257971e-02 5.622910177391949e-02 8.577161917536079e-04
5.082377536590776e-02 5.693901547437925e-02 8.549465851393381e-04
5.097065716252732e-02 5.682338509432300e-02 8.518447694004167e-04
5.111753889224568e-02 5.560115269874887e-02 8.529017795178652e-04
5.126442055487009e-02 5.486435203908678e-02 8.499768178428041e-04
5.141130215020779e-02 5.592499733936786e-02 8.459491635376070e-04
5.155818367806608e-02 5.505068423907810e-02 8.501584992851514e-04
5.170506513825220e-02 5.522992417012740e-02 8.440053143859448e-04
5.185194653057341e-02 5.616744359041658e-02 8.507208332830895e-04
5.199882785483697e-02 5.479014674192035e-02 8.401623287668737e-04
5.214570911085015e-02 5.530571056456035e-02 8.446778247011158e-04
5.229259029842022e-02 5.403801421322378e-02 8.420887437253167e-04
5.243947141735442e-02 5.438294099812081e-02 8.392518804203348e-04
5.258635246746002e-02 5.563934979666223e-02 8.468089239189021e-04
5.273323344854430e-02 5.458720132243235e-02 8.382909134301118e-04
5.288011436041453e-02 5.258111737103974e-02 8.389697805722385e-04
5.302699520287798e-02 5.413668763893247e-02 8.311896843966119e-04
5.317387597574186e-02 5.270699264416612e-02 8.309700198797333e-04
5.332075667881350e-02 5.559976668799144e-02 8.389916681288541e-04
5.346763731190016e-02 5.439789799109002e-02 8.277906917592354e-04
5.361451787480907e-02 5.274554384081469e-02 8.333215246222930e-04
5.376139836734754e-02 5.268383541340204e-02 8.203850327976564e-04
5.390827878932278e-02 5.354654637191245e-02 8.224217064905991e-04
5.405515914054214e-02 5.388745660841814e-02 8.274055492189741e-04
5.420203942081284e-02 5.409207185909423e-02 8.231476959699119e-04
5.434891962994216e-02 5.253683153999437e-02 8.332753560247252e-04
5.449579976773735e-02 5.257401201433533e-02 8.058864626089874e-04
5.464267983400574e-02 5.224730927310589e-02 8.226948815371203e-04
5.478955982855453e-02 5.141337557393923e-02 8.166588276081021e-04
5.493643975119106e-02 5.080549360644376e-02 8.124833415355513e-04
5.508331960172257e-02 5.134455937092207e-02 8.118767060340605e-04
5.523019937995633e-02 5.100471466844599e-02 8.067364383020246e-04
5.537707908569962e-02 5.076044642374946e-02 8.182969856844226e-04
5.552395871875969e-02 5.034013025592458e-02 8.136217169407977e-04
5.567083827894388e-02 5.055527846824388e-02 8.079037975212088e-04
5.581771776605941e-02 4.997545154626005e-02 8.075039099721509e-04
5.596459717991355e-02 4.970216260299434e-02 8.068011739067560e-04
5.611147652031365e-02 5.062531561070101e-02 8.105017905478574e-04
5.625835578706691e-02 5.031734070063019e-02 8.136339888069844e-04
5.640523497998061e-02 4.905806674962172e-02 7.934067564247167e-04
5.655211409886209e-02 4.867296983340887e-02 8.034059534103566e-04
5.669899314351858e-02 4.946199311051546e-02 8.040221147028960e-04
5.684587211375740e-02 4.972453744426740e-02 7.974093988475711e-04
5.699275100938578e-02 4.958188365879043e-02 8.024871712612837e-04
5.713962983021098e-02 4.923190248402492e-02 7.939561100299914e-04
5.728650857604041e-02 4.925929861367399e-02 7.940430629021658e-04
5.743338724668124e-02 4.807079916489145e-02 7.893676230079748e-04
5.758026584194079e-02 4.788325824171020e-02 7.886678133602543e-04
5.772714436162631e-02 4.677828223431586e-02 7.969669478719406e-04
5.787402280554513e-02 4.875539303933648e-02 7.941391478477371e-04
5.802090117350451e-02 4.762621543245509e-02 7.937816069491725e-04
5.816777946531173e-02 4.670705014580120e-02 7.848219579000487e-04
5.831465768077408e-02 4.671448959534442e-02 7.812307556200618e-04
5.846153581969887e-02 4.571921171507617e-02 7.848922462050019e-04
5.860841388189336e-02 4.716703391768317e-02 7.852117769179763e-04
5.875529186716485e-02 4.475540016083046e-02 7.839366414448902e-04
5.890216977532061e-02 4.679596153867843e-02 7.811073905865779e-04
5.904904760616795e-02 4.601367513111995e-02 7.828426711857550e-04
5.919592535951414e-02 4.629609750183176e-02 7.760233609816556e-04
5.934280303516650e-02 4.572122129046033e-02 7.814389725048832e-04
5.948968063293228e-02 4.684363072753222e-02 7.742049663549479e-04
5.963655815261879e-02 4.619247146091419e-02 7.888467137906232e-04
5.978343559403334e-02 4.574422473152295e-02 7.960196175943429e-04
5.993031295698319e-02 4.498116299485957e-02 7.969034194451174e-04
6.007719024127564e-02 4.568722558680188e-02 8.086184446328009e-04
6.022406744671802e-02 4.473807794725682e-02 8.102374356235326e-04
6.037094457311754e-02 4.529430768082314e-02 8.205818553022447e-04
6.051782162028158e-02 4.525623513767003e-02 8.209069025386226e-04
6.066469858801743e-02 4.570199124476699e-02 8.237380225706211e-04
6.081157547613233e-02 4.408044896762676e-02 8.343032369037550e-04
6.095845228443361e-02 4.442527498263547e-02 8.329811455783624e-04
6.110532901272856e-02 4.398187934651602e-02 8.403258902567930e-04
6.125220566082447e-02 4.525499027156019e-02 8.439083860658832e-04
6.139908222852867e-02 4.353777413655749e-02 8.394262265064245e-04
6.154595871564840e-02 4.324149085889031e-02 8.528497491078543e-04
6.169283512199103e-02 4.314160211391034e-02 8.440031862670804e-04
6.183971144736379e-02 4.416424293765824e-02 8.528637199144994e-04
6.198658769157404e-02 4.282512636607473e-02 8.446796370723558e-04
6.213346385442904e-02 4.334105793145210e-02 8.646944514904549e-04
6.228033993573612e-02 4.402050934380184e-02 8.631237620809949e-04
6.242721593530259e-02 4.247658310445745e-02 8.571962476348447e-04
6.257409185293569e-02 4.245451181421309e-02 8.458043799158154e-04
6.272096768844279e-02 4.127780906199861e-02 8.305482055909637e-04
6.286784344163118e-02 4.446636268840735e-02 8.226908074189047e-04
6.301471911230812e-02 4.238892264653583e-02 8.194709417677673e-04
6.316159470028096e-02 4.346405282585347e-02 8.075416932698323e-04
6.330847020535701e-02 4.311345838885553e-02 8.157404901023296e-04
6.345534562734356e-02 4.136136690304727e-02 8.046695913278829e-04
6.360222096604792e-02 4.271884244018917e-02 8.055896440193145e-04
6.374909622127738e-02 4.135462652390640e-02 7.927743217228465e-04
6.389597139283930e-02 4.280424785571780e-02 8.011771276476927e-04
6.404284648054094e-02 4.254524787489082e-02 8.017428214888964e-04
6.418972148418961e-02 4.103200251924891e-02 7.821900325855360e-04
6.433659640359266e-02 4.033934581930616e-02 7.908128316793478e-04
6.448347123855734e-02 4.186466623192475e-02 7.775586452472774e-04
6.463034598889104e-02 4.108673657681316e-02 7.855289582921496e-04
6.477722065440102e-02 4.019435310442664e-02 7.795884584610216e-04
6.492409523489458e-02 4.078493757482743e-02 7.757865579857281e-04
6.507096973017908e-02 3.982188919940566e-02 7.736612369301974e-04
6.521784414006179e-02 3.983750694908487e-02 7.738329557259464e-04
6.536471846435006e-02 3.990244791032812e-02 7.685298643139079e-04
6.551159270285120e-02 4.099071332739303e-02 7.713404023994817e-04
6.565846685537249e-02 4.117151422962903e-02 7.669649887138445e-04
6.580534092172129e-02 4.074942879936473e-02 7.714162897224043e-04
6.595221490170489e-02 3.986365158718798e-02 7.618639237034387e-04
6.609908879513064e-02 4.020432836614037e-02 7.629888458097037e-04
6.624596260180583e-02 4.081524070256392e-02 7.606126911527828e-04
6.639283632153778e-02 3.985949212440992e-02 7.576322489812030e-04
6.653970995413383e-02 3.837841647090342e-02 7.681553123638909e-04
6.668658349940126e-02 3.957147444842767e-02 7.502637450733142e-04
6.683345695714746e-02 3.930035857317751e-02 7.556500281445776e-04
6.698033032717969e-02 3.975304029105364e-02 7.553588691607000e-04
6.712720360930530e-02 3.901135385146429e-02 7.557604184494632e-04
6.727407680333160e-02 3.931818028396238e-02 7.513248744915268e-04
6.742094990906593e-02 4.023596716911713e-02 7.545417174867743e-04
6.756782292631559e-02 3.781036763463008e-02 7.456755244151421e-04
6.771469585488793e-02 3.982901797474784e-02 7.489864420565205e-04
6.786156869459029e-02 3.846058652970560e-02 7.491452315327328e-04
6.800844144522995e-02 4.004400330995446e-02 7.518164310802568e-04
6.815531410661428e-02 3.925121170578151e-02 7.486597844896357e-04
6.830218667855054e-02 3.746064375001468e-02 7.455993386562609e-04
6.844905916084618e-02 3.793898545504411e-02 7.452307820081245e-04
6.859593155330840e-02 3.767192792327266e-02 7.410832933366137e-04
6.874280385574461e-02 3.854844084749078e-02 7.367501498749438e-04
6.888967606796213e-02 3.798274767363288e-02 7.420323413791291e-04
6.903654818976826e-02 3.752981985789512e-02 7.289874979558545e-04
6.918342022097036e-02 3.895118999956745e-02 7.323698398057211e-04
6.933029216137575e-02 3.758010766587806e-02 7.397995369913446e-04
6.947716401079176e-02 3.855480138334806e-02 7.310710572563374e-04
6.962403576902575e-02 3.742308444475500e-02 7.376326045141534e-04
6.977090743588503e-02 3.759616928495831e-02 7.316518283746496e-04
6.991777901117695e-02 3.780688858260379e-02 7.271028101926864e-04
7.006465049470884e-02 3.654747186805735e-02 7.270264158381271e-04
7.021152188628801e-02 3.634074417335320e-02 7.287911874307748e-04
7.035839318572186e-02 3.648906160685179e-02 7.279036314089781e-04
7.050526439281767e-02 3.649632860681248e-02 7.165526107795962e-04
7.065213550738278e-02 3.800281811334469e-02 7.239671210844796e-04
7.079900652922456e-02 3.718212081545651e-02 7.282970879554467e-04
7.094587745815036e-02 3.732240597779701e-02 7.171412976487314e-04
7.109274829396750e-02 3.833279184852541e-02 7.262401444497799e-04
7.123961903648333e-02 3.625306397688389e-02 7.105600258503314e-04
7.138648968550515e-02 3.636415717091136e-02 7.195907552008538e-04
7.153336024084035e-02 3.584106717169231e-02 7.212772673622169e-04
7.168023070229627e-02 3.683061243295555e-02 7.083497970487096e-04
7.182710106968025e-02 3.737347580731908e-02 7.210295827853925e-04
7.197397134279965e-02 3.672065288683513e-02 7.076337322267597e-04
7.212084152146177e-02 3.812617453923492e-02 7.184641839205584e-04
7.226771160547400e-02 3.624081013144315e-02 7.141431675146834e-04
7.241458159464363e-02 3.599374535482027e-02 7.061502564793563e-04
7.256145148877813e-02 3.586005217140312e-02 7.114447113607282e-04
7.270832128768472e-02 3.523936869595115e-02 7.067817215229560e-04
7.285519099117078e-02 3.608600467740457e-02 7.086661428665954e-04
7.300206059904372e-02 3.573118427571574e-02 7.065727688018539e-04
7.314893011111082e-02 3.694962529416260e-02 7.060014959972857e-04
7.329579952717949e-02 3.652920689470036e-02 7.093012958026958e-04
7.344266884705702e-02 3.558280962783997e-02 7.032554269172815e-04
7.358953807055085e-02 3.543442936219730e-02 7.054287615391498e-04
7.373640719746824e-02 3.587372306021036e-02 6.962401293583447e-04
7.388327622761658e-02 3.591576105999482e-02 7.001451704160774e-04
7.403014516080324e-02 3.497164376787539e-02 6.963498986534060e-04
7.417701399683559e-02 3.532060875380214e-02 7.024446022902296e-04
7.432388273552094e-02 3.568285897301782e-02 6.990468018630596e-04
7.447075137666670e-02 3.643589644048855e-02 6.915356379776559e-04
7.461761992008017e-02 3.474798795185565e-02 6.935675868653110e-04
7.476448836556873e-02 3.624727123409400e-02 6.874445932876526e-04
7.491135671293978e-02 3.641723821699280e-02 6.947977737534525e-04
7.505822496200062e-02 3.559316573870062e-02 6.847401333390967e-04
7.520509311255867e-02 3.616990491622583e-02 6.894241892919220e-04
7.535196116442125e-02 3.459443977380601e-02 6.908738792239631e-04
7.549882911739574e-02 3.531522765083563e-02 6.873081074831530e-04
7.564569697128951e-02 3.486055976639547e-02 6.895227936859347e-04
7.579256472590988e-02 3.450046102220330e-02 6.812878425189405e-04
7.593943238106428e-02 3.610231503275600e-02 6.871922401867452e-04
7.608629993656001e-02 3.530643169684168e-02 6.846228061901996e-04
7.623316739220451e-02 3.468560591130044e-02 6.738459517443516e-04
7.638003474780510e-02 3.704051896655284e-02 6.855096953959365e-04
7.652690200316913e-02 3.420658078328602e-02 6.865373714883457e-04
7.667376915810399e-02 3.415336458811567e-02 6.825092589770645e-04
7.682063621241707e-02 3.568893721170507e-02 6.879775719601017e-04
7.696750316591573e-02 3.411212002285099e-02 6.774836599286291e-04
7.711437001840733e-02 3.466015263091236e-02 6.851203923667283e-04
7.726123676969926e-02 3.375092563203801e-02 6.742510710261772e-04
7.740810341959885e-02 3.484196393863521e-02 6.788800077718348e-04
7.755496996791353e-02 3.462869973479745e-02 6.786680773115312e-04
7.770183641445062e-02 3.373235188864961e-02 6.770516255697142e-04
7.784870275901755e-02 3.504501937345248e-02 6.815639004155117e-04
7.799556900142161e-02 3.347202599665172e-02 6.697062009907693e-04
7.814243514147029e-02 3.341735420934932e-02 6.754394679195508e-04
7.828930117897089e-02 3.398816281451494e-02 6.714161882330355e-04
7.843616711373082e-02 3.466998277590148e-02 6.788015353303349e-04
7.858303294555745e-02 3.527097971764308e-02 6.765516073556531e-04
7.872989867425814e-02 3.466038072769871e-02 6.663568290344441e-04
7.887676429964030e-02 3.460731159308030e-02 6.671334610492147e-04
7.902362982151130e-02 3.454635739294963e-02 6.720537741481607e-04
7.917049523967849e-02 3.424788856739436e-02 6.737680859885909e-04
7.931736055394929e-02 3.506034364671422e-02 6.690820850341327e-04
7.946422576413109e-02 3.394837241038363e-02 6.676039163973819e-04
7.961109087003126e-02 3.310896667984949e-02 6.740950315440702e-04
7.975795587145719e-02 3.432941317683707e-02 6.659961924734928e-04
7.990482076821626e-02 3.343264007020736e-02 6.692111817854675e-04
8.005168556011584e-02 3.349648085576570e-02 6.638450090303913e-04
8.019855024696333e-02 3.430436593964135e-02 6.697217190040505e-04
8.034541482856614e-02 3.346483053973041e-02 6.670348490848459e-04
8.049227930473164e-02 3.340469763345896e-02 6.700542211503098e-04
8.063914367526719e-02 3.338766237412163e-02 6.625076977056298e-04
8.078600793998023e-02 3.338067125634823e-02 6.608209842694842e-04
8.093287209867814e-02 3.334448786716315e-02 6.625569664470510e-04
8.107973615116830e-02 3.433402789766401e-02 6.647329121141969e-04
8.122660009725811e-02 3.388649081957383e-02 6.528949259473391e-04
8.137346393675496e-02 3.481378904763280e-02 6.664733861890652e-04
8.152032766946624e-02 3.422256410733021e-02 6.606605044863085e-04
8.166719129519935e-02 3.356243592299026e-02 6.588397396401220e-04
8.181405481376169e-02 3.190882030359742e-02 6.509410953966696e-04
8.196091822496063e-02 3.435201518923117e-02 6.612680414226597e-04
8.210778152860361e-02 3.307761323826559e-02 6.632322342200357e-04
8.225464472449802e-02 3.351755950402655e-02 6.564570647341134e-04
8.240150781245126e-02 3.402966653478144e-02 6.610553772294080e-04
8.254837079227068e-02 3.310528183790415e-02 6.499745458231859e-04
8.269523366376372e-02 3.318879787816334e-02 6.605855654745803e-04
8.284209642673782e-02 3.315599917278399e-02 6.589774806994290e-04
8.298895908100032e-02 3.199746455680014e-02 6.555314671684957e-04
8.313582162635863e-02 3.283026424153086e-02 6.522423221400323e-04
8.328268406262020e-02 3.374860514375608e-02 6.499812313200212e-04
8.342954638959241e-02 3.308376570450477e-02 6.547981791626177e-04
8.357640860708263e-02 3.246340311349089e-02 6.529393656600164e-04
8.372327071489834e-02 3.244740895467125e-02 6.450584151360271e-04
8.387013271284686e-02 3.337523703504274e-02 6.545832833262147e-04
8.401699460073567e-02 3.393828259253042e-02 6.438573310129615e-04
8.416385637837218e-02 3.397343117402576e-02 6.514849391415023e-04
8.431071804556375e-02 3.316346231725827e-02 6.512448114903628e-04
8.445757960211780e-02 3.225674403952074e-02 6.473380382797394e-04
8.460444104784176e-02 3.224856086731230e-02 6.509226270974435e-04
8.475130238254304e-02 3.291382066928121e-02 6.453631768601835e-04
8.489816360602907e-02 3.179378300976439e-02 6.543484199178117e-04
8.504502471810724e-02 3.234207094238879e-02 6.417910833064071e-04
8.519188571858496e-02 3.263769964484231e-02 6.460490217410494e-04
8.533874660726967e-02 3.147643228697193e-02 6.440066825001320e-04
8.548560738396878e-02 3.242365614212915e-02 6.462488665533038e-04
8.563246804848969e-02 3.288614689280098e-02 6.442358740691416e-04
8.577932860063983e-02 3.203219463143379e-02 6.458925112548602e-04
8.592618904022660e-02 3.218063751696690e-02 6.396105829923864e-04
8.607304936705747e-02 3.358516162062443e-02 6.459082413008899e-04
8.621990958093982e-02 3.307487047114201e-02 6.394000375417580e-04
8.636676968168105e-02 3.080241625290508e-02 6.390147251408738e-04
8.651362966908867e-02 3.203368755591891e-02 6.402687424577567e-04
8.666048954297001e-02 3.228645535895817e-02 6.385364669940975e-04
8.680734930313255e-02 3.232591393643341e-02 6.399744350189261e-04
8.695420894938369e-02 3.191733916741397e-02 6.359851761706309e-04
8.710106848153085e-02 3.202971806892988e-02 6.423929858669286e-04
8.724792789938152e-02 3.318391746146870e-02 6.387875621673550e-04
8.739478720274303e-02 3.188516059050085e-02 6.363241411209188e-04
8.754164639142284e-02 3.047604284082146e-02 6.342122263919275e-04
8.768850546522844e-02 3.201988566428959e-02 6.352397391325124e-04
8.783536442396719e-02 3.126636316456384e-02 6.362501964336161e-04
8.798222326744658e-02 3.164187811025273e-02 6.357312309163077e-04
8.812908199547397e-02 3.063761316910971e-02 6.308833009754030e-04
8.827594060785686e-02 3.133920710918563e-02 6.390558112767989e-04
8.842279910440262e-02 3.090714696372856e-02 6.338619270185781e-04
8.856965748491875e-02 3.125399755151473e-02 6.309253637328128e-04
8.871651574921269e-02 3.111027013498572e-02 6.305053017001531e-04
8.886337389709180e-02 3.076687261359396e-02 6.328970679162698e-04
8.901023192836355e-02 3.194544169153705e-02 6.347240795690794e-04
8.915708984283539e-02 3.147022303939181e-02 6.334845602202193e-04
8.930394764031480e-02 3.080667664294658e-02 6.265141065614671e-04
8.945080532060913e-02 3.059357396418224e-02 6.341389214284492e-04
8.959766288352591e-02 3.148511791012113e-02 6.243066114338975e-04
8.974452032887251e-02 3.213855937579204e-02 6.318617848017000e-04
8.989137765645640e-02 3.219047524814982e-02 6.286344831051324e-04
9.003823486608507e-02 3.210598378622886e-02 6.254818654297909e-04
9.018509195756588e-02 3.150098611374429e-02 6.307823858438172e-04
9.033194893070630e-02 3.173533047125536e-02 6.239284693042444e-04
9.047880578531384e-02 3.103602497457603e-02 6.333307586068000e-04
9.062566252119587e-02 3.034752646044444e-02 6.204048873537076e-04
9.077251913815987e-02 3.041914254070156e-02 6.233380344603369e-04
9.091937563601328e-02 3.042992974622497e-02 6.268652152278535e-04
9.106623201456360e-02 3.093848376596304e-02 6.239906679997785e-04
9.121308827361818e-02 2.990508007172702e-02 6.184879566900523e-04
9.135994441298455e-02 3.042618272462187e-02 6.228018114357614e-04
9.150680043247014e-02 3.033791729572782e-02 6.170759336764740e-04
9.165365633188237e-02 3.146091564724585e-02 6.232024539841237e-04
9.180051211102878e-02 3.048101894235823e-02 6.178795101249517e-04
9.194736776971676e-02 3.030618400993315e-02 6.222916859656609e-04
9.209422330775377e-02 2.967737083032701e-02 6.193675936409045e-04
9.224107872494727e-02 3.132660342577304e-02 6.194113570339009e-04
9.238793402110473e-02 2.990019920120323e-02 6.158193480228434e-04
9.253478919603364e-02 3.055651098695069e-02 6.134289593167758e-04
9.268164424954135e-02 3.019545464529979e-02 6.180615702741554e-04
9.282849918143544e-02 3.070917759560701e-02 6.150906008486365e-04
9.297535399152332e-02 2.964643268639702e-02 6.144635125308861e-04
9.312220867961245e-02 3.011081883485169e-02 6.184873059246030e-04
9.326906324551029e-02 3.040017546976806e-02 6.127235703685364e-04
9.341591768902432e-02 3.039485744910325e-02 6.175076192426488e-04
9.356277200996202e-02 3.003799311412785e-02 6.169480467794876e-04
9.370962620813084e-02 2.963325542861174e-02 6.113027645123302e-04
9.385648028333822e-02 2.914011622339327e-02 6.153112043763701e-04
9.400333423539166e-02 3.006768407294436e-02 6.083212947025944e-04
9.415018806409861e-02 2.999689619008453e-02 6.149684290399101e-04
9.429704176926657e-02 2.867529215499304e-02 6.056986474161480e-04
9.444389535070297e-02 2.964312278084725e-02 6.063114732842439e-04
9.459074880821530e-02 2.940500805590726e-02 6.114639767728604e-04
9.473760214161106e-02 2.885703826945633e-02 6.081647259783029e-04
9.488445535069767e-02 2.885840172079994e-02 6.109434053296001e-04
9.503130843528265e-02 2.938256194756131e-02 6.072546037033941e-04
9.517816139517343e-02 3.023326149526027e-02 6.115941874751866e-04
9.532501423017756e-02 2.959824300196294e-02 6.044580255799614e-04
9.547186694010244e-02 2.879970912058067e-02 6.048259995702016e-04
9.561871952475558e-02 2.997657553127875e-02 6.090844749760794e-04
9.576557198394450e-02 2.830074721048531e-02 6.042508186376131e-04
9.591242431747660e-02 2.847060728689482e-02 6.041950369829118e-04
9.605927652515940e-02 3.049185485148128e-02 6.079880560104647e-04
9.620612860680040e-02 2.954619531809866e-02 6.014343486168393e-04
9.635298056220708e-02 2.929227038874811e-02 6.031015770470162e-04
9.649983239118688e-02 2.938962876625944e-02 6.076503269392480e-04
9.664668409354732e-02 2.895588367767957e-02 6.029541818048385e-04
9.679353566909588e-02 2.834219297286212e-02 5.990430084048835e-04
9.694038711764005e-02 2.692097977667353e-02 5.983440335295864e-04
9.708723843898734e-02 2.818698898485441e-02 5.990404260494141e-04
9.723408963294519e-02 2.848638665492179e-02 5.988690510451370e-04
9.738094069932111e-02 2.716067914407203e-02 5.967856870026651e-04
9.752779163792259e-02 2.934387502442091e-02 5.992562690525834e-04
9.767464244855714e-02 2.815359334415149e-02 5.990029227383679e-04
9.782149313103225e-02 2.777404462841307e-02 5.990632423105813e-04
9.796834368515536e-02 2.860441390526126e-02 5.994715782399507e-04
9.811519411073406e-02 2.820391403204807e-02 5.927884179342221e-04
9.826204440757576e-02 2.914039647000845e-02 5.991636377606545e-04
9.840889457548796e-02 2.801786816862625e-02 5.968919872095628e-04
9.855574461427828e-02 2.892401594817891e-02 5.954688396339824e-04
9.870259452375403e-02 2.786374437207223e-02 5.961381253166066e-04
9.884944430372282e-02 2.817495213573754e-02 5.919916451214472e-04
9.899629395399215e-02 2.753185389401686e-02 5.961692039972748e-04
9.914314347436951e-02 2.802571159100755e-02 5.961019689043512e-04
9.928999286466240e-02 2.796184676854618e-02 5.873819369941058e-04
9.943684212467831e-02 2.764467473260577e-02 5.964230848861256e-04
9.958369125422474e-02 2.731501426151927e-02 5.918975224215752e-04
9.973054025310922e-02 2.714470837793748e-02 5.924776017281889e-04
9.987738912113926e-02 2.859777561419827e-02 5.936990148123916e-04
1.000242378581224e-01 2.726664180983789e-02 5.893384997700556e-04
1.001710864638660e-01 2.786930639970160e-02 6.065893425874432e-04
1.003179349381778e-01 2.808316249304901e-02 6.093242639944115e-04
1.004647832808650e-01 2.717914835802782e-02 6.183785388547653e-04
1.006116314917355e-01 2.671981846814777e-02 6.143258397573360e-04
1.007584795705964e-01 2.607658449942933e-02 6.188562425996268e-04
1.009053275172555e-01 2.754399045881530e-02 6.333096067696304e-04
1.010521753315203e-01 2.768160864560781e-02 6.289657929212410e-04
1.011990230131982e-01 2.658242306399837e-02 6.273110735321733e-04
1.013458705620967e-01 2.741133897295287e-02 6.357901627583547e-04
1.014927179780235e-01 2.553312850427401e-02 6.364473992857389e-04
1.016395652607859e-01 2.716324465753132e-02 6.477907119075009e-04
1.017864124101916e-01 2.592167504825190e-02 6.308482715182246e-04
1.019332594260479e-01 2.687396299541639e-02 6.471538408106394e-04
1.020801063081626e-01 2.829372138559820e-02 6.480948812169825e-04
1.022269530563430e-01 2.686964065433432e-02 6.554496868710991e-04
1.023737996703967e-01 2.753770012536423e-02 6.541237690473069e-04
1.025206461501313e-01 2.642713066300364e-02 6.471968897477975e-04
1.026674924953542e-01 2.724986222697441e-02 6.596994087665503e-04
1.028143387058730e-01 2.558758801978816e-02 6.587529155507077e-04
1.029611847814952e-01 2.586376760223261e-02 6.377764814084199e-04
1.031080307220284e-01 2.711668908759900e-02 6.393063391864659e-04
1.032548765272800e-01 2.608263570523444e-02 6.337666775127558e-04
1.034017221970575e-01 2.543519651847011e-02 6.281386036584879e-04
1.035485677311687e-01 2.616130407697997e-02 6.213225129368413e-04
1.036954131294208e-01 2.506076944342565e-02 6.189284209545336e-04
1.038422583916216e-01 2.542796729156285e-02 6.212012052475652e-04
1.039891035175785e-01 2.612415169467621e-02 6.164790238246298e-04
1.041359485070990e-01 2.594292232568634e-02 6.187042953429273e-04
1.042827933599908e-01 2.528402343437080e-02 6.073813869070411e-04
1.044296380760613e-01 2.601405598662778e-02 6.131220702461424e-04
1.045764826551180e-01 2.551058223897517e-02 6.111321163690258e-04
1.047233270969686e-01 2.560560454505889e-02 6.084570914866365e-04
1.048701714014205e-01 2.570702909837691e-02 6.038855782490174e-04
1.050170155682814e-01 2.606419446122253e-02 6.105370028469566e-04
1.051638595973586e-01 2.516985639514985e-02 6.053534606408238e-04
1.053107034884598e-01 2.578875064188484e-02 6.046957852017984e-04
1.054575472413926e-01 2.631484546673771e-02 6.047334005462077e-04
1.056043908559644e-01 2.532433448908324e-02 5.993455463474553e-04
1.057512343319829e-01 2.523927691103695e-02 6.021746747719243e-04
1.058980776692555e-01 2.556887383167326e-02 5.957481833449129e-04
1.060449208675899e-01 2.496634166617816e-02 5.980817411939018e-04
1.061917639267934e-01 2.603498590528159e-02 5.954511592609337e-04
1.063386068466738e-01 2.540713080995377e-02 5.965521447571253e-04
1.064854496270386e-01 2.446628088023903e-02 5.942739613917455e-04
1.066322922676953e-01 2.622222557927156e-02 5.929009475248833e-04
1.067791347684515e-01 2.428682517532758e-02 5.918287535719068e-04
1.069259771291147e-01 2.485989034729687e-02 5.941302178574969e-04
1.070728193494925e-01 2.465812103119523e-02 5.903351860809423e-04
1.072196614293924e-01 2.497085655807645e-02 5.926984323055947e-04
1.073665033686221e-01 2.482487473373212e-02 5.844930093467834e-04
1.075133451669889e-01 2.404474976957262e-02 5.855672375409712e-04
1.076601868243007e-01 2.496921095552751e-02 5.932274911758404e-04
1.078070283403648e-01 2.448682388609950e-02 5.853124259330890e-04
1.079538697149888e-01 2.438601590668035e-02 5.865064692812123e-04
1.081007109479804e-01 2.356546893455768e-02 5.791339284063046e-04
1.082475520391470e-01 2.336564435095237e-02 5.864372926410270e-04
1.083943929882962e-01 2.487469467045918e-02 5.854605767872521e-04
1.085412337952357e-01 2.470223564191836e-02 5.777847074851593e-04
1.086880744597730e-01 2.349182790841325e-02 5.870912938204588e-04
1.088349149817155e-01 2.390582615646954e-02 5.734474639332292e-04
1.089817553608711e-01 2.318787464926583e-02 5.814445052956329e-04
1.091285955970470e-01 2.390182234839810e-02 5.789409871021232e-04
1.092754356900511e-01 2.410045519049920e-02 5.762918513288009e-04
1.094222756396908e-01 2.398883878695008e-02 5.797223111358552e-04
1.095691154457736e-01 2.398133356896755e-02 5.681559868572934e-04
1.097159551081073e-01 2.434943027255147e-02 5.739332985229185e-04
1.098627946264993e-01 2.357355180475089e-02 5.684652194874327e-04
1.100096340007572e-01 2.370004981856500e-02 5.712718295804310e-04
1.101564732306887e-01 2.251764519433028e-02 5.694779001483009e-04
1.103033123161012e-01 2.345713823200559e-02 5.674962404286178e-04
1.104501512568025e-01 2.280429217195067e-02 5.687108969552478e-04
1.105969900525999e-01 2.375775303213698e-02 5.607192489410929e-04
1.107438287033013e-01 2.302842428381750e-02 5.693743569869003e-04
1.108906672087140e-01 2.277852223701247e-02 5.666031871824757e-04
1.110375055686457e-01 2.319311806192088e-02 5.729550789382788e-04
1.111843437829041e-01 2.261734809476033e-02 5.812209216750153e-04
1.113311818512966e-01 2.413967100374787e-02 5.865103663442246e-04
1.114780197736309e-01 2.328214628604924e-02 5.942605857311510e-04
1.116248575497145e-01 2.277820467499344e-02 5.935820719307037e-04
1.117716951793551e-01 2.254202561271275e-02 5.965723775514682e-04
1.119185326623603e-01 2.313345566492595e-02 6.064802704027391e-04
1.120653699985375e-01 2.268679156908572e-02 5.998167218304241e-04
1.122122071876945e-01 2.238249130505965e-02 6.055422232345300e-04
1.123590442296388e-01 2.316468463810433e-02 6.060975278484727e-04
1.125058811241781e-01 2.207342802581138e-02 6.153034462357107e-04
1.126527178711198e-01 2.251825125043461e-02 6.156154115574887e-04
1.127995544702717e-01 2.199732163977709e-02 6.109265703782003e-04
1.129463909214413e-01 2.126581505306745e-02 6.105740516863625e-04
1.130932272244362e-01 2.260134674092438e-02 6.072728023848975e-04
1.132400633790640e-01 2.291924824626625e-02 6.111675626471409e-04
1.133868993851323e-01 2.188097238350384e-02 6.032171679761558e-04
1.135337352424488e-01 2.100649216107260e-02 6.106621887825140e-04
1.136805709508210e-01 2.123391981911727e-02 6.157276738905989e-04
1.138274065100565e-01 2.283923606216737e-02 6.109847034131245e-04
1.139742419199631e-01 2.249687724026482e-02 6.135965720875696e-04
1.141210771803480e-01 2.192287303761982e-02 6.101597984937080e-04
1.142679122910192e-01 2.101692761024425e-02 6.145789007778916e-04
1.144147472517842e-01 2.082745328774075e-02 6.135261936137279e-04
1.145615820624505e-01 2.133205222349594e-02 6.094914886136135e-04
1.147084167228259e-01 2.214913919139738e-02 6.188902507826611e-04
1.148552512327178e-01 2.099930139563538e-02 6.092367981950024e-04
1.150020855919340e-01 2.148779451699490e-02 6.126386587063486e-04
1.151489198002821e-01 2.094373292819916e-02 6.181710563898758e-04
1.152957538575695e-01 2.085456255940943e-02 6.127974685145097e-04
1.154425877636041e-01 2.112143070967904e-02 6.182391509375212e-04
1.155894215181933e-01 2.172469335014905e-02 6.088595221290389e-04
1.157362551211449e-01 2.065463294311867e-02 6.167408943393849e-04
1.158830885722664e-01 2.061453777329880e-02 6.209326305825362e-04
1.160299218713654e-01 1.980506589922210e-02 6.168350386332514e-04
1.161767550182498e-01 1.941060450701920e-02 6.185529518342953e-04
1.163235880127268e-01 2.201791111788099e-02 6.159944196937592e-04
1.164704208546044e-01 1.978227642000326e-02 6.182646308307184e-04
1.166172535436900e-01 2.066634152536169e-02 6.194228492741862e-04
1.167640860797913e-01 2.115457665004082e-02 6.165869191469989e-04
1.169109184627159e-01 2.074525934271268e-02 6.179370654400070e-04
1.170577506922715e-01 2.064928301230506e-02 6.197685217525547e-04
1.172045827682657e-01 2.072850357494194e-02 6.223795697621612e-04
1.173514146905061e-01 1.952775169203001e-02 6.145636494528891e-04
1.174982464588003e-01 2.148068338322846e-02 6.194356894673450e-04
1.176450780729561e-01 1.936416382648107e-02 6.200629472055564e-04
1.177919095327811e-01 1.870842043202550e-02 6.190617066253179e-04
1.179387408380827e-01 1.977697834412618e-02 6.196095881973445e-04
1.180855719886688e-01 2.002563398090639e-02 6.208518242332221e-04
1.182324029843469e-01 1.964878672718521e-02 6.245376931494628e-04
1.183792338249248e-01 2.026659681223911e-02 6.235901277501894e-04
1.185260645102099e-01 1.888044276562589e-02 6.167353765941379e-04
1.186728950400101e-01 2.032421715092501e-02 6.179719191858503e-04
1.188197254141328e-01 1.810122961227807e-02 6.166972511518335e-04
1.189665556323859e-01 1.853049013235336e-02 6.269831796643790e-04
1.191133856945769e-01 1.884311156545438e-02 6.172254599382317e-04
1.192602156005134e-01 1.936290670662772e-02 6.217360500524215e-04
1.194070453500032e-01 1.950707135603441e-02 6.205727248665818e-04
1.195538749428538e-01 2.000201777143784e-02 6.216909157759339e-04
1.197007043788729e-01 1.802483634782994e-02 6.230326392012858e-04
1.198475336578682e-01 1.959165428593793e-02 6.171753325002338e-04
1.199943627796474e-01 1.952712943999322e-02 6.280542248728972e-04
1.201411917440180e-01 1.922791174789136e-02 6.192813322124883e-04
1.202880205507879e-01 1.940108367049474e-02 6.237900638970455e-04
1.204348491997644e-01 1.818158049245806e-02 6.194015058790638e-04
1.205816776907555e-01 1.880686178319653e-02 6.207183699951253e-04
1.207285060235687e-01 1.922984845636243e-02 6.283969123864668e-04
1.208753341980116e-01 1.894341028434902e-02 6.236898068200894e-04
1.210221622138920e-01 1.912453599110434e-02 6.205254759753711e-04
1.211689900710175e-01 1.845887348433551e-02 6.150055367651178e-04
1.213158177691958e-01 1.816381030413007e-02 6.203406572954440e-04
1.214626453082345e-01 1.835385566200384e-02 6.270316960743802e-04
1.216094726879414e-01 1.867205990627546e-02 6.205570884890284e-04
1.217562999081240e-01 1.857822233897152e-02 6.217032785394620e-04
1.219031269685900e-01 1.875333807316316e-02 6.235261114323417e-04
1.220499538691473e-01 1.880785922152433e-02 6.261329817527067e-04
1.221967806096032e-01 1.914421873784752e-02 6.267370183158983e-04
1.223436071897657e-01 1.907970256038128e-02 6.159970022711278e-04
1.224904336094423e-01 1.800420520742980e-02 6.260749460440410e-04
1.226372598684407e-01 1.734111236191672e-02 6.217453293548431e-04
1.227840859665686e-01 1.733974825721205e-02 6.271435702127413e-04
1.229309119036337e-01 1.788738044189575e-02 6.196892304331105e-04
1.230777376794436e-01 1.827837206676174e-02 6.184766800467724e-04
1.232245632938061e-01 1.760548172316873e-02 6.287215762865248e-04
1.233713887465287e-01 1.924392930190653e-02 6.176636006215929e-04
1.235182140374194e-01 1.719454221441008e-02 6.244780866172489e-04
1.236650391662856e-01 1.764694808669957e-02 6.221611858959551e-04
1.238118641329350e-01 1.766095521110288e-02 6.234037358446210e-04
1.239586889371753e-01 1.775338634859074e-02 6.302704042266556e-04
1.241055135788144e-01 1.677090127158774e-02 6.214020303612600e-04
1.242523380576598e-01 1.794723847770239e-02 6.289432607903880e-04
1.243991623735193e-01 1.769983124193452e-02 6.208700419229380e-04
1.245459865262004e-01 1.762782617215299e-02 6.239651366361053e-04
1.246928105155109e-01 1.685647043865279e-02 6.218698980125065e-04
1.248396343412586e-01 1.767712150347975e-02 6.222946079425276e-04
1.249864580032510e-01 1.817517842702780e-02 6.260565920072577e-04
1.251332815012960e-01 1.692186143036580e-02 6.230605130963415e-04
1.252801048352011e-01 1.773894402731585e-02 6.272756711671112e-04
1.254269280047742e-01 1.640674061497307e-02 6.232746764524840e-04
1.255737510098228e-01 1.622069733453427e-02 6.201987408685318e-04
1.257205738501548e-01 1.662246463127367e-02 6.265656451204277e-04
1.258673965255777e-01 1.646450335122282e-02 6.226988971025089e-04
1.260142190358993e-01 1.596755575167402e-02 6.228093226190309e-04
1.261610413809274e-01 1.637717536728585e-02 6.255060157506404e-04
1.263078635604696e-01 1.707139855040629e-02 6.185553851964634e-04
1.264546855743336e-01 1.652923865365910e-02 6.278108321551627e-04
1.266015074223272e-01 1.587512927757063e-02 6.118991870656900e-04
1.267483291042580e-01 1.569856265941607e-02 6.168692863825026e-04
1.268951506199338e-01 1.619043846589007e-02 6.143250075155383e-04
1.270419719691622e-01 1.641685218348596e-02 6.207775708712233e-04
1.271887931517510e-01 1.752870484663433e-02 6.172410495139851e-04
1.273356141675080e-01 1.611266111682683e-02 6.169934639776812e-04
1.274824350162407e-01 1.613209878210003e-02 6.152878468550414e-04
1.276292556977570e-01 1.623167495846944e-02 6.160734750556244e-04
1.277760762118645e-01 1.586924566093774e-02 6.209592664053089e-04
1.279228965583711e-01 1.601641293807884e-02 6.139165027984379e-04
1.280697167370843e-01 1.590056048811143e-02 6.183527109969478e-04
1.282165367478119e-01 1.524294614584833e-02 6.175271321610051e-04
1.283633565903617e-01 1.681525934377543e-02 6.112541269752765e-04
1.285101762645414e-01 1.577964216941149e-02 6.170500487212012e-04
1.286569957701586e-01 1.638997071378153e-02 6.120201489834203e-04
1.288038151070212e-01 1.640124908940514e-02 6.162851135957204e-04
1.289506342749369e-01 1.614876791245865e-02 6.157320083508764e-04
1.290974532737133e-01 1.577311204620347e-02 6.120271687973611e-04
1.292442721031583e-01 1.661108864073535e-02 6.196793921847312e-04
1.293910907630794e-01 1.605289960663172e-02 6.136952429992409e-04
1.295379092532846e-01 1.469554221219239e-02 6.120367220181057e-04
1.296847275735815e-01 1.440723097916523e-02 6.108827022267696e-04
1.298315457237779e-01 1.450492352027628e-02 6.113223362725521e-04
1.299783637036815e-01 1.591558024681449e-02 6.244926207800985e-04
1.301251815131000e-01 1.612933357449270e-02 6.121839301755616e-04
1.302719991518412e-01 1.580736902692530e-02 6.180447747366449e-04
1.304188166197129e-01 1.540976257312545e-02 6.144287747300338e-04
1.305656339165226e-01 1.505864034864500e-02 6.230483332001305e-04
1.307124510420783e-01 1.448451006537431e-02 6.122697366923837e-04
1.308592679961877e-01 1.567504626071529e-02 6.192220415418546e-04
1.310060847786584e-01 1.515564254368861e-02 6.136609316114477e-04
1.311529013892983e-01 1.468335080181483e-02 6.152693563368113e-04
1.312997178279152e-01 1.476058929489746e-02 6.163325235422576e-04
1.314465340943166e-01 1.569762083555266e-02 6.160914469960721e-04
1.315933501883105e-01 1.533521347250019e-02 6.091172489228802e-04
1.317401661097045e-01 1.439397649152224e-02 6.121607703600235e-04
1.318869818583065e-01 1.483763249492772e-02 6.171238106149220e-04
1.320337974339242e-01 1.510058804505113e-02 6.206443808206821e-04
1.321806128363652e-01 1.471788485129124e-02 6.142546802049117e-04
1.323274280654375e-01 1.361969776306704e-02 6.127607034795266e-04
1.324742431209487e-01 1.374255638857795e-02 6.191058676294333e-04
1.326210580027065e-01 1.539154312013922e-02 6.123873315223402e-04
1.327678727105190e-01 1.431144128228599e-02 6.142245908479205e-04
1.329146872441935e-01 1.436669769962817e-02 6.121450448245061e-04
1.330615016035382e-01 1.492663011690393e-02 6.146860669104562e-04
1.332083157883606e-01 1.435300750011760e-02 6.108009575798004e-04
1.333551297984685e-01 1.472850832705042e-02 6.163980880316890e-04
1.335019436336697e-01 1.371881035737840e-02 6.153882569762838e-04
1.336487572937721e-01 1.391158360826789e-02 6.135708433734806e-04
1.337955707785833e-01 1.279534318416448e-02 6.173828753640863e-04
1.339423840879111e-01 1.309101480893499e-02 6.157341576533351e-04
1.340891972215633e-01 1.433585837534630e-02 6.116767002255842e-04
1.342360101793477e-01 1.501766217747656e-02 6.153773022892946e-04
1.343828229610720e-01 1.427355697735489e-02 6.061006884958628e-04
1.345296355665440e-01 1.404487865419722e-02 6.169758951035003e-04
1.346764479955716e-01 1.437731233306437e-02 6.134529442529906e-04
1.348232602479625e-01 1.388474851104785e-02 6.167785899182332e-04
1.349700723235245e-01 1.389293694232088e-02 6.141618431563470e-04
1.351168842220653e-01 1.435433527215843e-02 6.101980154331184e-04
1.352636959433928e-01 1.460841183931225e-02 6.159473451892781e-04
1.354105074873147e-01 1.387024249496818e-02 6.046118046255020e-04
1.355573188536388e-01 1.392704097215318e-02 6.186582742823168e-04
1.357041300421729e-01 1.391859617578408e-02 6.143301056225880e-04
1.358509410527249e-01 1.341337731826846e-02 6.171050143303201e-04
1.359977518851024e-01 1.274704155689355e-02 6.160873722423523e-04
1.361445625391133e-01 1.358531771541661e-02 6.070664619010633e-04
1.362913730145654e-01 1.312461563293301e-02 6.102160656500899e-04
1.364381833112665e-01 1.383211052345518e-02 6.092821536878872e-04
1.365849934290243e-01 1.359606026915926e-02 6.126606850871465e-04
1.367318033676468e-01 1.350760391333914e-02 6.208933135065327e-04
1.368786131269416e-01 1.277731478573971e-02 6.071454541901741e-04
1.370254227067166e-01 1.432870927967835e-02 6.152519903027963e-04
1.371722321067795e-01 1.299831718859205e-02 6.068273482292474e-04
1.373190413269383e-01 1.322534847790362e-02 6.110573207954161e-04
1.374658503670007e-01 1.171111619763561e-02 6.104699092450554e-04
1.376126592267744e-01 1.258685296935387e-02 6.101523542352600e-04
1.377594679060673e-01 1.266004068449212e-02 6.206858605055610e-04
1.379062764046873e-01 1.291342307684418e-02 6.078457128198229e-04
1.380530847224421e-01 1.190194155218357e-02 6.121014319260476e-04
1.381998928591395e-01 1.166162134735875e-02 6.154794642874771e-04
1.383467008145873e-01 1.265162570676457e-02 6.104965454614946e-04
1.384935085885935e-01 1.245182519566414e-02 6.137137751066054e-04
1.386403161809657e-01 1.329532413882159e-02 6.072770236860161e-04
1.387871235915119e-01 1.321290266933475e-02 6.138434629708223e-04
1.389339308200397e-01 1.232635368152965e-02 6.123430955006465e-04
1.390807378663571e-01 1.264078686445206e-02 6.096977893379447e-04
1.392275447302719e-01 1.196677351974089e-02 6.117727255462032e-04
1.393743514115918e-01 1.240790091449124e-02 6.072243261841316e-04
1.395211579101248e-01 1.171901176654718e-02 6.154513123962393e-04
1.396679642256785e-01 1.079614435420747e-02 6.096521409004309e-04
1.398147703580609e-01 1.178672158370214e-02 6.078534788905834e-04
1.399615763070799e-01 1.167148391539747e-02 6.115112360901014e-04
1.401083820725432e-01 1.111641066994224e-02 6.133492001723986e-04
1.402551876542587e-01 1.147489748640634e-02 6.156456967315295e-04
1.404019930520340e-01 1.168583757996160e-02 6.123951887277269e-04
1.405487982656773e-01 1.126958628805776e-02 6.155583734106666e-04
1.406956032949962e-01 1.141468455812917e-02 6.314740923890503e-04
1.408424081397986e-01 1.097077164360870e-02 6.422308532808616e-04
1.409892127998923e-01 1.086788477870698e-02 6.479028033993909e-04
1.411360172750852e-01 1.186144512331625e-02 6.652019616598164e-04
1.412828215651852e-01 1.147807416988320e-02 6.695552030711515e-04
1.414296256699999e-01 1.240285724717678e-02 6.684547902176046e-04
1.415764295893374e-01 1.146477104555200e-02 6.808063565166005e-04
1.417232333230055e-01 1.142631453132255e-02 6.784065825158163e-04
1.418700368708119e-01 1.173587377101593e-02 6.956486534468425e-04
1.420168402325645e-01 1.031735217650019e-02 7.018567467437365e-04
1.421636434080713e-01 1.245016799383466e-02 7.031876306324623e-04
1.423104463971400e-01 1.038957409344036e-02 7.134949157733656e-04
1.424572491995785e-01 1.117351390498173e-02 7.178843831136705e-04
1.426040518151946e-01 9.969993539285184e-03 7.267079700242028e-04
1.427508542437963e-01 1.107482339706792e-02 7.204640429965938e-04
1.428976564851913e-01 1.107869134758705e-02 7.349933263831431e-04
1.430444585391876e-01 1.070080126138208e-02 7.385415175726411e-04
1.431912604055929e-01 1.118651034843243e-02 7.484317894184201e-04
1.433380620842152e-01 1.022160808306742e-02 7.413612396082233e-04
1.434848635748623e-01 1.089345316078632e-02 7.466442755975882e-04
1.436316648773420e-01 1.043233181142903e-02 7.533557637557489e-04
1.437784659914622e-01 1.090345117091330e-02 7.679129910705057e-04
1.439252669170309e-01 1.032954796834683e-02 7.793802157393289e-04
1.440720676538558e-01 1.169076025446188e-02 7.665149562618717e-04
1.442188682017449e-01 9.863430214593251e-03 7.751494870350570e-04
1.443656685605060e-01 9.901625528772239e-03 7.871861324537383e-04
1.445124687299469e-01 9.852594972694801e-03 7.977382539532774e-04
1.446592687098756e-01 9.189582839372497e-03 7.852510750424574e-04
1.448060685000999e-01 7.906029932462076e-03 8.009740625114240e-04
1.449528681004278e-01 1.101124114622076e-02 8.038291023279793e-04
1.450996675106670e-01 1.006631454781827e-02 8.088981275335199e-04
1.452464667306255e-01 1.175776405669909e-02 8.117323444808219e-04
1.453932657601112e-01 9.706330294900822e-03 8.159916881084865e-04
1.455400645989318e-01 9.907787246662787e-03 8.253693071517458e-04
1.456868632468954e-01 1.028400788524485e-02 8.246105242891305e-04
1.458336617038097e-01 9.419651531621005e-03 8.265284306521236e-04
1.459804599694828e-01 1.090560235566749e-02 8.341585388300977e-04
1.461272580437224e-01 9.115574714990719e-03 8.456871286832882e-04
1.462740559263364e-01 1.051445336983097e-02 8.517459723034082e-04
1.464208536171328e-01 1.079868690741742e-02 8.691825722825845e-04
1.465676511159195e-01 1.127630982581184e-02 8.712172775028385e-04
1.467144484225043e-01 9.533137860220425e-03 8.590197768143571e-04
1.468612455366952e-01 1.082701321281432e-02 8.720917510919681e-04
1.470080424582999e-01 1.026045629741195e-02 8.827511013143437e-04
1.471548391871265e-01 1.023483576578452e-02 8.658376594096594e-04
1.473016357229828e-01 8.902962017533865e-03 8.891941370100524e-04
1.474484320656767e-01 8.315359289988991e-03 8.700367424977821e-04
1.475952282150162e-01 9.075471471123349e-03 8.852952359000492e-04
1.477420241708091e-01 9.588958254524436e-03 8.864428936397789e-04
1.478888199328633e-01 8.604824332599020e-03 8.860737587185130e-04
1.480356155009868e-01 8.667125683697404e-03 8.929941948904848e-04
1.481824108749874e-01 9.530283050879636e-03 8.881743839013311e-04
1.483292060546731e-01 7.327801709921986e-03 8.997911232632420e-04
1.484760010398518e-01 9.767669298986266e-03 8.861767468539220e-04
1.486227958303313e-01 7.773924373978077e-03 9.087532999287000e-04
1.487695904259196e-01 8.944797056197494e-03 9.229772975104464e-04
1.489163848264247e-01 8.868535673075984e-03 8.869865696888157e-04
1.490631790316544e-01 7.121600191207370e-03 9.207632496391707e-04
1.492099730414167e-01 9.471700530583721e-03 9.580635112307410e-04
1.493567668555194e-01 7.945355763354192e-03 9.272975568751956e-04
1.495035604737705e-01 9.801375576034464e-03 9.330978015653046e-04
1.496503538959780e-01 9.414663784490811e-03 9.059186449137505e-04
1.497971471219496e-01 7.675562184057811e-03 9.250990194552733e-04
1.499439401514935e-01 8.603773823801066e-03 9.033544076938529e-04
1.500907329844174e-01 8.263561932615180e-03 9.341049173090043e-04
1.502375256205293e-01 8.914942164971002e-03 9.174364297720684e-04
1.503843180596373e-01 7.608659415521668e-03 9.155233597206536e-04
1.505311103015491e-01 7.975010638253285e-03 9.467577879178515e-04
1.506779023460727e-01 8.861227742362527e-03 9.174279375559632e-04
1.508246941930161e-01 7.923994773832009e-03 9.331121179329502e-04
1.509714858421872e-01 8.638817295374288e-03 9.233161397403161e-04
1.511182772933938e-01 1.140793135391623e-02 9.435293893169287e-04
1.512650685464441e-01 7.593930435855071e-03 9.456643758531356e-04
1.514118596011459e-01 7.491717718862324e-03 9.215732886953330e-04
1.515586504573071e-01 8.276647039497802e-03 9.410636909842133e-04
1.517054411147357e-01 8.084762944900197e-03 9.327854833766862e-04
1.518522315732397e-01 8.477939369214258e-03 9.505725540158639e-04
1.519990218326269e-01 7.721863945860147e-03 9.440330971009754e-04
1.521458118927054e-01 6.978033824274270e-03 9.262931055705297e-04
1.522926017532831e-01 8.500068371116333e-03 9.654556310419239e-04
1.524393914141679e-01 8.554866891032223e-03 9.472442935008165e-04
1.525861808751677e-01 5.809748071947822e-03 9.560446450106129e-04
1.527329701360906e-01 7.809633834590139e-03 9.569616616175380e-04
1.528797591967446e-01 8.514406322426487e-03 9.576573958250841e-04
1.530265480569374e-01 6.667938478479178e-03 9.792022097220477e-04
1.531733367164773e-01 8.636963916976974e-03 9.349086384036868e-04
1.533201251751719e-01 7.358459459920539e-03 9.753524407364871e-04
1.534669134328294e-01 8.143665302262251e-03 9.568107927277486e-04
1.536137014892578e-01 7.874371297728796e-03 9.871113290808608e-04
1.537604893442648e-01 5.845000605927232e-03 9.806306255792175e-04
1.539072769976586e-01 7.486260969391832e-03 9.733138905390000e-04
1.540540644492471e-01 7.683738501467494e-03 1.004114800968854e-03
1.542008516988383e-01 7.333844531057104e-03 9.844673728320503e-04
1.543476387462401e-01 6.159342478711634e-03 1.005177899147496e-03
1.544944255912605e-01 8.192139769961856e-03 9.988488951569944e-04
1.546412122337075e-01 7.213753931401675e-03 1.001666794921988e-03
1.547879986733890e-01 6.846292383644836e-03 9.962849624826080e-04
1.549347849101131e-01 7.977739025238692e-03 1.004411160353410e-03
1.550815709436878e-01 8.754880646645849e-03 1.017210688064951e-03
1.552283567739209e-01 8.117604420944223e-03 1.012258621766190e-03
1.553751424006205e-01 8.265064680988558e-03 1.026463949403445e-03
1.555219278235946e-01 6.723050635640358e-03 1.022054035638789e-03
1.556687130426511e-01 7.482931780786914e-03 1.022808138017947e-03
1.558154980575980e-01 6.110453439374723e-03 1.024054268617902e-03
1.559622828682433e-01 7.710430202180940e-03 1.027367349217011e-03
1.561090674743951e-01 7.287484232717582e-03 1.037112045518043e-03
1.562558518758612e-01 6.293411743709898e-03 1.027046339196475e-03
1.564026360724498e-01 6.592255853566285e-03 1.044590864628398e-03
1.565494200639687e-01 9.482537577109897e-03 1.042872221138977e-03
1.566962038502260e-01 6.560227516698530e-03 1.041291348725224e-03
1.568429874310297e-01 7.462768734653999e-03 1.059730805250714e-03
1.569897708061878e-01 7.178948128260758e-03 1.062920382137118e-03
1.571365539755082e-01 6.189305656239486e-03 1.053260422672909e-03
1.572833369387990e-01 7.004110286181814e-03 1.060757943082087e-03
1.574301196958682e-01 8.746439267825075e-03 1.058933840285182e-03
1.575769022465238e-01 6.340442359949702e-03 1.072597326923072e-03
1.577236845905738e-01 7.814248095467330e-03 1.042179397282568e-03
1.578704667278262e-01 5.817012485504627e-03 1.068807595483095e-03
1.580172486580890e-01 6.837009398769257e-03 1.075602584458423e-03
1.581640303811701e-01 7.257912106116474e-03 1.073507289985491e-03
1.583108118968778e-01 8.428888149516787e-03 1.102700540980871e-03
1.584575932050198e-01 4.511501372695175e-03 1.078599726818857e-03
1.586043743054044e-01 5.625893107489307e-03 1.110200119976555e-03
1.587511551978395e-01 6.012034462002912e-03 1.110490569702681e-03
1.588979358821330e-01 5.923436445461239e-03 1.098781635839794e-03
1.590447163580930e-01 6.769368970404861e-03 1.113154906136255e-03
1.591914966255276e-01 6.515544524934621e-03 1.111845514874474e-03
1.593382766842448e-01 6.538627173870833e-03 1.114708303723828e-03
1.594850565340525e-01 7.041083648281613e-03 1.127477667428477e-03
1.596318361747588e-01 6.203823960457876e-03 1.114826905358815e-03
1.597786156061718e-01 4.832238499563598e-03 1.131875803296668e-03
1.599253948280995e-01 5.174410300957143e-03 1.117343058336607e-03
1.600721738403499e-01 5.372788390979600e-03 1.147592437837894e-03
1.602189526427309e-01 7.352035788856070e-03 1.153681191861182e-03
1.603657312350509e-01 6.955139418862230e-03 1.180575056879335e-03
1.605125096171175e-01 7.322192952054741e-03 1.155653938658842e-03
1.606592877887390e-01 3.226874816587635e-03 1.129084849709143e-03
1.608060657497234e-01 5.793303013949471e-03 1.174520067649970e-03
1.609528434998787e-01 7.642244259209697e-03 1.180005539786880e-03
1.610996210390131e-01 6.414728604363976e-03 1.168516626039610e-03
1.612463983669344e-01 6.518845994692658e-03 1.189250539237733e-03
1.613931754834508e-01 6.678987870636791e-03 1.181334576680910e-03
1.615399523883702e-01 5.772304887408011e-03 1.197763891451260e-03
1.616867290815008e-01 6.913822167898006e-03 1.191970624324671e-03
1.618335055626506e-01 4.865477302972474e-03 1.202691334179647e-03
1.619802818316277e-01 3.435563326307966e-03 1.185478796527655e-03
1.621270578882401e-01 6.499342429385886e-03 1.209443622062255e-03
1.622738337322958e-01 6.910632794139403e-03 1.218895800339868e-03
1.624206093636030e-01 6.064075226424470e-03 1.210690705238218e-03
1.625673847819697e-01 5.656443468141749e-03 1.240672387887210e-03
1.627141599872038e-01 4.145115726283552e-03 1.217829071550521e-03
1.628609349791136e-01 4.520219648671496e-03 1.248179876165550e-03
1.630077097575070e-01 5.867592784514059e-03 1.238234660816197e-03
1.631544843221922e-01 7.072391559156216e-03 1.222503702860600e-03
1.633012586729772e-01 6.210170935872590e-03 1.253790854070154e-03
1.634480328096700e-01 5.261544601068136e-03 1.262428110728071e-03
1.635948067320787e-01 4.822898781775248e-03 1.253432725791687e-03
1.637415804400115e-01 5.001955169702493e-03 1.243143824150165e-03
1.638883539332764e-01 6.437824075583418e-03 1.287527191421454e-03
1.640351272116813e-01 4.292820077388742e-03 1.269767736087169e-03
1.641819002750345e-01 6.073897003242177e-03 1.312121131269305e-03
1.643286731231440e-01 5.235312763345818e-03 1.289614855720752e-03
1.644754457558179e-01 6.344907495536680e-03 1.296287555920758e-03
1.646222181728642e-01 6.262596802632213e-03 1.309120910398324e-03
1.647689903740911e-01 5.967050520228639e-03 1.317715598103259e-03
1.649157623593066e-01 3.541335984900273e-03 1.363364616627831e-03
1.650625341283188e-01 4.554460982686914e-03 1.306564764774562e-03
1.652093056809359e-01 5.149180828193413e-03 1.320459104657421e-03
1.653560770169658e-01 3.394843458127832e-03 1.349525342032551e-03
1.655028481362167e-01 4.285779545050001e-03 1.352347829817244e-03
1.656496190384967e-01 5.950881544410205e-03 1.368785883797195e-03
1.657963897236138e-01 3.712331172017128e-03 1.349908050659088e-03
1.659431601913762e-01 6.338259800871418e-03 1.362415450534046e-03
1.660899304415920e-01 4.339373710242178e-03 1.368438592622568e-03
1.662367004740692e-01 4.118703186136022e-03 1.403541420228122e-03
1.663834702886159e-01 4.648957265457978e-03 1.400263517053772e-03
1.665302398850404e-01 4.197112950158477e-03 1.406091920693452e-03
1.666770092631506e-01 5.440686988160757e-03 1.423669112602203e-03
1.668237784227546e-01 7.708920185607729e-03 1.451197607946521e-03
1.669705473636607e-01 5.843043033070703e-03 1.420476355578420e-03
1.671173160856769e-01 4.821656839427375e-03 1.440032778905113e-03
1.672640845886112e-01 5.658973507149351e-03 1.438757589761730e-03
1.674108528722718e-01 5.543589675490777e-03 1.451632545755108e-03
1.675576209364669e-01 5.398186584052812e-04 1.463560552470773e-03
1.677043887810044e-01 5.216391213477274e-03 1.445107058749540e-03
1.678511564056927e-01 3.902074994006072e-03 1.492945952285443e-03
1.679979238103397e-01 4.714969323627870e-03 1.548928561386434e-03
1.681446909947535e-01 4.778418411697586e-03 1.498893033279936e-03
1.682914579587425e-01 4.778639180761447e-03 1.540138660254260e-03
1.684382247021145e-01 4.354199138762143e-03 1.501470587637871e-03
1.685849912246778e-01 4.687087335521475e-03 1.533271674959232e-03
1.687317575262405e-01 4.387380805778996e-03 1.568045885929203e-03
1.688785236066107e-01 3.151150223562240e-03 1.567544078745906e-03
1.690252894655966e-01 2.648286308577458e-03 1.563474139365635e-03
1.691720551030063e-01 3.511456352451977e-03 1.559956082880319e-03
1.693188205186478e-01 4.193566543340525e-03 1.609812298419637e-03
1.694655857123294e-01 6.679425639574227e-03 1.635086794376048e-03
1.696123506838591e-01 2.991305922611711e-03 1.640386757264371e-03
1.697591154330453e-01 4.920124879835147e-03 1.644762329916715e-03
1.699058799596958e-01 3.975303785834308e-03 1.651072922202608e-03
1.700526442636189e-01 5.014852104342871e-03 1.689370577188407e-03
1.701994083446229e-01 7.358758471978264e-03 1.655104208430719e-03
1.703461722025157e-01 3.645172713216528e-03 1.737276335800009e-03
1.704929358371055e-01 4.833880088198601e-03 1.658893765080996e-03
1.706396992482005e-01 2.520525378987861e-03 1.692106135494586e-03
1.707864624356089e-01 4.698770783093737e-03 1.726995269489310e-03
1.709332253991387e-01 3.970165686289296e-03 1.728376326827784e-03
1.710799881385982e-01 6.898745493506909e-03 1.827095169613521e-03
1.712267506537955e-01 1.105538952587511e-03 1.793034316936770e-03
1.713735129445388e-01 3.234169372406658e-03 1.806559735954782e-03
1.715202750106361e-01 2.504643746135766e-03 1.823029263794490e-03
1.716670368518958e-01 3.468277314308869e-03 1.834225288675567e-03
1.718137984681258e-01 5.022496729489843e-03 1.885144004665908e-03
1.719605598591345e-01 2.302584833807267e-03 1.819376067506995e-03
1.721073210247299e-01 7.391412655658936e-03 1.884239200914446e-03
1.722540819647203e-01 1.921886673066663e-03 1.904414451075641e-03
1.724008426789137e-01 2.423024038503311e-03 1.944393609284336e-03
1.725476031671185e-01 5.235987811693899e-03 1.941245909312158e-03
1.726943634291426e-01 -1.413200480554730e-03 2.004990476352626e-03
1.728411234647944e-01 1.365615933626451e-03 2.026651820552656e-03
1.729878832738820e-01 6.368524519055822e-03 1.983114943097234e-03
1.731346428562135e-01 2.594736630120702e-03 2.090932145794782e-03
1.732814022115972e-01 2.214324826156919e-03 2.020253615381150e-03
1.734281613398412e-01 1.974620005616044e-03 2.119318343734869e-03
1.735749202407538e-01 2.957217260311035e-03 2.133803677477156e-03
1.737216789141430e-01 1.364715828844090e-03 2.143748719050531e-03
1.738684373598171e-01 2.838528108502065e-03 2.172139875347050e-03
1.740151955775843e-01 5.280466650230153e-03 2.199826293779932e-03
1.741619535672527e-01 2.287817110779998e-03 2.259503064142390e-03
1.743087113286306e-01 -3.002717496700135e-03 2.241011153086107e-03
1.744554688615261e-01 2.513514770593132e-03 2.297243439291713e-03
1.746022261657475e-01 3.509890686342045e-03 2.386756383079434e-03
1.747489832411029e-01 5.767209673344013e-03 2.487708724607420e-03
1.748957400874005e-01 2.880368517969256e-03 2.413486387719414e-03
1.750424967044485e-01 3.695165702668263e-03 2.473161558005640e-03
1.751892530920552e-01 1.904818581308304e-03 2.639633757656936e-03
1.753360092500287e-01 9.950626289693985e-05 2.583113078873255e-03
1.754827651781772e-01 1.672327634210895e-03 2.548633352642004e-03
1.756295208763090e-01 6.115218911904540e-03 2.635028297894869e-03
1.757762763442323e-01 6.106878101381275e-03 2.777362902988826e-03
1.759230315817552e-01 -3.263119065787493e-04 2.777018588931598e-03
1.760697865886859e-01 2.016040742529285e-03 2.949397579121430e-03
1.762165413648328e-01 1.483077617035341e-03 2.764614490336363e-03
1.763632959100039e-01 1.445903953399331e-03 2.976637851124424e-03
1.765100502240076e-01 2.060231137341593e-03 3.093868454935523e-03
1.766568043066521e-01 8.895817233597903e-03 3.421736794173830e-03
1.768035581577454e-01 3.386131531951885e-03 3.385643134159217e-03
1.769503117770959e-01 -8.973274285625859e-04 3.449019191555427e-03
1.770970651645119e-01 6.186720333523036e-03 3.498792704881927e-03
1.772438183198014e-01 5.267353132314071e-03 3.529759310510833e-03
1.773905712427729e-01 -9.889772273780615e-04 3.833855754324560e-03
1.775373239332344e-01 9.058877705388010e-03 3.894432141409431e-03
1.776840763909942e-01 -9.980909791483716e-04 4.178061445931939e-03
1.778308286158606e-01 7.967804854250886e-03 4.681770761317492e-03
1.779775806076418e-01 8.464884735569832e-04 4.800973915583382e-03
1.781243323661459e-01 3.032844395837393e-03 5.033922802399920e-03
1.782710838911813e-01 3.688286256644114e-03 5.713351573504783e-03
1.784178351825563e-01 -2.258873395398700e-03 6.252984073577723e-03
1.785645862400790e-01 -4.932580636955701e-03 7.406337820912046e-03
1.787113370635576e-01 1.172194055021915e-02 8.282269922735348e-03
1.788580876528005e-01 -9.710688737147391e-05 1.074997594134237e-02
1.790048380076158e-01 1.236140145774356e-02 1.272927746539496e-02
