<X> <Y> <dY>
8.813602216919226e-04 -6.617381018602518e+01 2.759399331333682e+00
1.028253589049351e-03 -6.582442641787071e+01 1.502414712021549e+00
1.175146955056984e-03 -3.325753919613116e+01 1.142544888905562e+00
1.322040319521992e-03 -2.425840815806734e+01 7.013562482235716e-01
1.468933682251548e-03 -1.827058722988301e+01 5.088628660711316e-01
1.615827043052824e-03 -1.196874850968593e+01 3.588688272743087e-01
1.762720401732992e-03 -8.321959732651640e+00 3.109786040798510e-01
1.909613758099223e-03 -6.539953784815530e+00 2.666797963898136e-01
2.056507111958691e-03 -5.233645668442883e+00 2.247081823732795e-01
2.203400463118568e-03 -3.056906590510059e+00 1.976128599997472e-01
2.350293811386024e-03 -2.882545480574755e+00 1.657450650554565e-01
2.497187156568232e-03 -2.212105115785201e+00 1.490396365874477e-01
2.644080498472365e-03 -1.757095922341681e+00 1.302267068963524e-01
2.790973836905595e-03 -1.508049544091058e+00 1.146498157496895e-01
2.937867171675094e-03 -1.270298881109334e+00 1.059454985376175e-01
3.084760502588034e-03 -1.004220987451562e+00 9.389807204001245e-02
3.231653829451588e-03 -8.120591514874067e-01 8.590447788387212e-02
3.378547152072927e-03 -7.063362223815658e-01 7.873645791328734e-02
3.525440470259224e-03 -4.839465007543276e-01 7.106173633204940e-02
3.672333783817651e-03 -4.253941360525132e-01 6.627299421951358e-02
3.819227092555382e-03 -3.627242070716706e-01 5.970246211680499e-02
3.966120396279587e-03 -3.149443438373407e-01 5.697904741632191e-02
4.113013694797441e-03 -3.756878908351079e-01 5.148101151433499e-02
4.259906987916115e-03 -2.053003361121793e-01 4.768984408109266e-02
4.406800275442781e-03 -2.393053412353916e-01 4.506984926570099e-02
4.553693557184614e-03 -1.778073989180787e-01 4.164796947013668e-02
4.700586832948783e-03 -1.799864816745434e-01 3.897783036369230e-02
4.847480102542463e-03 -1.559490436451691e-01 3.626198491423674e-02
4.994373365772829e-03 -1.098463525175685e-01 3.432344372466087e-02
5.141266622447048e-03 -8.890190280321450e-02 3.226850444381238e-02
5.288159872372297e-03 -1.138703034248627e-01 2.986317602428120e-02
5.435053115355749e-03 -9.734791902373495e-02 2.849147264923623e-02
5.581946351204576e-03 -7.309453127128868e-02 2.686049545924839e-02
5.728839579725948e-03 -9.696978406112364e-02 2.505549336844334e-02
5.875732800727044e-03 -6.242226689045803e-02 2.393310106168361e-02
6.022626014015034e-03 -6.784203133600700e-02 2.268431632972389e-02
6.169519219397089e-03 -5.437590161330731e-02 2.150441392810201e-02
6.316412416680385e-03 -6.572193808142976e-02 2.056341500987115e-02
6.463305605672094e-03 -5.616204026806089e-02 1.927462782285101e-02
6.610198786179393e-03 -2.863802228063791e-02 1.832171754049219e-02
6.757091958009447e-03 -4.769603384779494e-02 1.738332637185034e-02
6.903985120969439e-03 -5.094406827692121e-03 1.662595597019566e-02
7.050878274866538e-03 -4.803556156930462e-02 1.596142387251700e-02
7.197771419507919e-03 -1.472958407968588e-02 1.496997510176728e-02
7.344664554700750e-03 -2.329819694649833e-02 1.440405383270497e-02
7.491557680252214e-03 -3.010110106336268e-02 1.389307347591431e-02
7.638450795969478e-03 -8.933777811282625e-03 1.316770230090823e-02
7.785343901659718e-03 -2.279627203697432e-02 1.267673515429518e-02
7.932236997130110e-03 -1.548100719955262e-02 1.202148720347723e-02
8.079130082187821e-03 -4.330094574852978e-03 1.165714300874223e-02
8.226023156640037e-03 -1.847558561462104e-02 1.118532519856013e-02
8.372916220293923e-03 -8.430003141722235e-03 1.059153050709966e-02
8.519809272956652e-03 3.314047372900973e-04 1.026638097420000e-02
8.666702314435403e-03 -3.117632660743913e-02 9.852335753065874e-03
8.813595344537354e-03 -3.335756522619005e-03 9.531601464226097e-03
8.960488363069672e-03 -8.528618127355869e-03 9.173387913491171e-03
9.107381369839535e-03 4.947927300172722e-04 8.712977300461854e-03
9.254274364654119e-03 -8.799462423240154e-03 8.507142822071965e-03
9.401167347320593e-03 -4.296091027238731e-04 8.150486450902049e-03
9.548060317646137e-03 -2.265179942294598e-03 7.950344643778659e-03
9.694953275437929e-03 7.596387102927326e-03 7.671370655538227e-03
9.841846220503138e-03 -1.200272969062696e-02 7.313219327256768e-03
9.988739152648940e-03 -4.285420560636842e-03 7.171711393033174e-03
1.013563207168251e-02 -1.523547385172435e-03 6.859102889324186e-03
1.028252497741103e-02 4.720358202064909e-03 6.608349085024798e-03
1.042941786964167e-02 -3.463670612461073e-03 6.425794562174095e-03
1.057631074818160e-02 -1.082259698473913e-02 6.227916027257026e-03
1.072320361283801e-02 -1.695879821405057e-04 6.107018341176831e-03
1.087009646341806e-02 4.722490668738226e-03 5.780724152214515e-03
1.101698929972894e-02 7.789509649904000e-03 5.651141362913311e-03
1.116388212157781e-02 4.410316959011284e-03 5.514164169229036e-03
1.131077492877186e-02 -2.089580432166871e-03 5.337457286828546e-03
1.145766772111827e-02 -4.544331914443289e-03 5.206487415638303e-03
1.160456049842420e-02 5.207443803581116e-03 5.016885034052881e-03
1.175145326049683e-02 4.472324262346736e-03 4.887340249725734e-03
1.189834600714335e-02 7.973723315076980e-03 4.745892015002658e-03
1.204523873817092e-02 -3.432246002749442e-03 4.617623186312789e-03
1.219213145338673e-02 1.362865044419082e-03 4.471427946578283e-03
1.233902415259795e-02 2.501755413123745e-03 4.375209092685128e-03
1.248591683561175e-02 1.879105917289422e-03 4.272375813803709e-03
1.263280950223533e-02 -3.626258949407118e-03 4.159768974602054e-03
1.277970215227585e-02 7.699163734828820e-03 3.984347690940615e-03
1.292659478554047e-02 3.275772499735382e-03 3.918856804561976e-03
1.307348740183641e-02 4.283525082477602e-03 3.841639445917968e-03
1.322038000097082e-02 6.142307356704973e-03 3.723766766205680e-03
1.336727258275089e-02 3.741703789465375e-03 3.627919777306933e-03
1.351416514698378e-02 5.142710980039455e-03 3.555284004918759e-03
1.366105769347668e-02 2.157941067370571e-03 3.458787931948504e-03
1.380795022203677e-02 9.162857725928859e-04 3.391857524325186e-03
1.395484273247122e-02 9.879307373505643e-03 3.282448559514287e-03
1.410173522458722e-02 1.047359507194484e-02 3.226450119449103e-03
1.424862769819194e-02 1.091167385161758e-02 3.161803400979890e-03
1.439552015309257e-02 1.923146246717215e-03 3.079953593651837e-03
1.454241258909627e-02 5.119672245421520e-03 3.018213891551776e-03
1.468930500601023e-02 8.170981714115629e-03 2.920358192651674e-03
1.483619740364163e-02 8.933085299066470e-03 2.860240521512511e-03
1.498308978179765e-02 6.342531831399561e-03 2.822858287983261e-03
1.512998214028546e-02 6.767771073700547e-03 2.741292472674948e-03
1.527687447891225e-02 8.882997141776053e-03 2.693838389550931e-03
1.542376679748520e-02 6.711897456731956e-03 2.639765983210646e-03
1.557065909581149e-02 5.898726520839927e-03 2.582519523260277e-03
1.571755137369829e-02 1.230287753771254e-02 2.538237511770920e-03
1.586444363095279e-02 3.604362494865690e-03 2.462976428394022e-03
1.601133586738216e-02 5.662111773989594e-03 2.435643413667595e-03
1.615822808279360e-02 5.048542785718633e-03 2.383363226355619e-03
1.630512027699426e-02 6.666470228586104e-03 2.335068844018463e-03
1.645201244979136e-02 6.118648657931889e-03 2.273498631493422e-03
1.659890460099205e-02 1.048567028104188e-02 2.234263557457838e-03
1.674579673040351e-02 7.357687218344154e-03 2.216640163248055e-03
1.689268883783294e-02 8.051782823539907e-03 2.166825614083463e-03
1.703958092308753e-02 6.530956267377945e-03 2.131396205441565e-03
1.718647298597442e-02 1.358560465627422e-02 2.068179933398826e-03
1.733336502630083e-02 5.628896170747108e-03 2.033493707398887e-03
1.748025704387393e-02 5.683766301021424e-03 2.016586098779511e-03
1.762714903850091e-02 9.622350581763571e-03 1.973955357539226e-03
1.777404100998893e-02 6.914580847568841e-03 1.949332207171160e-03
1.792093295814520e-02 8.818115687223542e-03 1.903762207683402e-03
1.806782488277687e-02 7.204392421006114e-03 1.888391033790741e-03
1.821471678369116e-02 9.701002537645767e-03 1.855080914953297e-03
1.836160866069522e-02 6.406927201565045e-03 1.802234074274940e-03
1.850850051359626e-02 9.259347192344924e-03 1.837131081348178e-03
1.865539234220144e-02 1.283243810848193e-02 1.820769802603819e-03
1.880228414631796e-02 1.048560248708906e-02 1.781414434603729e-03
1.894917592575301e-02 9.192871246054866e-03 1.784002263560450e-03
1.909606768031375e-02 7.245009630747062e-03 1.753273773867648e-03
1.924295940980738e-02 8.103478282309234e-03 1.776161757430680e-03
1.938985111404109e-02 9.091817914744024e-03 1.765193036880245e-03
1.953674279282204e-02 4.355047393957445e-03 1.768017926867001e-03
1.968363444595744e-02 1.050571228020705e-02 1.764291638224984e-03
1.983052607325447e-02 1.199469486759377e-02 1.749875785778094e-03
1.997741767452030e-02 8.626530845708498e-03 1.751805767292040e-03
2.012430924956213e-02 5.385709248486580e-03 1.736409932354295e-03
2.027120079818715e-02 9.946687787262307e-03 1.711520103687846e-03
2.041809232020253e-02 9.674121573672780e-03 1.721207361174167e-03
2.056498381541546e-02 9.192588127208790e-03 1.710537809133031e-03
2.071187528363314e-02 1.241255485601513e-02 1.687499293336535e-03
2.085876672466273e-02 9.725580498420197e-03 1.677120772542262e-03
2.100565813831145e-02 1.005936683824207e-02 1.675718446113331e-03
2.115254952438645e-02 1.162165643522100e-02 1.655703602318270e-03
2.129944088269494e-02 1.038979279545780e-02 1.657620508421565e-03
2.144633221304411e-02 9.060825774586478e-03 1.637457595891599e-03
2.159322351524114e-02 9.067663703247297e-03 1.633406276050766e-03
2.174011478909322e-02 9.532290596514819e-03 1.614431667068285e-03
2.188700603440753e-02 1.117610214324083e-02 1.600784044039603e-03
2.203389725099126e-02 1.207477078202481e-02 1.577148697345935e-03
2.218078843865161e-02 1.098409229764572e-02 1.538103518821376e-03
2.232767959719575e-02 9.374151518523121e-03 1.520875571009362e-03
2.247457072643089e-02 9.722852128164334e-03 1.485574875814060e-03
2.262146182616420e-02 1.095702256663409e-02 1.461989851416236e-03
2.276835289620287e-02 1.328517480599557e-02 1.446015957524093e-03
2.291524393635411e-02 1.065735188188977e-02 1.422345746451704e-03
2.306213494642509e-02 1.120441783923669e-02 1.428056825883314e-03
2.320902592622301e-02 1.462704633789855e-02 1.398605500468994e-03
2.335591687555505e-02 8.942330646075421e-03 1.384432290300447e-03
2.350280779422841e-02 1.117992124251750e-02 1.368708691322304e-03
2.364969868205026e-02 1.368459926738085e-02 1.350761206346424e-03
2.379658953882782e-02 1.190306537480851e-02 1.351467548977232e-03
2.394348036436827e-02 1.112861075829857e-02 1.326670585816532e-03
2.409037115847880e-02 1.070099813624259e-02 1.313605966448499e-03
2.423726192096658e-02 1.072508317492595e-02 1.300995553678495e-03
2.438415265163884e-02 1.353812214036847e-02 1.281143932662803e-03
2.453104335030275e-02 1.211890250924275e-02 1.286688206441950e-03
2.467793401676551e-02 1.194902536287254e-02 1.261875366877432e-03
2.482482465083430e-02 1.152468513779218e-02 1.256101930317155e-03
2.497171525231632e-02 1.255254300031331e-02 1.248651842046348e-03
2.511860582101877e-02 1.304870963179403e-02 1.235588399158429e-03
2.526549635674884e-02 1.428139782771685e-02 1.218904152388605e-03
2.541238685931370e-02 1.457120730899800e-02 1.211493235290955e-03
2.555927732852058e-02 1.437805128793552e-02 1.202438551129214e-03
2.570616776417666e-02 1.358403541889341e-02 1.195686487959291e-03
2.585305816608912e-02 1.384506885909976e-02 1.184058928423643e-03
2.599994853406517e-02 1.338863606217452e-02 1.173939901602857e-03
2.614683886791200e-02 1.317429816383882e-02 1.162825972471980e-03
2.629372916743681e-02 1.499950446562086e-02 1.161282195530786e-03
2.644061943244679e-02 1.466839864155349e-02 1.147995141992572e-03
2.658750966274912e-02 1.532174272324027e-02 1.136769659746563e-03
2.673439985815102e-02 1.283531453674930e-02 1.145196249666562e-03
2.688129001845969e-02 1.558959433178761e-02 1.119895113631033e-03
2.702818014348229e-02 1.516657129348178e-02 1.117380155808354e-03
2.717507023302605e-02 1.529565715251980e-02 1.107012175717083e-03
2.732196028689816e-02 1.575783143365241e-02 1.107531883488719e-03
2.746885030490582e-02 1.544902670125788e-02 1.097530777431506e-03
2.761574028685621e-02 1.452326014746503e-02 1.090043959568024e-03
2.776263023255653e-02 1.508169373360205e-02 1.074191349683317e-03
2.790952014181400e-02 1.573652228815973e-02 1.067969260765958e-03
2.805641001443581e-02 1.602858241364025e-02 1.066171627035967e-03
2.820329985022913e-02 1.371645446622108e-02 1.063906426596324e-03
2.835018964900120e-02 1.544131253707961e-02 1.046451067877607e-03
2.849707941055920e-02 1.557350800252450e-02 1.039902662886026e-03
2.864396913471031e-02 1.611049867269133e-02 1.050320352592269e-03
2.879085882126178e-02 1.747110100910212e-02 1.033309348134288e-03
2.893774847002075e-02 1.633555696132839e-02 1.020596677741414e-03
2.908463808079444e-02 1.818138928223536e-02 1.026081348561307e-03
2.923152765339008e-02 1.695484743560976e-02 1.015883800210853e-03
2.937841718761485e-02 1.777067370448170e-02 1.005674574959815e-03
2.952530668327594e-02 1.731867134869829e-02 1.012490187304546e-03
2.967219614018056e-02 1.601640037188210e-02 9.998997301298301e-04
2.981908555813591e-02 1.583351165353392e-02 9.947461886403671e-04
2.996597493694921e-02 1.803406678744290e-02 9.914766206507118e-04
3.011286427642763e-02 1.902558012676260e-02 9.818063225906974e-04
3.025975357637840e-02 1.865713781902319e-02 9.727187258884433e-04
3.040664283660871e-02 1.725510362717810e-02 9.712957273871240e-04
3.055353205692574e-02 1.878930661645721e-02 9.756435578048191e-04
3.070042123713675e-02 1.778809556633100e-02 9.627400135872204e-04
3.084731037704891e-02 1.950582139692840e-02 9.605621280139580e-04
3.099419947646940e-02 1.959520811431592e-02 9.597457277452834e-04
3.114108853520547e-02 1.745124259308800e-02 9.473127996508979e-04
3.128797755306430e-02 1.980373527205933e-02 9.480545944949720e-04
3.143486652985308e-02 2.140386009259916e-02 9.336689605431810e-04
3.158175546537905e-02 1.985197851948566e-02 9.441922008085798e-04
3.172864435944940e-02 1.966645822384435e-02 9.442220590213467e-04
3.187553321187133e-02 2.053207682537020e-02 9.257519800850495e-04
3.202242202245206e-02 2.154993193246516e-02 9.270166845992210e-04
3.216931079099877e-02 1.877251426611010e-02 9.147447655515105e-04
3.231619951731869e-02 2.137362416343132e-02 9.280568153291572e-04
3.246308820121902e-02 2.092841714009389e-02 9.178465980569976e-04
3.260997684250697e-02 2.235340227526338e-02 9.092656779553774e-04
3.275686544098974e-02 2.223761414413536e-02 9.131544281964783e-04
3.290375399647455e-02 2.060440832572960e-02 8.938400415331063e-04
3.305064250876859e-02 2.106123007186007e-02 9.078918256273685e-04
3.319753097767910e-02 2.333279383318705e-02 9.025731831974514e-04
3.334441940301325e-02 2.248215246134396e-02 8.992416054501684e-04
3.349130778457828e-02 2.190962241383924e-02 8.952826363401205e-04
3.363819612218139e-02 2.173605522905226e-02 8.911071369534317e-04
3.378508441562977e-02 2.199649310898540e-02 8.816330205894292e-04
3.393197266473066e-02 2.183176701660853e-02 8.755949409512610e-04
3.407886086929125e-02 2.454538570884572e-02 8.848210565556743e-04
3.422574902911878e-02 2.420725086991829e-02 8.839551571702023e-04
3.437263714402042e-02 2.399416783765978e-02 8.764027651523346e-04
3.451952521380341e-02 2.287292666609814e-02 8.672306266530931e-04
3.466641323827495e-02 2.500282921544008e-02 8.813555284723427e-04
3.481330121724226e-02 2.551267488148817e-02 8.960136831250499e-04
3.496018915051253e-02 2.455146383032192e-02 9.079096284822679e-04
3.510707703789302e-02 2.437148585157238e-02 9.037350065873738e-04
3.525396487919091e-02 2.571670351934208e-02 9.046262468412581e-04
3.540085267421340e-02 2.731254636197342e-02 8.988855655513707e-04
3.554774042276775e-02 2.586935159403078e-02 8.927751935157963e-04
3.569462812466112e-02 2.648516156054408e-02 8.781758092660622e-04
3.584151577970077e-02 2.695191936958930e-02 8.762561070043921e-04
3.598840338769389e-02 2.742056251649846e-02 8.784097281508013e-04
3.613529094844770e-02 2.878126599287347e-02 8.704431707157957e-04
3.628217846176941e-02 2.854610892666970e-02 8.741252389709560e-04
3.642906592746626e-02 2.746600090009123e-02 8.639056454812997e-04
3.657595334534545e-02 2.881994349460998e-02 8.683228455067889e-04
3.672284071521419e-02 2.862605608817806e-02 8.637065188663813e-04
3.686972803687972e-02 2.919868091354380e-02 8.633826377197997e-04
3.701661531014922e-02 3.087454082460715e-02 8.579428289227299e-04
3.716350253482994e-02 2.941646954878736e-02 8.542107525826083e-04
3.731038971072909e-02 3.080726943318978e-02 8.583542567293865e-04
3.745727683765387e-02 2.997900482309630e-02 8.820285624187463e-04
3.760416391541153e-02 2.962035066348240e-02 8.736935835853894e-04
3.775105094380928e-02 3.174828356148807e-02 8.436817546480960e-04
3.789793792265433e-02 3.204212535955329e-02 8.499385246062518e-04
3.804482485175390e-02 3.239235917518593e-02 8.426795100552841e-04
3.819171173091522e-02 3.361982148086275e-02 8.392591263323335e-04
3.833859855994550e-02 3.407280310451363e-02 8.470536880224383e-04
3.848548533865198e-02 3.405027741738056e-02 8.375975497120569e-04
3.863237206684186e-02 3.566146055971724e-02 8.409231656945900e-04
3.877925874432238e-02 3.367511784104542e-02 8.418691792262706e-04
3.892614537090076e-02 3.621258884989863e-02 8.357709091690855e-04
3.907303194638420e-02 3.399221414024464e-02 8.420115111789366e-04
3.921991847057994e-02 3.532335956026594e-02 8.274709793640907e-04
3.936680494329520e-02 3.468999850282452e-02 8.318026790246775e-04
3.951369136433722e-02 3.537017231974109e-02 8.279182031970154e-04
3.966057773351322e-02 3.775301576188797e-02 8.275035513645216e-04
3.980746405063040e-02 3.758266598142090e-02 8.319635672523637e-04
3.995435031549600e-02 3.628350184420539e-02 8.144638604332401e-04
4.010123652791726e-02 3.815618538764252e-02 8.207976463208829e-04
4.024812268770137e-02 3.976588562586997e-02 8.271400573047631e-04
4.039500879465560e-02 3.864262609356616e-02 8.194620190857623e-04
4.054189484858715e-02 3.993599747037386e-02 8.204979589630349e-04
4.068878084930326e-02 4.035257143259841e-02 8.168434948288647e-04
4.083566679661114e-02 3.993261796551219e-02 8.186766719915243e-04
4.098255269031803e-02 3.978582007047663e-02 8.200013593695463e-04
4.112943853023117e-02 4.167157709524587e-02 8.315801688603700e-04
4.127632431615776e-02 4.223913269363529e-02 8.469849000434073e-04
4.142321004790505e-02 4.228101471649571e-02 8.480234917856174e-04
4.157009572528026e-02 4.438541564107921e-02 8.635930976231584e-04
4.171698134809063e-02 4.272954106375290e-02 8.678800805136197e-04
4.186386691614337e-02 4.221461526676309e-02 8.622872142767522e-04
4.201075242924574e-02 4.478541552490480e-02 8.781029551496553e-04
4.215763788720495e-02 4.629120121213089e-02 8.745135967052773e-04
4.230452328982824e-02 4.662934115710453e-02 8.846908922291005e-04
4.245140863692285e-02 4.702468149836381e-02 8.832359703402010e-04
4.259829392829599e-02 4.736417477046799e-02 8.848815610755591e-04
4.274517916375490e-02 4.873372834167511e-02 8.872952521305148e-04
4.289206434310684e-02 4.825912678945567e-02 8.873838693906587e-04
4.303894946615900e-02 4.888773475034691e-02 8.943220062881017e-04
4.318583453271865e-02 4.865395196260750e-02 8.869207371082382e-04
4.333271954259301e-02 4.980723131002779e-02 8.985795145774827e-04
4.347960449558931e-02 5.168719865261818e-02 8.947205569661950e-04
4.362648939151479e-02 5.236466940663558e-02 9.008182072704642e-04
4.377337423017669e-02 5.287858665400897e-02 9.061952695511193e-04
4.392025901138226e-02 5.340099713542574e-02 9.098027154005711e-04
4.406714373493869e-02 5.406590716715808e-02 9.130474624417840e-04
4.421402840065326e-02 5.550113424691005e-02 9.118580719124083e-04
4.436091300833320e-02 5.577890131882905e-02 9.177862402111568e-04
4.450779755778574e-02 5.750912045118300e-02 9.181524866863630e-04
4.465468204881811e-02 5.783164371459575e-02 9.217038960481669e-04
4.480156648123757e-02 5.777789294958577e-02 9.303641677052800e-04
4.494845085485134e-02 5.808944408417502e-02 9.256907215327888e-04
4.509533516946668e-02 5.976506773969685e-02 9.371988804056906e-04
4.524221942489082e-02 6.011260926965013e-02 9.349414009919880e-04
4.538910362093100e-02 5.996536854186926e-02 9.319560405598917e-04
4.553598775739446e-02 6.246073686477003e-02 9.422834652809555e-04
4.568287183408844e-02 6.144436753983192e-02 9.332429275516543e-04
4.582975585082019e-02 6.433727502144192e-02 9.427213992679726e-04
4.597663980739693e-02 6.405300938925310e-02 9.420465662281416e-04
4.612352370362593e-02 6.571866786983606e-02 9.346779417013670e-04
4.627040753931443e-02 6.544768081765738e-02 9.367663708807354e-04
4.641729131426967e-02 6.779909385545101e-02 9.356447595379209e-04
4.656417502829888e-02 6.699318285494257e-02 9.435861708303316e-04
4.671105868120932e-02 6.879399724444957e-02 9.460649029152765e-04
4.685794227280822e-02 6.835482299180685e-02 9.449867245243682e-04
4.700482580290285e-02 7.196268346345104e-02 9.480184148396749e-04
4.715170927130044e-02 7.151747735372921e-02 9.458803786177212e-04
4.729859267780824e-02 7.270900603417603e-02 9.506152162468058e-04
4.744547602223349e-02 7.276655476396045e-02 9.552037618822932e-04
4.759235930438345e-02 7.382714919959792e-02 9.588419421547050e-04
4.773924252406536e-02 7.534969322342498e-02 9.556553822060111e-04
4.788612568108647e-02 7.653916822702432e-02 9.626481284108448e-04
4.803300877525407e-02 7.838392860178635e-02 9.679859132603466e-04
4.817989180637530e-02 7.822087076162633e-02 9.671675290388053e-04
4.832677477425752e-02 7.936884874838719e-02 9.702026333456046e-04
4.847365767870793e-02 8.093931428484982e-02 9.717540067884408e-04
4.862054051953379e-02 8.055089824424425e-02 9.711382283240051e-04
4.876742329654236e-02 8.186512526116389e-02 9.773429617865174e-04
4.891430600954088e-02 8.395436975228460e-02 9.753562333999844e-04
4.906118865833660e-02 8.357022723190233e-02 9.772114100828088e-04
4.920807124273676e-02 8.639675957902133e-02 9.841021035775330e-04
4.935495376254866e-02 8.753439705213473e-02 9.888621381258685e-04
4.950183621757952e-02 8.755513405997103e-02 9.841984491104796e-04
4.964871860763660e-02 8.872920733481222e-02 9.937710654892068e-04
4.979560093252714e-02 8.971573585801804e-02 9.889928617290357e-04
4.994248319205841e-02 9.128530560562448e-02 9.968796204062453e-04
5.008936538603768e-02 9.160029867644975e-02 9.987335371537331e-04
5.023624751427219e-02 9.258474287052325e-02 9.976170306284285e-04
5.038312957656918e-02 9.593816730316122e-02 1.016686034080862e-03
5.053001157273595e-02 9.521789269577423e-02 1.002721259474294e-03
5.067689350257971e-02 9.754761534583878e-02 1.013144025505496e-03
5.082377536590776e-02 9.922445436467207e-02 1.013990924883981e-03
5.097065716252732e-02 1.025162758184808e-01 1.020085870686396e-03
5.111753889224568e-02 1.024045441699421e-01 1.026878721299575e-03
5.126442055487009e-02 1.010410371443154e-01 1.020005794926110e-03
5.141130215020779e-02 1.040957921451541e-01 1.021531429720277e-03
5.155818367806608e-02 1.047028185249668e-01 1.031115404562821e-03
5.170506513825220e-02 1.071860375644210e-01 1.031421420218272e-03
5.185194653057341e-02 1.066121276670944e-01 1.035184049922950e-03
5.199882785483697e-02 1.097166640507746e-01 1.035492543063141e-03
5.214570911085015e-02 1.110171492442019e-01 1.042626881559166e-03
5.229259029842022e-02 1.111486438312023e-01 1.044560273893787e-03
5.243947141735442e-02 1.130194607680165e-01 1.045764863543814e-03
5.258635246746002e-02 1.141249297605043e-01 1.052980711451264e-03
5.273323344854430e-02 1.152982064405407e-01 1.049676259923628e-03
5.288011436041453e-02 1.182113276039189e-01 1.067845976908878e-03
5.302699520287798e-02 1.202757875027866e-01 1.058049893167425e-03
5.317387597574186e-02 1.192189502895424e-01 1.060718429058604e-03
5.332075667881350e-02 1.215461201771936e-01 1.065734098250876e-03
5.346763731190016e-02 1.253203500855159e-01 1.068902547528340e-03
5.361451787480907e-02 1.267770247973880e-01 1.084728523324493e-03
5.376139836734754e-02 1.254797511023306e-01 1.068668793956266e-03
5.390827878932278e-02 1.282916208774531e-01 1.073671035023673e-03
5.405515914054214e-02 1.302361222514726e-01 1.085721627251212e-03
5.420203942081284e-02 1.319826664243562e-01 1.082697098291685e-03
5.434891962994216e-02 1.316900211488982e-01 1.100423961806512e-03
5.449579976773735e-02 1.341120419513792e-01 1.075248513852217e-03
5.464267983400574e-02 1.360855421232281e-01 1.100100910941542e-03
5.478955982855453e-02 1.387535740603653e-01 1.105315129772757e-03
5.493643975119106e-02 1.369984480676231e-01 1.094946004745272e-03
5.508331960172257e-02 1.388478737054124e-01 1.101614421767561e-03
5.523019937995633e-02 1.436833685080291e-01 1.106865383255620e-03
5.537707908569962e-02 1.429808377444466e-01 1.118575112702717e-03
5.552395871875969e-02 1.453348993689357e-01 1.120580841904271e-03
5.567083827894388e-02 1.473525038134070e-01 1.117247800770338e-03
5.581771776605941e-02 1.474433242040506e-01 1.121953474304154e-03
5.596459717991355e-02 1.470011842749592e-01 1.119168017892660e-03
5.611147652031365e-02 1.505703158619096e-01 1.129924828974788e-03
5.625835578706691e-02 1.504890603119611e-01 1.134128281187843e-03
5.640523497998061e-02 1.542654790115174e-01 1.124964083778079e-03
5.655211409886209e-02 1.537404511946730e-01 1.136961116054992e-03
5.669899314351858e-02 1.542404769059516e-01 1.137017094882176e-03
5.684587211375740e-02 1.565555124863071e-01 1.134231356436621e-03
5.699275100938578e-02 1.574101453483234e-01 1.142079719792208e-03
5.713962983021098e-02 1.602068993380124e-01 1.141938304986657e-03
5.728650857604041e-02 1.630010248409579e-01 1.149556260045579e-03
5.743338724668124e-02 1.639526479066393e-01 1.150067843358692e-03
5.758026584194079e-02 1.664911852250869e-01 1.155203199676778e-03
5.772714436162631e-02 1.656330837333487e-01 1.165093947034833e-03
5.787402280554513e-02 1.661958497902419e-01 1.158278839587967e-03
5.802090117350451e-02 1.671367390456586e-01 1.162796289685088e-03
5.816777946531173e-02 1.687534432314534e-01 1.158285219952737e-03
5.831465768077408e-02 1.705084938469399e-01 1.161246101193431e-03
5.846153581969887e-02 1.725769959350146e-01 1.173027921725543e-03
5.860841388189336e-02 1.733605816256986e-01 1.171147068176951e-03
5.875529186716485e-02 1.740310307865876e-01 1.176661751428461e-03
5.890216977532061e-02 1.752719079413234e-01 1.171414069887683e-03
5.904904760616795e-02 1.771465215393375e-01 1.178358648447793e-03
5.919592535951414e-02 1.790380887684521e-01 1.178533327505123e-03
5.934280303516650e-02 1.810350362489455e-01 1.188997235452283e-03
5.948968063293228e-02 1.830428704467992e-01 1.180966662238671e-03
5.963655815261879e-02 1.809703933741592e-01 1.193115769770236e-03
5.978343559403334e-02 1.838972411490227e-01 1.216505138969581e-03
5.993031295698319e-02 1.833533825473030e-01 1.222006529386855e-03
6.007719024127564e-02 1.845675437825848e-01 1.238940295810256e-03
6.022406744671802e-02 1.861874352626013e-01 1.253993392487128e-03
6.037094457311754e-02 1.858868077092806e-01 1.268348110506935e-03
6.051782162028158e-02 1.890397923071233e-01 1.278588661228959e-03
6.066469858801743e-02 1.885768152986823e-01 1.280209773829457e-03
6.081157547613233e-02 1.858819653894974e-01 1.289219394728358e-03
6.095845228443361e-02 1.931034938482963e-01 1.306615533610522e-03
6.110532901272856e-02 1.894868384282630e-01 1.315307811408378e-03
6.125220566082447e-02 1.926104887973335e-01 1.321247476832708e-03
6.139908222852867e-02 1.897235046182133e-01 1.316865017743436e-03
6.154595871564840e-02 1.921768120319511e-01 1.340848718856331e-03
6.169283512199103e-02 1.916622388442764e-01 1.331213766714429e-03
6.183971144736379e-02 1.955746226533354e-01 1.354356301583892e-03
6.198658769157404e-02 1.951113575344590e-01 1.342737726818673e-03
6.213346385442904e-02 1.957582451229061e-01 1.370901817657433e-03
6.228033993573612e-02 1.938874825276283e-01 1.362755915226412e-03
6.242721593530259e-02 1.958914776065324e-01 1.370039998012955e-03
6.257409185293569e-02 1.968431291188820e-01 1.351187227212552e-03
6.272096768844279e-02 1.945321523729049e-01 1.324546351138806e-03
6.286784344163118e-02 1.974373661830508e-01 1.312852930849920e-03
6.301471911230812e-02 1.973196995274599e-01 1.311170822965117e-03
6.316159470028096e-02 1.979754537955857e-01 1.294862498061142e-03
6.330847020535701e-02 1.972575044572197e-01 1.302594726446774e-03
6.345534562734356e-02 1.966476504749018e-01 1.287311266175995e-03
6.360222096604792e-02 1.971701707672638e-01 1.289653796780397e-03
6.374909622127738e-02 1.983126051625121e-01 1.278449240497887e-03
6.389597139283930e-02 1.972466796779276e-01 1.279481929005405e-03
6.404284648054094e-02 1.972559746724803e-01 1.282491579444235e-03
6.418972148418961e-02 1.970406116148225e-01 1.260637264691682e-03
6.433659640359266e-02 1.952782769671620e-01 1.270599171857633e-03
6.448347123855734e-02 2.006619374868653e-01 1.260929776441818e-03
6.463034598889104e-02 1.942933303068763e-01 1.258727228661111e-03
6.477722065440102e-02 1.983402247425701e-01 1.265612591061961e-03
6.492409523489458e-02 1.980131527426372e-01 1.256726679062977e-03
6.507096973017908e-02 1.972666752548053e-01 1.255813535537801e-03
6.521784414006179e-02 1.964387039467745e-01 1.248937731487634e-03
6.536471846435006e-02 1.963348483282581e-01 1.246670670782989e-03
6.551159270285120e-02 1.977215820623789e-01 1.252716850996818e-03
6.565846685537249e-02 1.947960274938293e-01 1.231986077671587e-03
6.580534092172129e-02 1.948332756899404e-01 1.243323025619785e-03
6.595221490170489e-02 1.957773570878672e-01 1.234037738693800e-03
6.609908879513064e-02 1.957712558570097e-01 1.235078917019835e-03
6.624596260180583e-02 1.933683088677978e-01 1.223503256649540e-03
6.639283632153778e-02 1.936415148997613e-01 1.224436621933702e-03
6.653970995413383e-02 1.933275409628741e-01 1.242742604035443e-03
6.668658349940126e-02 1.922265073593895e-01 1.211992391581848e-03
6.683345695714746e-02 1.924108272327282e-01 1.220073902129301e-03
6.698033032717969e-02 1.920443412338605e-01 1.214415685173165e-03
6.712720360930530e-02 1.908267904983759e-01 1.215962960541739e-03
6.727407680333160e-02 1.910072179416812e-01 1.210709339268337e-03
6.742094990906593e-02 1.901502384695019e-01 1.209686874156915e-03
6.756782292631559e-02 1.885983558277790e-01 1.203050316195108e-03
6.771469585488793e-02 1.870188199985878e-01 1.194025621598169e-03
6.786156869459029e-02 1.871424953985327e-01 1.201011261028159e-03
6.800844144522995e-02 1.883309007215168e-01 1.195787370457936e-03
6.815531410661428e-02 1.879711493516890e-01 1.199816017167554e-03
6.830218667855054e-02 1.853924596528425e-01 1.192385728010267e-03
6.844905916084618e-02 1.832999883087961e-01 1.186393638757591e-03
6.859593155330840e-02 1.841093944233488e-01 1.184568665132313e-03
6.874280385574461e-02 1.822874849876955e-01 1.171430216338561e-03
6.888967606796213e-02 1.827440391667245e-01 1.183889167184009e-03
6.903654818976826e-02 1.816274724266870e-01 1.165861115370119e-03
6.918342022097036e-02 1.820611485897798e-01 1.168748790315866e-03
6.933029216137575e-02 1.811462486575525e-01 1.175212978470756e-03
6.947716401079176e-02 1.789284851299503e-01 1.152407261420496e-03
6.962403576902575e-02 1.784758369356730e-01 1.167431277534311e-03
6.977090743588503e-02 1.784007801133622e-01 1.154979952727077e-03
6.991777901117695e-02 1.777955113444868e-01 1.152900350537330e-03
7.006465049470884e-02 1.758450176672679e-01 1.149826811648595e-03
7.021152188628801e-02 1.751104472597087e-01 1.146911155605969e-03
7.035839318572186e-02 1.744496483513653e-01 1.147506056582732e-03
7.050526439281767e-02 1.753581267410092e-01 1.138207417462598e-03
7.065213550738278e-02 1.734279255330030e-01 1.136781390982917e-03
7.079900652922456e-02 1.724880733556091e-01 1.140197994372101e-03
7.094587745815036e-02 1.693286068879367e-01 1.118008234743212e-03
7.109274829396750e-02 1.723424085259422e-01 1.138859764754065e-03
7.123961903648333e-02 1.708956476004099e-01 1.116098547775924e-03
7.138648968550515e-02 1.699368328738625e-01 1.126869441863126e-03
7.153336024084035e-02 1.682841777209519e-01 1.127296582952130e-03
7.168023070229627e-02 1.688233285750242e-01 1.110079926095008e-03
7.182710106968025e-02 1.661864658664692e-01 1.119590716690208e-03
7.197397134279965e-02 1.666183249654016e-01 1.103398525537047e-03
7.212084152146177e-02 1.655706834236249e-01 1.111079400598039e-03
7.226771160547400e-02 1.633411402206863e-01 1.106041599757959e-03
7.241458159464363e-02 1.637223608573467e-01 1.099645977619012e-03
7.256145148877813e-02 1.598137508345124e-01 1.095893159564653e-03
7.270832128768472e-02 1.610401475234827e-01 1.091101104445880e-03
7.285519099117078e-02 1.608948607907896e-01 1.091956859868337e-03
7.300206059904372e-02 1.594747801410295e-01 1.089017784308096e-03
7.314893011111082e-02 1.580521918380775e-01 1.076050584768094e-03
7.329579952717949e-02 1.582329213337383e-01 1.083728450544407e-03
7.344266884705702e-02 1.555857243458427e-01 1.071123348170610e-03
7.358953807055085e-02 1.555816533308994e-01 1.075313797649229e-03
7.373640719746824e-02 1.555726541860424e-01 1.061749416256582e-03
7.388327622761658e-02 1.540878324450241e-01 1.062220002896241e-03
7.403014516080324e-02 1.536888858683170e-01 1.059608204270166e-03
7.417701399683559e-02 1.540752029756258e-01 1.064910482858180e-03
7.432388273552094e-02 1.508692415857414e-01 1.054372114215623e-03
7.447075137666670e-02 1.500096500796608e-01 1.037452409264793e-03
7.461761992008017e-02 1.498118445855571e-01 1.048473430450296e-03
7.476448836556873e-02 1.483468270463335e-01 1.030063030398702e-03
7.491135671293978e-02 1.501265554307931e-01 1.043658424549134e-03
7.505822496200062e-02 1.497598422363339e-01 1.034157822622229e-03
7.520509311255867e-02 1.481089589049292e-01 1.033162371899640e-03
7.535196116442125e-02 1.453159064907276e-01 1.031267114744082e-03
7.549882911739574e-02 1.447045186135726e-01 1.023460997560982e-03
7.564569697128951e-02 1.427524427186716e-01 1.022191166464716e-03
7.579256472590988e-02 1.428418806138776e-01 1.015695648551169e-03
7.593943238106428e-02 1.422340815503589e-01 1.016296601509028e-03
7.608629993656001e-02 1.422749446450561e-01 1.017437823264691e-03
7.623316739220451e-02 1.420852231117594e-01 1.003455891477852e-03
7.638003474780510e-02 1.414569541775205e-01 1.009339537541709e-03
7.652690200316913e-02 1.379993176591631e-01 1.006706210606371e-03
7.667376915810399e-02 1.400295403424500e-01 1.010164195307317e-03
7.682063621241707e-02 1.384630109682400e-01 1.007080345009280e-03
7.696750316591573e-02 1.391465709955435e-01 1.000988940735208e-03
7.711437001840733e-02 1.357371148034998e-01 1.000270691710127e-03
7.726123676969926e-02 1.355300560270286e-01 9.897224255004989e-04
7.740810341959885e-02 1.361038526899451e-01 9.941599866524001e-04
7.755496996791353e-02 1.368356163998028e-01 9.944125383403932e-04
7.770183641445062e-02 1.344589225527389e-01 9.892810435570508e-04
7.784870275901755e-02 1.337112007274902e-01 9.901912771949825e-04
7.799556900142161e-02 1.323931242238622e-01 9.782616949925527e-04
7.814243514147029e-02 1.326282348390086e-01 9.830582174716893e-04
7.828930117897089e-02 1.330218395046581e-01 9.800126528163990e-04
7.843616711373082e-02 1.320086429125915e-01 9.821125934570657e-04
7.858303294555745e-02 1.323999293521674e-01 9.810652698270513e-04
7.872989867425814e-02 1.278728556363139e-01 9.587127319563654e-04
7.887676429964030e-02 1.311305758416086e-01 9.696603499520697e-04
7.902362982151130e-02 1.280648313481325e-01 9.649636356603531e-04
7.917049523967849e-02 1.265694970880757e-01 9.645160409091218e-04
7.931736055394929e-02 1.280825469282966e-01 9.616066184254655e-04
7.946422576413109e-02 1.268749593452319e-01 9.580432891798680e-04
7.961109087003126e-02 1.248008306970735e-01 9.632397805356744e-04
7.975795587145719e-02 1.239040592860938e-01 9.472478843975242e-04
7.990482076821626e-02 1.256003803960856e-01 9.585975993513602e-04
8.005168556011584e-02 1.247515629159927e-01 9.510417362248149e-04
8.019855024696333e-02 1.233882340719641e-01 9.496549883481433e-04
8.034541482856614e-02 1.229868599094764e-01 9.502622065057272e-04
8.049227930473164e-02 1.197437006902393e-01 9.416892207463166e-04
8.063914367526719e-02 1.227866736012288e-01 9.445568033571557e-04
8.078600793998023e-02 1.198145062416059e-01 9.340562281699440e-04
8.093287209867814e-02 1.214229303207504e-01 9.408304598456396e-04
8.107973615116830e-02 1.205417843865379e-01 9.386267531342659e-04
8.122660009725811e-02 1.200145733903427e-01 9.246333331605929e-04
8.137346393675496e-02 1.198165203879663e-01 9.377516510288978e-04
8.152032766946624e-02 1.184290055332761e-01 9.279209167340027e-04
8.166719129519935e-02 1.170063854359125e-01 9.243660239583544e-04
8.181405481376169e-02 1.178278134626508e-01 9.232110415390498e-04
8.196091822496063e-02 1.171359355871061e-01 9.247000524409280e-04
8.210778152860361e-02 1.169636240567664e-01 9.306713656110651e-04
8.225464472449802e-02 1.154199391884059e-01 9.151556566116496e-04
8.240150781245126e-02 1.151005393745421e-01 9.198877141696131e-04
8.254837079227068e-02 1.151434912521247e-01 9.091361280564104e-04
8.269523366376372e-02 1.140681473651453e-01 9.191399708308845e-04
8.284209642673782e-02 1.145606375376281e-01 9.186159238888705e-04
8.298895908100032e-02 1.123153402174247e-01 9.112462135452861e-04
8.313582162635863e-02 1.128383768484114e-01 9.072259216521348e-04
8.328268406262020e-02 1.129071626941488e-01 9.030866820797980e-04
8.342954638959241e-02 1.108471797735519e-01 9.041410114251725e-04
8.357640860708263e-02 1.098592658623003e-01 9.007388728755851e-04
8.372327071489834e-02 1.099807511247387e-01 8.940547637736010e-04
8.387013271284686e-02 1.107286416636950e-01 9.029272371527781e-04
8.401699460073567e-02 1.105919534202246e-01 8.895409107811314e-04
8.416385637837218e-02 1.090558162239377e-01 8.943490433954878e-04
8.431071804556375e-02 1.088582877195807e-01 8.926829476022091e-04
8.445757960211780e-02 1.080855126637784e-01 8.900028527981458e-04
8.460444104784176e-02 1.083627101345765e-01 8.958445499509330e-04
8.475130238254304e-02 1.078217891111044e-01 8.853777001136812e-04
8.489816360602907e-02 1.061733438465182e-01 8.938208551397826e-04
8.504502471810724e-02 1.057772178024337e-01 8.776881841976733e-04
8.519188571858496e-02 1.064955513962978e-01 8.846697656353621e-04
8.533874660726967e-02 1.056323593832831e-01 8.813302697234845e-04
8.548560738396878e-02 1.051154361654134e-01 8.803362841738104e-04
8.563246804848969e-02 1.049483529610458e-01 8.768811044644697e-04
8.577932860063983e-02 1.034955384275887e-01 8.755866826463336e-04
8.592618904022660e-02 1.040984536314175e-01 8.724711399995988e-04
8.607304936705747e-02 1.052177739252067e-01 8.778408996053784e-04
8.621990958093982e-02 1.030488315746856e-01 8.640228041344374e-04
8.636676968168105e-02 1.014861958901653e-01 8.680195768744755e-04
8.651362966908867e-02 1.041504069183855e-01 8.737871945861738e-04
8.666048954297001e-02 1.013918597482543e-01 8.624336643191438e-04
8.680734930313255e-02 1.035976315878202e-01 8.691191970403922e-04
8.695420894938369e-02 1.013830827203217e-01 8.601078985621116e-04
8.710106848153085e-02 1.002969234768027e-01 8.644331688370915e-04
8.724792789938152e-02 1.013463840182869e-01 8.587834433384432e-04
8.739478720274303e-02 9.928919710483083e-02 8.555988769151706e-04
8.754164639142284e-02 1.001366088733080e-01 8.601419915037992e-04
8.768850546522844e-02 1.010135831589975e-01 8.580091666361711e-04
8.783536442396719e-02 1.002245991422959e-01 8.591880685673409e-04
8.798222326744658e-02 9.820409590402902e-02 8.523082193596953e-04
8.812908199547397e-02 9.791564936700260e-02 8.484495990847062e-04
8.827594060785686e-02 9.823979562133842e-02 8.556122244332033e-04
8.842279910440262e-02 9.776141644406151e-02 8.501942729917250e-04
8.856965748491875e-02 9.821390241330537e-02 8.485254760339152e-04
8.871651574921269e-02 9.767017890828633e-02 8.460245814892464e-04
8.886337389709180e-02 9.691145458938734e-02 8.474130929075312e-04
8.901023192836355e-02 9.791059405089439e-02 8.484609959598285e-04
8.915708984283539e-02 9.622625255764373e-02 8.442306124516009e-04
8.930394764031480e-02 9.577914109238091e-02 8.368125606723217e-04
8.945080532060913e-02 9.469834245245538e-02 8.425164716041872e-04
8.959766288352591e-02 9.751207656181612e-02 8.386465703241939e-04
8.974452032887251e-02 9.443099480472998e-02 8.364059268178685e-04
8.989137765645640e-02 9.492344343056894e-02 8.336524196233909e-04
9.003823486608507e-02 9.389272255228143e-02 8.260992254029321e-04
9.018509195756588e-02 9.490226343753201e-02 8.387650008279164e-04
9.033194893070630e-02 9.396435979243080e-02 8.260316091589852e-04
9.047880578531384e-02 9.353767431177910e-02 8.377603355594005e-04
9.062566252119587e-02 9.411291725206249e-02 8.276449366195280e-04
9.077251913815987e-02 9.259651701362900e-02 8.249377779627756e-04
9.091937563601328e-02 9.257898145692356e-02 8.302759494182465e-04
9.106623201456360e-02 9.271727894511989e-02 8.250572773167657e-04
9.121308827361818e-02 9.259050894013517e-02 8.230987320642513e-04
9.135994441298455e-02 9.169349336055790e-02 8.242159664408439e-04
9.150680043247014e-02 9.149409187485669e-02 8.159396176179863e-04
9.165365633188237e-02 9.189263141162951e-02 8.224908606297438e-04
9.180051211102878e-02 9.141146954632705e-02 8.150053884840486e-04
9.194736776971676e-02 9.102737927569374e-02 8.209529815159056e-04
9.209422330775377e-02 9.095437844684467e-02 8.206016815421479e-04
9.224107872494727e-02 9.134200638856060e-02 8.150513800305208e-04
9.238793402110473e-02 9.164932881146690e-02 8.181224196870831e-04
9.253478919603364e-02 8.950663736278180e-02 8.056257285892327e-04
9.268164424954135e-02 9.139226280920512e-02 8.184104948448067e-04
9.282849918143544e-02 8.905178187946709e-02 8.070829260675453e-04
9.297535399152332e-02 8.851311961537786e-02 8.073083166560546e-04
9.312220867961245e-02 8.817492479432440e-02 8.088356719010775e-04
9.326906324551029e-02 8.785598768704676e-02 8.011490102934135e-04
9.341591768902432e-02 8.874876111396696e-02 8.091091695538484e-04
9.356277200996202e-02 8.820187910126814e-02 8.067126941159028e-04
9.370962620813084e-02 8.794715107244509e-02 8.019207443027291e-04
9.385648028333822e-02 8.704922356208353e-02 8.058188964361884e-04
9.400333423539166e-02 8.968378610624843e-02 8.028796577318575e-04
9.415018806409861e-02 8.739394844245253e-02 8.037707964229291e-04
9.429704176926657e-02 8.762952519514035e-02 7.970453166596466e-04
9.444389535070297e-02 8.757541332026494e-02 7.969550749838173e-04
9.459074880821530e-02 8.743766980663402e-02 8.013850126494558e-04
9.473760214161106e-02 8.812607979853136e-02 8.020677482642174e-04
9.488445535069767e-02 8.596221230802734e-02 7.977297820009948e-04
9.503130843528265e-02 8.568833289456047e-02 7.912398084267676e-04
9.517816139517343e-02 8.575357470904744e-02 7.949890980043390e-04
9.532501423017756e-02 8.588191567724428e-02 7.894276122453136e-04
9.547186694010244e-02 8.509467951321080e-02 7.886711627872042e-04
9.561871952475558e-02 8.498417773668909e-02 7.901241991918373e-04
9.576557198394450e-02 8.423162548904486e-02 7.878503660903185e-04
9.591242431747660e-02 8.473530657505479e-02 7.898421411150269e-04
9.605927652515940e-02 8.568126300877832e-02 7.890315434423575e-04
9.620612860680040e-02 8.576457670522232e-02 7.850778554009184e-04
9.635298056220708e-02 8.521053315593280e-02 7.861199482213709e-04
9.649983239118688e-02 8.350014866632514e-02 7.862681644093154e-04
9.664668409354732e-02 8.476113554215572e-02 7.863253278155259e-04
9.679353566909588e-02 8.374743910129896e-02 7.799006574603803e-04
9.694038711764005e-02 8.270658727944079e-02 7.818682304831738e-04
9.708723843898734e-02 8.235841261583153e-02 7.761344278581447e-04
9.723408963294519e-02 8.494652231077610e-02 7.849317110540786e-04
9.738094069932111e-02 8.298301148070757e-02 7.803179992621149e-04
9.752779163792259e-02 8.465788871172635e-02 7.790663999340179e-04
9.767464244855714e-02 8.232750569274674e-02 7.779142651116534e-04
9.782149313103225e-02 8.157191443585085e-02 7.754194289223755e-04
9.796834368515536e-02 8.227534835545107e-02 7.764306049996299e-04
9.811519411073406e-02 8.178379070825065e-02 7.684013445582831e-04
9.826204440757576e-02 8.283728884314419e-02 7.756716050786377e-04
9.840889457548796e-02 8.198897723322703e-02 7.750228219265351e-04
9.855574461427828e-02 8.187401206578697e-02 7.692187306852368e-04
9.870259452375403e-02 8.204046266311575e-02 7.740112962448135e-04
9.884944430372282e-02 8.177554221747786e-02 7.667925252483685e-04
9.899629395399215e-02 8.106232988592497e-02 7.722497027674003e-04
9.914314347436951e-02 8.098520170245625e-02 7.710088081486768e-04
9.928999286466240e-02 8.052998622066719e-02 7.587962866571259e-04
9.943684212467831e-02 8.161307012262224e-02 7.740770954620445e-04
9.958369125422474e-02 7.988585151969142e-02 7.639595834405182e-04
9.973054025310922e-02 8.042820334565383e-02 7.672516388939293e-04
9.987738912113926e-02 8.157605037936315e-02 7.671313401642197e-04
1.000242378581224e-01 8.111485154054263e-02 7.638290480165824e-04
1.001710864638660e-01 7.925256121464588e-02 7.789641352766311e-04
1.003179349381778e-01 8.062808638668896e-02 7.859096986777615e-04
1.004647832808650e-01 7.814003806749512e-02 7.938487504718351e-04
1.006116314917355e-01 7.946212457229858e-02 7.956173340785611e-04
1.007584795705964e-01 7.996592090721046e-02 8.045496691513811e-04
1.009053275172555e-01 7.881614879618837e-02 8.141782609437668e-04
1.010521753315203e-01 7.980650875785406e-02 8.114815908880259e-04
1.011990230131982e-01 7.937823308177219e-02 8.133440339329785e-04
1.013458705620967e-01 7.962522029478628e-02 8.208942139475091e-04
1.014927179780235e-01 7.892244201719330e-02 8.263393300752040e-04
1.016395652607859e-01 7.742428685784296e-02 8.306004817727398e-04
1.017864124101916e-01 7.877007300750453e-02 8.186481140051161e-04
1.019332594260479e-01 7.764385414340998e-02 8.323767290816767e-04
1.020801063081626e-01 7.859342385706820e-02 8.318648904840880e-04
1.022269530563430e-01 7.829754218523023e-02 8.434347912777957e-04
1.023737996703967e-01 7.760061688433346e-02 8.377782893341023e-04
1.025206461501313e-01 7.779738133929984e-02 8.348355150574715e-04
1.026674924953542e-01 7.813939458500849e-02 8.489802860145519e-04
1.028143387058730e-01 7.640064761351459e-02 8.475221012966791e-04
1.029611847814952e-01 7.704444289864759e-02 8.262540866786111e-04
1.031080307220284e-01 7.702664005981229e-02 8.187753043462121e-04
1.032548765272800e-01 7.804806121022571e-02 8.184062486185537e-04
1.034017221970575e-01 7.732573904263224e-02 8.118739568491421e-04
1.035485677311687e-01 7.782802852042515e-02 8.036295714383712e-04
1.036954131294208e-01 7.745907370922141e-02 8.018012945166020e-04
1.038422583916216e-01 7.653901312106139e-02 7.995911888390328e-04
1.039891035175785e-01 7.659979231533515e-02 7.935648503216190e-04
1.041359485070990e-01 7.614744642569092e-02 7.944366598495925e-04
1.042827933599908e-01 7.565206559685983e-02 7.817861283063297e-04
1.044296380760613e-01 7.584224897552648e-02 7.869328716804503e-04
1.045764826551180e-01 7.693111250984175e-02 7.884984456274205e-04
1.047233270969686e-01 7.582367341799083e-02 7.840407641814162e-04
1.048701714014205e-01 7.536217736057209e-02 7.737424210403637e-04
1.050170155682814e-01 7.461869786894575e-02 7.792138405993273e-04
1.051638595973586e-01 7.587783447396065e-02 7.796836530291026e-04
1.053107034884598e-01 7.612478181247852e-02 7.767524146062938e-04
1.054575472413926e-01 7.504472970821124e-02 7.728138110867436e-04
1.056043908559644e-01 7.516306641939136e-02 7.694045336040386e-04
1.057512343319829e-01 7.612442191842889e-02 7.775349939041555e-04
1.058980776692555e-01 7.598596963338529e-02 7.691278249200526e-04
1.060449208675899e-01 7.461830757341260e-02 7.665794593550001e-04
1.061917639267934e-01 7.499437911766393e-02 7.625105559280793e-04
1.063386068466738e-01 7.591260672014138e-02 7.675730009744273e-04
1.064854496270386e-01 7.546202506107488e-02 7.689461126332305e-04
1.066322922676953e-01 7.590674076596447e-02 7.613877016005569e-04
1.067791347684515e-01 7.417033349874777e-02 7.600781658506296e-04
1.069259771291147e-01 7.428164648589809e-02 7.627330442733507e-04
1.070728193494925e-01 7.311591799432979e-02 7.541284512447011e-04
1.072196614293924e-01 7.347573574760320e-02 7.585944562849368e-04
1.073665033686221e-01 7.414715565318142e-02 7.510524196785020e-04
1.075133451669889e-01 7.356103419901901e-02 7.534790115647668e-04
1.076601868243007e-01 7.316823527874849e-02 7.576578480970718e-04
1.078070283403648e-01 7.332757719909756e-02 7.502393553761951e-04
1.079538697149888e-01 7.286944191303329e-02 7.507804051589145e-04
1.081007109479804e-01 7.320914308052157e-02 7.454523756116982e-04
1.082475520391470e-01 7.084345226099731e-02 7.481869952426861e-04
1.083943929882962e-01 7.295026897422925e-02 7.485463531193660e-04
1.085412337952357e-01 7.319134833412000e-02 7.407862377886835e-04
1.086880744597730e-01 7.192050147163415e-02 7.498487646703244e-04
1.088349149817155e-01 7.278590139259873e-02 7.371582319201149e-04
1.089817553608711e-01 7.128810561139917e-02 7.438497288830088e-04
1.091285955970470e-01 7.234389203993431e-02 7.414155713754115e-04
1.092754356900511e-01 7.099937771090328e-02 7.334322905969865e-04
1.094222756396908e-01 7.181961087631998e-02 7.400807837829488e-04
1.095691154457736e-01 7.309787777427437e-02 7.315902542988280e-04
1.097159551081073e-01 7.199948617566253e-02 7.338080306383707e-04
1.098627946264993e-01 7.142316468030437e-02 7.267653467211527e-04
1.100096340007572e-01 7.134339288494114e-02 7.310242957743932e-04
1.101564732306887e-01 7.050043426666289e-02 7.298478797768409e-04
1.103033123161012e-01 7.093107017259187e-02 7.245009156017052e-04
1.104501512568025e-01 7.189868148183744e-02 7.311200824772300e-04
1.105969900525999e-01 7.141922450123965e-02 7.183238270790094e-04
1.107438287033013e-01 7.026579364806156e-02 7.256005676797145e-04
1.108906672087140e-01 7.003136486806896e-02 7.231072417885604e-04
1.110375055686457e-01 7.087315450812996e-02 7.318850495378789e-04
1.111843437829041e-01 7.037108786501162e-02 7.437938232812254e-04
1.113311818512966e-01 6.984315767695447e-02 7.438743109981505e-04
1.114780197736309e-01 7.114860040125333e-02 7.608383709954641e-04
1.116248575497145e-01 6.992455897835997e-02 7.577493200329768e-04
1.117716951793551e-01 6.992695606426345e-02 7.625862922440550e-04
1.119185326623603e-01 7.028782620707741e-02 7.737191408362172e-04
1.120653699985375e-01 7.132734604130216e-02 7.713350680373912e-04
1.122122071876945e-01 6.985451752505806e-02 7.762331497649116e-04
1.123590442296388e-01 6.930427987806356e-02 7.714952856100894e-04
1.125058811241781e-01 6.727344312021777e-02 7.791145994950714e-04
1.126527178711198e-01 6.953836516153021e-02 7.857609344218828e-04
1.127995544702717e-01 6.818132862067051e-02 7.780472689790354e-04
1.129463909214413e-01 6.875465434647460e-02 7.827242017672930e-04
1.130932272244362e-01 6.807970427163085e-02 7.716081134821631e-04
1.132400633790640e-01 6.863254764697718e-02 7.773682678699277e-04
1.133868993851323e-01 7.001637674484761e-02 7.767455140859663e-04
1.135337352424488e-01 6.720837321471207e-02 7.788958637887120e-04
1.136805709508210e-01 6.731825324785520e-02 7.840359794728999e-04
1.138274065100565e-01 6.758965101645775e-02 7.735504795718801e-04
1.139742419199631e-01 6.899628623754113e-02 7.841574901493149e-04
1.141210771803480e-01 6.692104935455108e-02 7.760542306726287e-04
1.142679122910192e-01 6.731159451387202e-02 7.824682439752902e-04
1.144147472517842e-01 6.714612195528685e-02 7.834843339182724e-04
1.145615820624505e-01 6.777062877600838e-02 7.797176064505694e-04
1.147084167228259e-01 6.716287798459331e-02 7.862939157099533e-04
1.148552512327178e-01 6.546528016156483e-02 7.723677507165381e-04
1.150020855919340e-01 6.797569886694954e-02 7.836981040951584e-04
1.151489198002821e-01 6.560785630983629e-02 7.838151875445477e-04
1.152957538575695e-01 6.810259683167086e-02 7.871389328822330e-04
1.154425877636041e-01 6.624114406769632e-02 7.859812646637146e-04
1.155894215181933e-01 6.637302906925450e-02 7.740161623663155e-04
1.157362551211449e-01 6.593614248929830e-02 7.859084678773438e-04
1.158830885722664e-01 6.595105524578854e-02 7.891323877312467e-04
1.160299218713654e-01 6.424543393033139e-02 7.815777911640606e-04
1.161767550182498e-01 6.479134981052308e-02 7.881357578462953e-04
1.163235880127268e-01 6.637960719361957e-02 7.808882030122527e-04
1.164704208546044e-01 6.481365599900793e-02 7.870963945798495e-04
1.166172535436900e-01 6.467484677148276e-02 7.834657605582043e-04
1.167640860797913e-01 6.439604829830656e-02 7.790443707618444e-04
1.169109184627159e-01 6.569975520737587e-02 7.873997643951263e-04
1.170577506922715e-01 6.395212513400902e-02 7.831450971893649e-04
1.172045827682657e-01 6.531637026292375e-02 7.903471560769244e-04
1.173514146905061e-01 6.320486235070062e-02 7.778916820364352e-04
1.174982464588003e-01 6.672927686185898e-02 7.891450085741263e-04
1.176450780729561e-01 6.434316761734757e-02 7.901258789731511e-04
1.177919095327811e-01 6.437539208707818e-02 7.906774695614767e-04
1.179387408380827e-01 6.493531426627500e-02 7.886999387413414e-04
1.180855719886688e-01 6.380490560242010e-02 7.846496673452552e-04
1.182324029843469e-01 6.485173568379522e-02 7.955795948135782e-04
1.183792338249248e-01 6.433146255635040e-02 7.909412067004711e-04
1.185260645102099e-01 6.273391405618702e-02 7.828902973373221e-04
1.186728950400101e-01 6.459893515151946e-02 7.853819593445868e-04
1.188197254141328e-01 6.230462843153058e-02 7.849305754237196e-04
1.189665556323859e-01 6.321114724121428e-02 7.961680967436895e-04
1.191133856945769e-01 6.254537312754838e-02 7.831562626001788e-04
1.192602156005134e-01 6.259447547236828e-02 7.868100756258064e-04
1.194070453500032e-01 6.203746780874333e-02 7.825020691460017e-04
1.195538749428538e-01 6.311300264996758e-02 7.872828465391624e-04
1.197007043788729e-01 6.254859087942163e-02 7.926426678070067e-04
1.198475336578682e-01 6.224826510533962e-02 7.793275826881223e-04
1.199943627796474e-01 6.355140234924339e-02 7.967712080585879e-04
1.201411917440180e-01 6.213028602579496e-02 7.831661539547883e-04
1.202880205507879e-01 6.213069451081740e-02 7.891406430149154e-04
1.204348491997644e-01 6.148297769485075e-02 7.844132395757802e-04
1.205816776907555e-01 6.076247866585670e-02 7.816326717122890e-04
1.207285060235687e-01 6.256348169777962e-02 7.954255446945989e-04
1.208753341980116e-01 6.077508284719566e-02 7.848401104401992e-04
1.210221622138920e-01 6.176586792097383e-02 7.855639507700562e-04
1.211689900710175e-01 5.985241981401298e-02 7.747654438101656e-04
1.213158177691958e-01 6.061426901003838e-02 7.856406539606497e-04
1.214626453082345e-01 5.933088277034138e-02 7.870824632976056e-04
1.216094726879414e-01 6.116372112031989e-02 7.834191346842483e-04
1.217562999081240e-01 6.080087399056373e-02 7.854722413713434e-04
1.219031269685900e-01 5.981221108307243e-02 7.823213967857118e-04
1.220499538691473e-01 6.067185194304511e-02 7.897451180307691e-04
1.221967806096032e-01 6.002633258869833e-02 7.877942944442128e-04
1.223436071897657e-01 5.947922413840918e-02 7.719093145420163e-04
1.224904336094423e-01 6.052993909028886e-02 7.919919856218048e-04
1.226372598684407e-01 5.880026951722050e-02 7.826728574692623e-04
1.227840859665686e-01 5.862251604997108e-02 7.887539806875653e-04
1.229309119036337e-01 5.828530751145797e-02 7.778352222650897e-04
1.230777376794436e-01 5.923289252061193e-02 7.790342262552488e-04
1.232245632938061e-01 5.851633108322876e-02 7.899414052357158e-04
1.233713887465287e-01 5.896795168602836e-02 7.731149198741370e-04
1.235182140374194e-01 5.861289055377637e-02 7.859341027717634e-04
1.236650391662856e-01 5.858748219384114e-02 7.832289875632258e-04
1.238118641329350e-01 5.774611971191723e-02 7.804226154891581e-04
1.239586889371753e-01 5.710104099222203e-02 7.873802482204487e-04
1.241055135788144e-01 5.585568243184066e-02 7.737459342173409e-04
1.242523380576598e-01 5.772096885842594e-02 7.849461702766248e-04
1.243991623735193e-01 5.778056680038721e-02 7.798214503580000e-04
1.245459865262004e-01 5.826673917423481e-02 7.843124833782193e-04
1.246928105155109e-01 5.692889361844592e-02 7.812134336443222e-04
1.248396343412586e-01 5.633893123477759e-02 7.749709723271055e-04
1.249864580032510e-01 5.710143665954359e-02 7.805854369965341e-04
1.251332815012960e-01 5.622061532104799e-02 7.787318418035874e-04
1.252801048352011e-01 5.664067651187181e-02 7.818033430816202e-04
1.254269280047742e-01 5.536828692731165e-02 7.780795034826253e-04
1.255737510098228e-01 5.587164472824746e-02 7.774434167478650e-04
1.257205738501548e-01 5.586595487390653e-02 7.839533440085999e-04
1.258673965255777e-01 5.536061171423239e-02 7.771649097822134e-04
1.260142190358993e-01 5.443400771341316e-02 7.756694450012770e-04
1.261610413809274e-01 5.386855254839827e-02 7.752832887009377e-04
1.263078635604696e-01 5.621213282721475e-02 7.753050661831860e-04
1.264546855743336e-01 5.557513053529443e-02 7.833872308827405e-04
1.266015074223272e-01 5.517641639236397e-02 7.686046256673034e-04
1.267483291042580e-01 5.368946688224543e-02 7.693489778778062e-04
1.268951506199338e-01 5.387012844896960e-02 7.641782318819895e-04
1.270419719691622e-01 5.515668805524057e-02 7.760710299253071e-04
1.271887931517510e-01 5.422266298463502e-02 7.644532800474846e-04
1.273356141675080e-01 5.396285271118608e-02 7.681481639460431e-04
1.274824350162407e-01 5.328424982271903e-02 7.639743704668964e-04
1.276292556977570e-01 5.429048116897182e-02 7.671032657182625e-04
1.277760762118645e-01 5.287129667627953e-02 7.700207544556577e-04
1.279228965583711e-01 5.301798878893773e-02 7.608350696803834e-04
1.280697167370843e-01 5.296522011290299e-02 7.678388476096387e-04
1.282165367478119e-01 5.167762463583942e-02 7.651673460924460e-04
1.283633565903617e-01 5.371753786556556e-02 7.593231856530459e-04
1.285101762645414e-01 5.224254694955813e-02 7.642803326721562e-04
1.286569957701586e-01 5.215410019204673e-02 7.565284514829026e-04
1.288038151070212e-01 5.354301816708481e-02 7.658874889208025e-04
1.289506342749369e-01 5.209225335776033e-02 7.619068492799735e-04
1.290974532737133e-01 5.251780637012847e-02 7.600699037222121e-04
1.292442721031583e-01 5.199037289852747e-02 7.642116722836889e-04
1.293910907630794e-01 5.241959971257115e-02 7.602245190465211e-04
1.295379092532846e-01 5.185595067553302e-02 7.625420787736181e-04
1.296847275735815e-01 5.046014801979210e-02 7.567403700603533e-04
1.298315457237779e-01 5.208091616307622e-02 7.623386293490272e-04
1.299783637036815e-01 5.084921915090378e-02 7.680442637747077e-04
1.301251815131000e-01 5.057096893290811e-02 7.520823456459494e-04
1.302719991518412e-01 5.124152342401788e-02 7.630431175845361e-04
1.304188166197129e-01 5.034661923909250e-02 7.563773929977943e-04
1.305656339165226e-01 4.927821070240799e-02 7.623115745957789e-04
1.307124510420783e-01 5.047487028578382e-02 7.598379092835044e-04
1.308592679961877e-01 4.962052825291624e-02 7.579154353193616e-04
1.310060847786584e-01 4.929251176412901e-02 7.538063413418270e-04
1.311529013892983e-01 4.760369863155237e-02 7.500590919360124e-04
1.312997178279152e-01 4.901850938838880e-02 7.581919692417026e-04
1.314465340943166e-01 5.006855948754865e-02 7.575487747608007e-04
1.315933501883105e-01 4.896980104375537e-02 7.477751149557282e-04
1.317401661097045e-01 5.113163985621372e-02 7.621746113661074e-04
1.318869818583065e-01 4.965432907020102e-02 7.594147525625796e-04
1.320337974339242e-01 4.861083259451449e-02 7.589874038325180e-04
1.321806128363652e-01 4.817346406882570e-02 7.523363745003080e-04
1.323274280654375e-01 4.732418255642937e-02 7.514880947752324e-04
1.324742431209487e-01 4.907886546608702e-02 7.641007759650946e-04
1.326210580027065e-01 4.828016271036598e-02 7.489886380023657e-04
1.327678727105190e-01 4.841698966149977e-02 7.556308140775193e-04
1.329146872441935e-01 4.703833748148172e-02 7.477092072976564e-04
1.330615016035382e-01 4.816671649883551e-02 7.530999221146642e-04
1.332083157883606e-01 4.785167986600636e-02 7.498326751689104e-04
1.333551297984685e-01 4.834068212426516e-02 7.554028808652048e-04
1.335019436336697e-01 4.588040097313423e-02 7.499106988104116e-04
1.336487572937721e-01 4.669115294666408e-02 7.490321298224305e-04
1.337955707785833e-01 4.581556801139734e-02 7.551832554012710e-04
1.339423840879111e-01 4.532834281294783e-02 7.504916658332390e-04
1.340891972215633e-01 4.622200127954563e-02 7.447888229091730e-04
1.342360101793477e-01 4.738720261876765e-02 7.515920260389329e-04
1.343828229610720e-01 4.641268563198121e-02 7.399496016374284e-04
1.345296355665440e-01 4.693458520070935e-02 7.554702402786306e-04
1.346764479955716e-01 4.612471667022451e-02 7.455293470541103e-04
1.348232602479625e-01 4.526281186929208e-02 7.487809637768221e-04
1.349700723235245e-01 4.459798953612649e-02 7.443734549498038e-04
1.351168842220653e-01 4.575621450795982e-02 7.422307497920071e-04
1.352636959433928e-01 4.578877483016756e-02 7.481543794827846e-04
1.354105074873147e-01 4.562060335446256e-02 7.374819935189919e-04
1.355573188536388e-01 4.369387637577705e-02 7.460717257879631e-04
1.357041300421729e-01 4.435795061424005e-02 7.432061366447739e-04
1.358509410527249e-01 4.387707832281378e-02 7.455049444169118e-04
1.359977518851024e-01 4.152154888065947e-02 7.392455464951962e-04
1.361445625391133e-01 4.481787276397488e-02 7.388840883762144e-04
1.362913730145654e-01 4.450256287268914e-02 7.442973975034609e-04
1.364381833112665e-01 4.494222758231567e-02 7.406637021117247e-04
1.365849934290243e-01 4.300890187165929e-02 7.383912027644661e-04
1.367318033676468e-01 4.269998461132767e-02 7.461871462214121e-04
1.368786131269416e-01 4.268349536422669e-02 7.339968356823067e-04
1.370254227067166e-01 4.400630007733108e-02 7.431709153505044e-04
1.371722321067795e-01 4.258891983503284e-02 7.320838828957447e-04
1.373190413269383e-01 4.312552466394802e-02 7.390835299089249e-04
1.374658503670007e-01 4.232758589456284e-02 7.414297426266436e-04
1.376126592267744e-01 4.213397019723579e-02 7.367803555096710e-04
1.377594679060673e-01 4.096468180919767e-02 7.428175448020689e-04
1.379062764046873e-01 4.248838373766903e-02 7.327979413102364e-04
1.380530847224421e-01 4.181619357972029e-02 7.407262291012353e-04
1.381998928591395e-01 4.069874513047523e-02 7.399898219174697e-04
1.383467008145873e-01 4.215267276697461e-02 7.365457863724317e-04
1.384935085885935e-01 4.288920273375389e-02 7.451403058404182e-04
1.386403161809657e-01 4.139450793453957e-02 7.274204094529090e-04
1.387871235915119e-01 4.074879747522837e-02 7.345670703936727e-04
1.389339308200397e-01 4.056985767431289e-02 7.343402173561059e-04
1.390807378663571e-01 4.022497239873972e-02 7.286537792046384e-04
1.392275447302719e-01 4.096783430634447e-02 7.374627807930462e-04
1.393743514115918e-01 4.108943704609946e-02 7.316126355283193e-04
1.395211579101248e-01 3.988732816894830e-02 7.379691082140469e-04
1.396679642256785e-01 3.888647338923350e-02 7.304642001941630e-04
1.398147703580609e-01 3.984639904200540e-02 7.296491580321417e-04
1.399615763070799e-01 4.007344567540937e-02 7.346668458775806e-04
1.401083820725432e-01 3.901452081720874e-02 7.339981273965594e-04
1.402551876542587e-01 3.881317165004466e-02 7.349206948149982e-04
1.404019930520340e-01 3.890055575255560e-02 7.300738561966091e-04
1.405487982656773e-01 3.835967289428001e-02 7.332023073351399e-04
1.406956032949962e-01 3.839827839216159e-02 7.514201478172104e-04
1.408424081397986e-01 3.875634102471816e-02 7.697145338768136e-04
1.409892127998923e-01 3.790679818445262e-02 7.741970235312898e-04
1.411360172750852e-01 3.753231781825842e-02 7.865259671694624e-04
1.412828215651852e-01 3.932779859587552e-02 8.025789098094277e-04
1.414296256699999e-01 3.862434127342580e-02 7.961801576677304e-04
1.415764295893374e-01 3.854461891153909e-02 8.130122068864362e-04
1.417232333230055e-01 3.755744334315884e-02 8.087681424013172e-04
1.418700368708119e-01 3.829930053248416e-02 8.299396011095492e-04
1.420168402325645e-01 3.707483802299981e-02 8.368673901914863e-04
1.421636434080713e-01 3.844985348585864e-02 8.351633218538069e-04
1.423104463971400e-01 3.639464891149740e-02 8.473614219355236e-04
1.424572491995785e-01 3.767537299888185e-02 8.548290649440677e-04
1.426040518151946e-01 3.418732019265952e-02 8.557846620086169e-04
1.427508542437963e-01 3.661009816819034e-02 8.554422456318609e-04
1.428976564851913e-01 3.632980387453252e-02 8.699347321478027e-04
1.430444585391876e-01 3.621199009431180e-02 8.760813539068341e-04
1.431912604055929e-01 3.626111097005874e-02 8.845368526768654e-04
1.433380620842152e-01 3.679743522430790e-02 8.862911172118760e-04
1.434848635748623e-01 3.585491477720286e-02 8.858807453521349e-04
1.436316648773420e-01 3.489152355753639e-02 8.895154355137666e-04
1.437784659914622e-01 3.523737709803195e-02 9.055064710212405e-04
1.439252669170309e-01 3.578511145648877e-02 9.236318893121976e-04
1.440720676538558e-01 3.551259911488031e-02 9.026594138037258e-04
1.442188682017449e-01 3.511479474033634e-02 9.199651018683042e-04
1.443656685605060e-01 3.311430413128780e-02 9.211752539547242e-04
1.445124687299469e-01 3.352196491337144e-02 9.390203644655579e-04
1.446592687098756e-01 3.429828537554505e-02 9.316553042341134e-04
1.448060685000999e-01 3.317838757599346e-02 9.501863749455830e-04
1.449528681004278e-01 3.449528570379957e-02 9.440424608209351e-04
1.450996675106670e-01 3.434820449610092e-02 9.549595231077142e-04
1.452464667306255e-01 3.470824971191650e-02 9.520451316799775e-04
1.453932657601112e-01 3.410488294210434e-02 9.639017521274522e-04
1.455400645989318e-01 3.307713941139807e-02 9.710340309754523e-04
1.456868632468954e-01 3.344536484916617e-02 9.683417048139877e-04
1.458336617038097e-01 3.353184807251984e-02 9.775024871342319e-04
1.459804599694828e-01 3.402472748958379e-02 9.789058109690935e-04
1.461272580437224e-01 3.344186902454273e-02 9.998235792867836e-04
1.462740559263364e-01 3.248415766737260e-02 9.951073697927291e-04
1.464208536171328e-01 3.331809987133178e-02 1.013984318800012e-03
1.465676511159195e-01 3.291508325955449e-02 1.012502114570209e-03
1.467144484225043e-01 3.335516799718283e-02 1.012162003017861e-03
1.468612455366952e-01 3.348051509301968e-02 1.021624698561775e-03
1.470080424582999e-01 3.276547232255717e-02 1.033223189626178e-03
1.471548391871265e-01 3.074017350577728e-02 1.000350189363133e-03
1.473016357229828e-01 3.114583225721566e-02 1.038434465145706e-03
1.474484320656767e-01 3.196814360253970e-02 1.025755442893561e-03
1.475952282150162e-01 3.100036475792944e-02 1.034452482038248e-03
1.477420241708091e-01 3.143150906536232e-02 1.031538136162593e-03
1.478888199328633e-01 3.045305346562627e-02 1.033178243428814e-03
1.480356155009868e-01 3.243117782683507e-02 1.055736350372328e-03
1.481824108749874e-01 2.875214605662864e-02 1.020308671762573e-03
1.483292060546731e-01 3.023950074472804e-02 1.056328690892142e-03
1.484760010398518e-01 3.201599901612107e-02 1.038437396205426e-03
1.486227958303313e-01 3.026805204168002e-02 1.063023496548413e-03
1.487695904259196e-01 3.037571268469449e-02 1.073206985212918e-03
1.489163848264247e-01 3.086672064250461e-02 1.038832618317453e-03
1.490631790316544e-01 2.946751842128823e-02 1.075890580601592e-03
1.492099730414167e-01 3.072288006675050e-02 1.100196047962371e-03
1.493567668555194e-01 3.035324938108004e-02 1.084969337134935e-03
1.495035604737705e-01 2.876685883826422e-02 1.071293495149074e-03
1.496503538959780e-01 2.831659009048049e-02 1.041092402009864e-03
1.497971471219496e-01 2.881093443591072e-02 1.077685952553086e-03
1.499439401514935e-01 3.000499258858561e-02 1.054994097534963e-03
1.500907329844174e-01 2.884373784513742e-02 1.083617092701821e-03
1.502375256205293e-01 3.076867227650617e-02 1.071273568819130e-03
1.503843180596373e-01 2.902715250629804e-02 1.068652288571380e-03
1.505311103015491e-01 2.883283411463461e-02 1.097889075086043e-03
1.506779023460727e-01 2.808477937408941e-02 1.056073328106577e-03
1.508246941930161e-01 2.797063509270056e-02 1.079711707880605e-03
1.509714858421872e-01 2.806077568859916e-02 1.063220752901785e-03
1.511182772933938e-01 2.777433462598659e-02 1.067793777181734e-03
1.512650685464441e-01 2.710848533774527e-02 1.090363900765315e-03
1.514118596011459e-01 2.970927041893260e-02 1.078979167655480e-03
1.515586504573071e-01 2.934668160078856e-02 1.095296128601349e-03
1.517054411147357e-01 2.862834449464749e-02 1.081362530206751e-03
1.518522315732397e-01 2.677721616433331e-02 1.088053202828682e-03
1.519990218326269e-01 2.723334194229108e-02 1.091682616911522e-03
1.521458118927054e-01 2.749795618255479e-02 1.075738257737067e-03
1.522926017532831e-01 2.762343234941525e-02 1.112348691139160e-03
1.524393914141679e-01 2.712760997596030e-02 1.085982136045317e-03
1.525861808751677e-01 2.783920279320511e-02 1.122298742801291e-03
1.527329701360906e-01 2.660171317161125e-02 1.098837851475759e-03
1.528797591967446e-01 2.722191747010446e-02 1.099644263379068e-03
1.530265480569374e-01 2.688029873091955e-02 1.137375029685907e-03
1.531733367164773e-01 2.839278012005115e-02 1.085251681044607e-03
1.533201251751719e-01 2.724702942618744e-02 1.130387041316444e-03
1.534669134328294e-01 2.676857595956410e-02 1.100783751302402e-03
1.536137014892578e-01 2.589138376768128e-02 1.129017716679840e-03
1.537604893442648e-01 2.614627528946382e-02 1.140028224489975e-03
1.539072769976586e-01 2.574457196115482e-02 1.116880047012335e-03
1.540540644492471e-01 2.549647345402583e-02 1.147482774197042e-03
1.542008516988383e-01 2.651568935665078e-02 1.133397553093724e-03
1.543476387462401e-01 2.419986970230366e-02 1.150814247920643e-03
1.544944255912605e-01 2.611605814967086e-02 1.143552352928776e-03
1.546412122337075e-01 2.366557371121193e-02 1.134203930023157e-03
1.547879986733890e-01 2.573489628812910e-02 1.152299522606161e-03
1.549347849101131e-01 2.503161387548811e-02 1.143102839385852e-03
1.550815709436878e-01 2.740661048594740e-02 1.171279378345365e-03
1.552283567739209e-01 2.441098431670781e-02 1.145541102110434e-03
1.553751424006205e-01 2.570161492342828e-02 1.170318926056777e-03
1.555219278235946e-01 2.464812337070435e-02 1.171243974516873e-03
1.556687130426511e-01 2.418992180864242e-02 1.164393278436149e-03
1.558154980575980e-01 2.351009904708671e-02 1.169954558347488e-03
1.559622828682433e-01 2.413250768855906e-02 1.165389675489681e-03
1.561090674743951e-01 2.492713709576576e-02 1.188150173718390e-03
1.562558518758612e-01 2.336340168144629e-02 1.172422838965764e-03
1.564026360724498e-01 2.492726265607762e-02 1.199941963167120e-03
1.565494200639687e-01 2.424651223998538e-02 1.173638850984285e-03
1.566962038502260e-01 2.165794116280395e-02 1.173834841495445e-03
1.568429874310297e-01 2.241184812204615e-02 1.194319071421653e-03
1.569897708061878e-01 2.455730761489255e-02 1.211791230804976e-03
1.571365539755082e-01 2.290290535748852e-02 1.200170950522191e-03
1.572833369387990e-01 2.390334834515629e-02 1.208872916153630e-03
1.574301196958682e-01 2.223630896643949e-02 1.183552675391898e-03
1.575769022465238e-01 2.543201944981090e-02 1.240680667321011e-03
1.577236845905738e-01 2.507810834015497e-02 1.195633371255115e-03
1.578704667278262e-01 2.324791899126936e-02 1.224986191208683e-03
1.580172486580890e-01 2.291731915781674e-02 1.222925056632217e-03
1.581640303811701e-01 2.443749781804336e-02 1.227363666151633e-03
1.583108118968778e-01 2.179786982448442e-02 1.230306734466184e-03
1.584575932050198e-01 2.099776142553330e-02 1.226949379808039e-03
1.586043743054044e-01 2.057021690972601e-02 1.250167675410040e-03
1.587511551978395e-01 2.301914651816025e-02 1.265663344150609e-03
1.588979358821330e-01 2.137950552666204e-02 1.242168303251035e-03
1.590447163580930e-01 2.162232731433967e-02 1.254354639419246e-03
1.591914966255276e-01 2.265518223681297e-02 1.261335864523945e-03
1.593382766842448e-01 2.339369030524370e-02 1.274006946006034e-03
1.594850565340525e-01 2.366938555466540e-02 1.285276176350440e-03
1.596318361747588e-01 2.265675939593414e-02 1.268772720761305e-03
1.597786156061718e-01 2.088770110286046e-02 1.285498588415938e-03
1.599253948280995e-01 2.208657604337175e-02 1.278219482076339e-03
1.600721738403499e-01 2.065462408772670e-02 1.295232492819100e-03
1.602189526427309e-01 2.011542710917462e-02 1.281879322667169e-03
1.603657312350509e-01 2.084205274257608e-02 1.318315020759627e-03
1.605125096171175e-01 2.026351519933411e-02 1.287727313179637e-03
1.606592877887390e-01 2.012097075503491e-02 1.292304637126164e-03
1.608060657497234e-01 2.167520617823435e-02 1.331379373007144e-03
1.609528434998787e-01 2.110284353218561e-02 1.318157667769233e-03
1.610996210390131e-01 2.126674975535119e-02 1.319073050253267e-03
1.612463983669344e-01 2.204927413606761e-02 1.345027003618010e-03
1.613931754834508e-01 2.244903160189366e-02 1.339301110515407e-03
1.615399523883702e-01 1.897647997772566e-02 1.335294072626959e-03
1.616867290815008e-01 2.102676332748866e-02 1.337825027963993e-03
1.618335055626506e-01 1.916187224356742e-02 1.350908117183591e-03
1.619802818316277e-01 1.936216869693735e-02 1.351569156241360e-03
1.621270578882401e-01 1.778375177358270e-02 1.333376526291731e-03
1.622738337322958e-01 1.961209342364299e-02 1.356596260998444e-03
1.624206093636030e-01 2.039397614304071e-02 1.362256559074368e-03
1.625673847819697e-01 1.981250057453147e-02 1.391212831324303e-03
1.627141599872038e-01 2.005943313051979e-02 1.385471415362020e-03
1.628609349791136e-01 1.959226405392763e-02 1.407154031720670e-03
1.630077097575070e-01 2.009306170182622e-02 1.394245119157818e-03
1.631544843221922e-01 2.092421356938610e-02 1.375264344808466e-03
1.633012586729772e-01 2.031423022412540e-02 1.408683812055785e-03
1.634480328096700e-01 1.842426547796087e-02 1.410024516396489e-03
1.635948067320787e-01 2.025929581862441e-02 1.420839282507037e-03
1.637415804400115e-01 2.140811530475300e-02 1.422648219571996e-03
1.638883539332764e-01 1.803574031117460e-02 1.423522561485107e-03
1.640351272116813e-01 1.779600924152124e-02 1.422792388386865e-03
1.641819002750345e-01 1.815717831085162e-02 1.454958469868973e-03
1.643286731231440e-01 1.776914011404311e-02 1.433699201590307e-03
1.644754457558179e-01 1.917978715587038e-02 1.446251495790321e-03
1.646222181728642e-01 1.986098492251004e-02 1.468737883484616e-03
1.647689903740911e-01 1.829633261347991e-02 1.463510801151008e-03
1.649157623593066e-01 1.537875258198482e-02 1.506199492860598e-03
1.650625341283188e-01 1.777501173189587e-02 1.462237505119509e-03
1.652093056809359e-01 1.769428237826958e-02 1.472984878695509e-03
1.653560770169658e-01 1.838800248391918e-02 1.524738781869443e-03
1.655028481362167e-01 1.642789882273166e-02 1.501422415628581e-03
1.656496190384967e-01 1.784253215608666e-02 1.516644694086630e-03
1.657963897236138e-01 1.630348692806540e-02 1.503961926991399e-03
1.659431601913762e-01 2.086477133231308e-02 1.539576232183437e-03
1.660899304415920e-01 1.679808473969771e-02 1.525849252939159e-03
1.662367004740692e-01 1.405131910431964e-02 1.533667166344204e-03
1.663834702886159e-01 1.618261316241598e-02 1.548158188692715e-03
1.665302398850404e-01 1.625618083968789e-02 1.560743322556546e-03
1.666770092631506e-01 1.662323731726152e-02 1.570619411427485e-03
1.668237784227546e-01 1.723558905919501e-02 1.581505279928761e-03
1.669705473636607e-01 1.690628170578712e-02 1.568492617881289e-03
1.671173160856769e-01 1.806233295260674e-02 1.611280473145551e-03
1.672640845886112e-01 1.552511010948680e-02 1.576056739507388e-03
1.674108528722718e-01 1.574904315803938e-02 1.592446353901468e-03
1.675576209364669e-01 1.443310995969268e-02 1.647600519605722e-03
1.677043887810044e-01 1.890632950198344e-02 1.624939492236058e-03
1.678511564056927e-01 1.548189594210168e-02 1.652581841824128e-03
1.679979238103397e-01 1.592838485835311e-02 1.703018380911985e-03
1.681446909947535e-01 1.536381681581487e-02 1.648370721103653e-03
1.682914579587425e-01 1.578847827175893e-02 1.697222667786003e-03
1.684382247021145e-01 1.695653206755283e-02 1.674446353284732e-03
1.685849912246778e-01 1.753966809070924e-02 1.714179443338373e-03
1.687317575262405e-01 1.503861812683783e-02 1.724100789134339e-03
1.688785236066107e-01 1.395583937550017e-02 1.724107677554607e-03
1.690252894655966e-01 1.273238519572363e-02 1.715786603548391e-03
1.691720551030063e-01 1.673806395226601e-02 1.746629803871760e-03
1.693188205186478e-01 1.512545145020407e-02 1.774462686379346e-03
1.694655857123294e-01 1.689188398870287e-02 1.791721306398328e-03
1.696123506838591e-01 1.418522771788008e-02 1.807699461857971e-03
1.697591154330453e-01 1.341620988244716e-02 1.782842409279729e-03
1.699058799596958e-01 1.254107940478735e-02 1.789316442936747e-03
1.700526442636189e-01 1.531780695822303e-02 1.852737235789290e-03
1.701994083446229e-01 1.634056215206824e-02 1.803894445158281e-03
1.703461722025157e-01 1.452906512067201e-02 1.908594150383648e-03
1.704929358371055e-01 1.732680280888560e-02 1.854822595016296e-03
1.706396992482005e-01 1.482036962350866e-02 1.885909881250966e-03
1.707864624356089e-01 1.849408135283889e-02 1.945087997102679e-03
1.709332253991387e-01 1.624992446781225e-02 1.926565422585104e-03
1.710799881385982e-01 1.433697019855687e-02 1.962581417373152e-03
1.712267506537955e-01 1.174988287646853e-02 1.969590421209858e-03
1.713735129445388e-01 1.289712516887080e-02 1.971584119505846e-03
1.715202750106361e-01 1.229670973223849e-02 1.994466660482070e-03
1.716670368518958e-01 1.408908076241630e-02 2.019489103442907e-03
1.718137984681258e-01 1.237678802779221e-02 2.025824027975988e-03
1.719605598591345e-01 1.518869179781703e-02 2.041201310821168e-03
1.721073210247299e-01 1.601326760594613e-02 2.047343707334934e-03
1.722540819647203e-01 1.666607408859454e-02 2.156704233766772e-03
1.724008426789137e-01 1.297769885686123e-02 2.136463250228158e-03
1.725476031671185e-01 1.213880494866876e-02 2.084114584094730e-03
1.726943634291426e-01 6.131554737312425e-03 2.156323400450414e-03
1.728411234647944e-01 1.200506366486943e-02 2.222832707009763e-03
1.729878832738820e-01 1.642131878362895e-02 2.182613366256783e-03
1.731346428562135e-01 9.932901016268985e-03 2.245895560200715e-03
1.732814022115972e-01 1.413401263478602e-02 2.250008811670370e-03
1.734281613398412e-01 9.921604707643486e-03 2.288327623045854e-03
1.735749202407538e-01 1.398292703539375e-02 2.353435773265241e-03
1.737216789141430e-01 1.430030003211206e-02 2.399601277807570e-03
1.738684373598171e-01 1.476554438850933e-02 2.415719870590208e-03
1.740151955775843e-01 1.585052550057198e-02 2.423185384472105e-03
1.741619535672527e-01 1.260453430674470e-02 2.483102570616462e-03
1.743087113286306e-01 1.268042187445259e-02 2.553310989461281e-03
1.744554688615261e-01 1.725167463664707e-02 2.603086431163742e-03
1.746022261657475e-01 1.477455229656426e-02 2.640006875921066e-03
1.747489832411029e-01 1.759544895899113e-02 2.745819051508208e-03
1.748957400874005e-01 1.380534535867219e-02 2.665046845536777e-03
1.750424967044485e-01 7.128556838361703e-03 2.586460672711737e-03
1.751892530920552e-01 8.504442839865109e-03 2.816289256050116e-03
1.753360092500287e-01 9.064842816028026e-03 2.812687561030064e-03
1.754827651781772e-01 1.220817214427951e-02 2.812550387133606e-03
1.756295208763090e-01 1.298184999684485e-02 2.836318669995654e-03
1.757762763442323e-01 9.450927029581106e-03 2.900798877137191e-03
1.759230315817552e-01 9.905976977752964e-03 3.054597912633946e-03
1.760697865886859e-01 1.119235477779383e-02 3.211136171645767e-03
1.762165413648328e-01 1.272697597600977e-02 3.077329532823356e-03
1.763632959100039e-01 1.053640727379172e-02 3.249965525396699e-03
1.765100502240076e-01 7.584823795085937e-03 3.287099530978933e-03
1.766568043066521e-01 1.297555594925509e-02 3.589705732770824e-03
1.768035581577454e-01 1.332166035177946e-02 3.690689653135982e-03
1.769503117770959e-01 1.117309246256432e-02 3.823458226195595e-03
1.770970651645119e-01 1.622187084184229e-02 3.852840279552247e-03
1.772438183198014e-01 1.639260363170668e-02 3.922171268592990e-03
1.773905712427729e-01 9.607357033853620e-03 4.209618595029639e-03
1.775373239332344e-01 1.690883188227021e-02 4.231116873731378e-03
1.776840763909942e-01 1.429916784553075e-02 4.731332418981904e-03
1.778308286158606e-01 1.505287425850190e-02 5.011629546107383e-03
1.779775806076418e-01 2.307797708362000e-03 4.937294759277017e-03
1.781243323661459e-01 9.632234843514170e-03 5.391836782304971e-03
1.782710838911813e-01 3.834089994055048e-03 5.824370121627004e-03
1.784178351825563e-01 7.394983066106713e-03 6.755575577677767e-03
1.785645862400790e-01 4.946447813984340e-03 8.062812256252376e-03
1.787113370635576e-01 1.769131987959610e-02 8.754924591830944e-03
1.788580876528005e-01 -4.610448833690212e-03 1.062496209869271e-02
1.790048380076158e-01 5.878180892013409e-03 1.238578116717412e-02
