<X> <Y> <dY>
8.813602216919226e-04 3.779812937972433e+02 2.863596544147252e+00
1.028253589049351e-03 1.798140777414309e+02 1.543469129838865e+00
1.175146955056984e-03 1.091946646385920e+02 1.167928001362623e+00
1.322040319521992e-03 7.720968867286670e+01 7.159377333361391e-01
1.468933682251548e-03 5.455711766941160e+01 5.183024542688224e-01
1.615827043052824e-03 3.986482538229227e+01 3.648800628918120e-01
1.762720401732992e-03 3.106472559282566e+01 3.160390777338404e-01
1.909613758099223e-03 2.200600515491933e+01 2.705207765232625e-01
2.056507111958691e-03 1.798291500765576e+01 2.279540368222223e-01
2.203400463118568e-03 1.571968807470123e+01 2.003848961810033e-01
2.350293811386024e-03 1.244909043505750e+01 1.680832382976917e-01
2.497187156568232e-03 1.000508910870680e+01 1.510446502040493e-01
2.644080498472365e-03 8.214012733550115e+00 1.319168024094871e-01
2.790973836905595e-03 6.960621943242144e+00 1.161480753830241e-01
2.937867171675094e-03 5.995074254970675e+00 1.073384258665603e-01
3.084760502588034e-03 5.410643640977220e+00 9.517984857242313e-02
3.231653829451588e-03 4.575058249889055e+00 8.702088998560703e-02
3.378547152072927e-03 3.877680742347265e+00 7.972454952490261e-02
3.525440470259224e-03 3.484197645573234e+00 7.193705988622433e-02
3.672333783817651e-03 2.969424873895530e+00 6.705658854575909e-02
3.819227092555382e-03 2.627650265749817e+00 6.040862721554209e-02
3.966120396279587e-03 2.298870253270341e+00 5.763388675427175e-02
4.113013694797441e-03 1.968880127809945e+00 5.207206890431871e-02
4.259906987916115e-03 1.894047592776031e+00 4.824203245471931e-02
4.406800275442781e-03 1.602958270705335e+00 4.557961535957181e-02
4.553693557184614e-03 1.531159420306405e+00 4.213567839107275e-02
4.700586832948783e-03 1.383614639987899e+00 3.944110126682920e-02
4.847480102542463e-03 1.298259769038885e+00 3.671047034909369e-02
4.994373365772829e-03 1.110584690804266e+00 3.470436573478979e-02
5.141266622447048e-03 1.063993522683584e+00 3.264977030188671e-02
5.288159872372297e-03 9.726450824352018e-01 3.023208795563587e-02
5.435053115355749e-03 9.326659847017740e-01 2.886047664532300e-02
5.581946351204576e-03 8.629294283755879e-01 2.720193984015346e-02
5.728839579725948e-03 7.716758028731501e-01 2.538104218676455e-02
5.875732800727044e-03 6.797629001308013e-01 2.421654236002247e-02
6.022626014015034e-03 6.382626921914235e-01 2.296477562312543e-02
6.169519219397089e-03 6.266194881887777e-01 2.178683238771052e-02
6.316412416680385e-03 5.379016204641832e-01 2.081869414806091e-02
6.463305605672094e-03 5.346825120521475e-01 1.953514223633483e-02
6.610198786179393e-03 5.058799452996451e-01 1.856128084989694e-02
6.757091958009447e-03 4.651493090468670e-01 1.762110189394706e-02
6.903985120969439e-03 4.258484070091629e-01 1.682641881922334e-02
7.050878274866538e-03 3.749193909833536e-01 1.616878524072074e-02
7.197771419507919e-03 3.826251000674415e-01 1.516700516915860e-02
7.344664554700750e-03 3.546726059504849e-01 1.459876306112796e-02
7.491557680252214e-03 3.248710169267846e-01 1.408242245691072e-02
7.638450795969478e-03 3.388801419656504e-01 1.335913718811238e-02
7.785343901659718e-03 2.942884772896358e-01 1.285509477978108e-02
7.932236997130110e-03 2.420624072782229e-01 1.216182300935245e-02
8.079130082187821e-03 2.555530484806493e-01 1.180711332963511e-02
8.226023156640037e-03 2.615519188457346e-01 1.135740391643944e-02
8.372916220293923e-03 2.504317350767782e-01 1.075108915195526e-02
8.519809272956652e-03 2.234943284265665e-01 1.040540217403717e-02
8.666702314435403e-03 2.076299910123685e-01 1.000991522189616e-02
8.813595344537354e-03 2.014190132072288e-01 9.666495359080707e-03
8.960488363069672e-03 1.763867029236263e-01 9.296002820350341e-03
9.107381369839535e-03 1.783751244619577e-01 8.832611975223385e-03
9.254274364654119e-03 1.529159989126391e-01 8.618563685914188e-03
9.401167347320593e-03 1.530872503041544e-01 8.257506911892202e-03
9.548060317646137e-03 1.438360100729127e-01 8.055471981555455e-03
9.694953275437929e-03 1.415484310243866e-01 7.768094645826617e-03
9.841846220503138e-03 1.267102605854666e-01 7.417109234877967e-03
9.988739152648940e-03 1.349713366902706e-01 7.281594264367898e-03
1.013563207168251e-02 1.198741967030781e-01 6.953182187534001e-03
1.028252497741103e-02 1.181001253502646e-01 6.697723367371297e-03
1.042941786964167e-02 1.047943004669248e-01 6.513083227133347e-03
1.057631074818160e-02 1.043935805801960e-01 6.325677301154360e-03
1.072320361283801e-02 1.001687532810868e-01 6.192244442458491e-03
1.087009646341806e-02 1.077435693306295e-01 5.869962147834205e-03
1.101698929972894e-02 1.042033204044113e-01 5.736075833761851e-03
1.116388212157781e-02 8.579826899808118e-02 5.584780445347630e-03
1.131077492877186e-02 8.816746265419792e-02 5.420275714716377e-03
1.145766772111827e-02 8.631869465782349e-02 5.293168342783622e-03
1.160456049842420e-02 8.400214140508631e-02 5.090702757659660e-03
1.175145326049683e-02 8.497336135337219e-02 4.965621422263228e-03
1.189834600714335e-02 8.401232362964657e-02 4.821055970406174e-03
1.204523873817092e-02 6.798946740651901e-02 4.688538042519443e-03
1.219213145338673e-02 6.621438014436286e-02 4.535674519528793e-03
1.233902415259795e-02 6.913043587273668e-02 4.444091332170493e-03
1.248591683561175e-02 6.116990195366439e-02 4.333404466130990e-03
1.263280950223533e-02 5.855898637991836e-02 4.226186284160506e-03
1.277970215227585e-02 6.351865792341475e-02 4.042978660796680e-03
1.292659478554047e-02 6.019003511941547e-02 3.980951483654902e-03
1.307348740183641e-02 5.775021658643995e-02 3.900786363482768e-03
1.322038000097082e-02 5.767162507448739e-02 3.781983623773640e-03
1.336727258275089e-02 5.032484925724363e-02 3.679943322739652e-03
1.351416514698378e-02 5.212560294011422e-02 3.609148757062458e-03
1.366105769347668e-02 4.917136567899411e-02 3.513896039948379e-03
1.380795022203677e-02 4.780666198411185e-02 3.448172195141372e-03
1.395484273247122e-02 5.484150801456179e-02 3.337131575732242e-03
1.410173522458722e-02 4.498279893481401e-02 3.265949982882926e-03
1.424862769819194e-02 4.850788851885297e-02 3.207319178589708e-03
1.439552015309257e-02 3.890181237500396e-02 3.125387657963965e-03
1.454241258909627e-02 4.192211489225212e-02 3.064655095950999e-03
1.468930500601023e-02 4.489419973346205e-02 2.967113464458246e-03
1.483619740364163e-02 4.752100984510547e-02 2.911361175199099e-03
1.498308978179765e-02 4.412035501283102e-02 2.874369967491212e-03
1.512998214028546e-02 4.150237595309670e-02 2.787999524451736e-03
1.527687447891225e-02 4.200331580167532e-02 2.738731461880674e-03
1.542376679748520e-02 4.061060116604879e-02 2.686911514493871e-03
1.557065909581149e-02 4.292030802516510e-02 2.635982419980996e-03
1.571755137369829e-02 3.859302327542345e-02 2.573564287833720e-03
1.586444363095279e-02 3.809479100458143e-02 2.513598848129124e-03
1.601133586738216e-02 3.770297287683103e-02 2.483207942681268e-03
1.615822808279360e-02 3.686249146539404e-02 2.430859066268842e-03
1.630512027699426e-02 3.618798445263478e-02 2.379257532882829e-03
1.645201244979136e-02 3.660510684182269e-02 2.320175959300013e-03
1.659890460099205e-02 3.512407862659056e-02 2.270889040621520e-03
1.674579673040351e-02 3.506344402626032e-02 2.260122197353191e-03
1.689268883783294e-02 3.284951158423774e-02 2.204933270770665e-03
1.703958092308753e-02 3.496986563650151e-02 2.177308319976276e-03
1.718647298597442e-02 3.469338487556438e-02 2.100206243783893e-03
1.733336502630083e-02 3.103764923131732e-02 2.074749144056010e-03
1.748025704387393e-02 3.036556090521655e-02 2.057299110498154e-03
1.762714903850091e-02 3.427760455068540e-02 2.014617249590139e-03
1.777404100998893e-02 3.003200989858140e-02 1.987876767725381e-03
1.792093295814520e-02 3.032538113099280e-02 1.939328902451656e-03
1.806782488277687e-02 2.649130952735594e-02 1.919901410171517e-03
1.821471678369116e-02 3.194761944108517e-02 1.893160361543559e-03
1.836160866069522e-02 2.911950128327125e-02 1.841293151495478e-03
1.850850051359626e-02 2.592605121961723e-02 1.865148846858847e-03
1.865539234220144e-02 2.871937426093211e-02 1.847618100332806e-03
1.880228414631796e-02 2.845388032035657e-02 1.813371797771069e-03
1.894917592575301e-02 2.712048275090879e-02 1.816354047308860e-03
1.909606768031375e-02 2.791310116188749e-02 1.792520896557318e-03
1.924295940980738e-02 2.587843889702544e-02 1.809839828115940e-03
1.938985111404109e-02 2.896062460963137e-02 1.805154224575342e-03
1.953674279282204e-02 2.312532970916411e-02 1.806322662571369e-03
1.968363444595744e-02 2.517747237755649e-02 1.793114033912978e-03
1.983052607325447e-02 2.780220957095319e-02 1.782112122929335e-03
1.997741767452030e-02 2.200848130123316e-02 1.778751651961087e-03
2.012430924956213e-02 2.585447987385819e-02 1.781940483207090e-03
2.027120079818715e-02 2.469532921813547e-02 1.742881094632098e-03
2.041809232020253e-02 2.440660700651090e-02 1.753424320509727e-03
2.056498381541546e-02 2.371872187596244e-02 1.742679972586548e-03
2.071187528363314e-02 2.651527868987836e-02 1.719096595018235e-03
2.085876672466273e-02 2.528262819624110e-02 1.713108720095298e-03
2.100565813831145e-02 2.375976133299402e-02 1.707314994622746e-03
2.115254952438645e-02 2.480322935649168e-02 1.686393445341223e-03
2.129944088269494e-02 2.086921334276944e-02 1.680676673546528e-03
2.144633221304411e-02 2.105263565635733e-02 1.665281870324694e-03
2.159322351524114e-02 2.250787581111166e-02 1.666527711858252e-03
2.174011478909322e-02 1.972679003820908e-02 1.638031560178611e-03
2.188700603440753e-02 2.286985326156366e-02 1.629293133911934e-03
2.203389725099126e-02 2.269177877354046e-02 1.602397267062050e-03
2.218078843865161e-02 2.205677073433680e-02 1.564189925687480e-03
2.232767959719575e-02 2.102730449752259e-02 1.549364457497803e-03
2.247457072643089e-02 2.352995194675072e-02 1.520637394185451e-03
2.262146182616420e-02 2.419121883107292e-02 1.495502090650216e-03
2.276835289620287e-02 2.471239046092576e-02 1.474369137616043e-03
2.291524393635411e-02 2.235370742194362e-02 1.451359712487967e-03
2.306213494642509e-02 2.437938411264454e-02 1.462076616056638e-03
2.320902592622301e-02 2.468651196559982e-02 1.422978198678532e-03
2.335591687555505e-02 1.977859467136522e-02 1.411568534401426e-03
2.350280779422841e-02 2.280556954415182e-02 1.398375399301042e-03
2.364969868205026e-02 2.307975536709806e-02 1.373721059496639e-03
2.379658953882782e-02 2.096998894020390e-02 1.373697204354938e-03
2.394348036436827e-02 2.188351161564705e-02 1.354364592963012e-03
2.409037115847880e-02 2.430819204742203e-02 1.350982341049626e-03
2.423726192096658e-02 2.037107571360627e-02 1.325710936341600e-03
2.438415265163884e-02 2.190620084441728e-02 1.301771856199828e-03
2.453104335030275e-02 2.083221366572360e-02 1.308778202659757e-03
2.467793401676551e-02 2.156368613812346e-02 1.286611375484561e-03
2.482482465083430e-02 2.181864348197358e-02 1.283480444164046e-03
2.497171525231632e-02 2.023894580501876e-02 1.267795497621610e-03
2.511860582101877e-02 2.242052516333413e-02 1.260376702077185e-03
2.526549635674884e-02 2.248151328102910e-02 1.240084887752219e-03
2.541238685931370e-02 2.200011128993420e-02 1.230205078629131e-03
2.555927732852058e-02 2.079561868802671e-02 1.218178234256454e-03
2.570616776417666e-02 2.108891892001332e-02 1.214912340337967e-03
2.585305816608912e-02 2.191815971085260e-02 1.205065694319652e-03
2.599994853406517e-02 2.174384046180764e-02 1.196387509697571e-03
2.614683886791200e-02 1.854945366114831e-02 1.175515269986487e-03
2.629372916743681e-02 2.132276555791969e-02 1.177070273503550e-03
2.644061943244679e-02 2.259507595823774e-02 1.169066305254240e-03
2.658750966274912e-02 2.181488610100399e-02 1.153355685648191e-03
2.673439985815102e-02 1.737766998534286e-02 1.155345878816523e-03
2.688129001845969e-02 2.177442548015636e-02 1.135609371479763e-03
2.702818014348229e-02 2.138686178174987e-02 1.133303153783063e-03
2.717507023302605e-02 2.110883564880401e-02 1.121639949645625e-03
2.732196028689816e-02 2.194144664698507e-02 1.123324459779676e-03
2.746885030490582e-02 2.124269554104899e-02 1.112266560814499e-03
2.761574028685621e-02 1.938340287937861e-02 1.101733183253377e-03
2.776263023255653e-02 2.065619972573123e-02 1.088289545672042e-03
2.790952014181400e-02 2.116425489354664e-02 1.081843939024903e-03
2.805641001443581e-02 2.241044505612768e-02 1.083279548649097e-03
2.820329985022913e-02 1.940669264116397e-02 1.078705849352143e-03
2.835018964900120e-02 2.095131001090150e-02 1.060594186876435e-03
2.849707941055920e-02 2.200682375377492e-02 1.057389338510045e-03
2.864396913471031e-02 2.200888066906237e-02 1.065890509630263e-03
2.879085882126178e-02 2.195982705474499e-02 1.044209541449021e-03
2.893774847002075e-02 2.105787635148585e-02 1.032332571518279e-03
2.908463808079444e-02 2.142957651959621e-02 1.032651679625337e-03
2.923152765339008e-02 2.179548581655940e-02 1.028085384713661e-03
2.937841718761485e-02 2.285243577917451e-02 1.018927600737243e-03
2.952530668327594e-02 1.929321077072175e-02 1.014705979193375e-03
2.967219614018056e-02 2.122518069375314e-02 1.013506809235040e-03
2.981908555813591e-02 2.110653221526320e-02 1.008779708985419e-03
2.996597493694921e-02 2.135088988943569e-02 9.984995054458168e-04
3.011286427642763e-02 2.234779841290701e-02 9.890028177633613e-04
3.025975357637840e-02 2.147772338156035e-02 9.781411052947691e-04
3.040664283660871e-02 2.083310565316779e-02 9.795391435370414e-04
3.055353205692574e-02 1.995325633582479e-02 9.751962985664327e-04
3.070042123713675e-02 2.207612910036992e-02 9.735241799591014e-04
3.084731037704891e-02 2.158640780557396e-02 9.633957988126058e-04
3.099419947646940e-02 2.010863465332075e-02 9.570294726173143e-04
3.114108853520547e-02 2.230788432437706e-02 9.602068197183642e-04
3.128797755306430e-02 2.339892284880878e-02 9.565160508375985e-04
3.143486652985308e-02 2.435040283029570e-02 9.396779480689523e-04
3.158175546537905e-02 2.237365968996910e-02 9.487177901118812e-04
3.172864435944940e-02 2.061691873967861e-02 9.431471417241837e-04
3.187553321187133e-02 2.266109331889827e-02 9.289433513294210e-04
3.202242202245206e-02 2.178280620817788e-02 9.233872226540173e-04
3.216931079099877e-02 2.150428019420073e-02 9.201888250762321e-04
3.231619951731869e-02 2.152076143822283e-02 9.241148648583167e-04
3.246308820121902e-02 2.303020590524472e-02 9.209810953249774e-04
3.260997684250697e-02 2.160770570329057e-02 9.021360178000673e-04
3.275686544098974e-02 2.328809443415953e-02 9.124845602462524e-04
3.290375399647455e-02 2.362407452057971e-02 9.004601161016393e-04
3.305064250876859e-02 2.296480808958846e-02 9.104244389704795e-04
3.319753097767910e-02 2.199456740438905e-02 8.932983833865887e-04
3.334441940301325e-02 2.062013309251644e-02 8.881963545362450e-04
3.349130778457828e-02 2.086704905990637e-02 8.871722398572655e-04
3.363819612218139e-02 2.115885258949661e-02 8.846837974817011e-04
3.378508441562977e-02 2.371495441769217e-02 8.835586020967487e-04
3.393197266473066e-02 2.268711246917867e-02 8.744125804001993e-04
3.407886086929125e-02 2.356507189692280e-02 8.768635820154571e-04
3.422574902911878e-02 2.372644747276510e-02 8.778477979551049e-04
3.437263714402042e-02 2.438407327730295e-02 8.734688685233269e-04
3.451952521380341e-02 2.312342976051603e-02 8.638707969372548e-04
3.466641323827495e-02 2.312300374933744e-02 8.701135406601597e-04
3.481330121724226e-02 2.528990843369877e-02 8.906903970188473e-04
3.496018915051253e-02 2.230752313833094e-02 8.949620434147400e-04
3.510707703789302e-02 2.335301978166649e-02 8.954450674394248e-04
3.525396487919091e-02 2.442696360752073e-02 8.951654222610815e-04
3.540085267421340e-02 2.469854185010633e-02 8.845041515946591e-04
3.554774042276775e-02 2.390717816565317e-02 8.809835819961316e-04
3.569462812466112e-02 2.464744272320727e-02 8.669116365496275e-04
3.584151577970077e-02 2.424580111146255e-02 8.618826159141100e-04
3.598840338769389e-02 2.392295068786104e-02 8.610664981363124e-04
3.613529094844770e-02 2.606746444783298e-02 8.559675613744106e-04
3.628217846176941e-02 2.409992652048712e-02 8.534183527558473e-04
3.642906592746626e-02 2.365340463792709e-02 8.456874472262395e-04
3.657595334534545e-02 2.473587648276692e-02 8.489489376143024e-04
3.672284071521419e-02 2.405553104074068e-02 8.426715873584224e-04
3.686972803687972e-02 2.441616360999810e-02 8.416470162884842e-04
3.701661531014922e-02 2.360562425002927e-02 8.270024805497533e-04
3.716350253482994e-02 2.496740545483694e-02 8.335917500973386e-04
3.731038971072909e-02 2.549966667584500e-02 8.346297858968064e-04
3.745727683765387e-02 2.573437574722708e-02 8.627833533879617e-04
3.760416391541153e-02 2.481522737857155e-02 8.523375001405437e-04
3.775105094380928e-02 2.583678120826051e-02 8.180771117101345e-04
3.789793792265433e-02 2.645308722852872e-02 8.252958216008527e-04
3.804482485175390e-02 2.706309126017546e-02 8.189350291882161e-04
3.819171173091522e-02 2.595308779369386e-02 8.072655020692647e-04
3.833859855994550e-02 2.717509008462144e-02 8.177995778304399e-04
3.848548533865198e-02 2.680592112118221e-02 8.071664691778044e-04
3.863237206684186e-02 2.688895869885393e-02 8.048159878922464e-04
3.877925874432238e-02 2.499190812687095e-02 8.061781552198417e-04
3.892614537090076e-02 2.599042493204930e-02 7.949728383024259e-04
3.907303194638420e-02 2.552782486785397e-02 8.073742347941208e-04
3.921991847057994e-02 2.597775711647272e-02 7.897587181159621e-04
3.936680494329520e-02 2.744780314286238e-02 8.015721039632684e-04
3.951369136433722e-02 2.724577064968095e-02 7.946449742500827e-04
3.966057773351322e-02 2.740008191377225e-02 7.865403966664919e-04
3.980746405063040e-02 2.671694433809011e-02 7.888813856306979e-04
3.995435031549600e-02 2.622730397809881e-02 7.747776533651052e-04
4.010123652791726e-02 2.760343365816061e-02 7.794802015034524e-04
4.024812268770137e-02 2.684251414895309e-02 7.774717360380562e-04
4.039500879465560e-02 2.786542674922399e-02 7.774187055043790e-04
4.054189484858715e-02 2.868203670155821e-02 7.767221649936508e-04
4.068878084930326e-02 2.860927560451620e-02 7.715732063616346e-04
4.083566679661114e-02 2.827006073741829e-02 7.737942442812934e-04
4.098255269031803e-02 2.808010845276689e-02 7.751971121635724e-04
4.112943853023117e-02 2.864820642248551e-02 7.811808973699373e-04
4.127632431615776e-02 2.924319490424574e-02 7.958970680810705e-04
4.142321004790505e-02 2.828359344276974e-02 7.930476117313737e-04
4.157009572528026e-02 2.879179462274983e-02 8.024563227852494e-04
4.171698134809063e-02 2.929722597157728e-02 8.146504016326959e-04
4.186386691614337e-02 2.773569740780795e-02 8.048901519555102e-04
4.201075242924574e-02 2.884620486252532e-02 8.151329551665500e-04
4.215763788720495e-02 2.977772475147256e-02 8.096046773551807e-04
4.230452328982824e-02 2.959502607324556e-02 8.178625611839868e-04
4.245140863692285e-02 2.930525902821746e-02 8.137755764233021e-04
4.259829392829599e-02 3.123018488595702e-02 8.212933072829017e-04
4.274517916375490e-02 2.977047701708232e-02 8.139330286460015e-04
4.289206434310684e-02 3.114900864102160e-02 8.204126255192219e-04
4.303894946615900e-02 2.998079789637601e-02 8.208937493285234e-04
4.318583453271865e-02 3.159425720349982e-02 8.196054069949548e-04
4.333271954259301e-02 3.100421856575488e-02 8.251545433693789e-04
4.347960449558931e-02 3.245917113241630e-02 8.195559294695282e-04
4.362648939151479e-02 3.229438190984172e-02 8.231150216080556e-04
4.377337423017669e-02 2.948948212310577e-02 8.162227290911749e-04
4.392025901138226e-02 3.251530610119801e-02 8.287508025634452e-04
4.406714373493869e-02 3.217119802562709e-02 8.274239566590882e-04
4.421402840065326e-02 3.224774900879293e-02 8.219132735841664e-04
4.436091300833320e-02 3.295031434644987e-02 8.287837371642928e-04
4.450779755778574e-02 3.205775461386388e-02 8.199610992731786e-04
4.465468204881811e-02 3.377071699024776e-02 8.288985794679332e-04
4.480156648123757e-02 3.362833221056487e-02 8.361466188566497e-04
4.494845085485134e-02 3.314883341027271e-02 8.295168529561744e-04
4.509533516946668e-02 3.380454641741753e-02 8.371007116560687e-04
4.524221942489082e-02 3.251905362661201e-02 8.295694086214698e-04
4.538910362093100e-02 3.398939244451853e-02 8.324390276622912e-04
4.553598775739446e-02 3.302430090106805e-02 8.302848272658462e-04
4.568287183408844e-02 3.389314571750478e-02 8.290663510167412e-04
4.582975585082019e-02 3.431851490565581e-02 8.279603991210593e-04
4.597663980739693e-02 3.482337201886011e-02 8.324831881546861e-04
4.612352370362593e-02 3.622204400932583e-02 8.241190840157412e-04
4.627040753931443e-02 3.349058978072219e-02 8.170054829426203e-04
4.641729131426967e-02 3.506232786808914e-02 8.142906135749183e-04
4.656417502829888e-02 3.533989160764382e-02 8.251989507635543e-04
4.671105868120932e-02 3.456970147043315e-02 8.198524394719817e-04
4.685794227280822e-02 3.571398019204185e-02 8.240694772957982e-04
4.700482580290285e-02 3.651423209399440e-02 8.176565777966080e-04
4.715170927130044e-02 3.618535285751900e-02 8.157916759778408e-04
4.729859267780824e-02 3.741274362136039e-02 8.208977864461697e-04
4.744547602223349e-02 3.510421485551849e-02 8.178604698754790e-04
4.759235930438345e-02 3.693043157301585e-02 8.240073544226972e-04
4.773924252406536e-02 3.800671892105852e-02 8.202555112827607e-04
4.788612568108647e-02 3.779258601291815e-02 8.224573456336814e-04
4.803300877525407e-02 3.874120215296339e-02 8.255612382793721e-04
4.817989180637530e-02 3.706576413505285e-02 8.202745234778723e-04
4.832677477425752e-02 3.887306003658193e-02 8.250979248402160e-04
4.847365767870793e-02 3.803781674621442e-02 8.180520196547977e-04
4.862054051953379e-02 3.984062422233230e-02 8.253555349216164e-04
4.876742329654236e-02 3.867393512059578e-02 8.230029072363467e-04
4.891430600954088e-02 3.809319728444132e-02 8.129121253724447e-04
4.906118865833660e-02 3.949160994869809e-02 8.217395846341873e-04
4.920807124273676e-02 3.990120440846298e-02 8.197846088145157e-04
4.935495376254866e-02 4.053689925212741e-02 8.226154317272671e-04
4.950183621757952e-02 3.944685498945966e-02 8.153576424241780e-04
4.964871860763660e-02 4.007472210770927e-02 8.241839183978965e-04
4.979560093252714e-02 4.059741600369034e-02 8.178578169123320e-04
4.994248319205841e-02 4.106258030301245e-02 8.220382727120004e-04
5.008936538603768e-02 4.119069521461299e-02 8.245506863658259e-04
5.023624751427219e-02 4.078932022126824e-02 8.184766129258052e-04
5.038312957656918e-02 4.278148822031423e-02 8.333606719516443e-04
5.053001157273595e-02 4.254053179923076e-02 8.231305360030346e-04
5.067689350257971e-02 4.210855264992937e-02 8.242177187009651e-04
5.082377536590776e-02 4.320933919881174e-02 8.226640396343157e-04
5.097065716252732e-02 4.419369431066545e-02 8.237967245278943e-04
5.111753889224568e-02 4.428466777633702e-02 8.288758268592239e-04
5.126442055487009e-02 4.357499338925091e-02 8.264057762776094e-04
5.141130215020779e-02 4.435937884239832e-02 8.215172983655668e-04
5.155818367806608e-02 4.509765479615142e-02 8.313076262166239e-04
5.170506513825220e-02 4.479805016071410e-02 8.233832355053319e-04
5.185194653057341e-02 4.706341639966415e-02 8.348716950555189e-04
5.199882785483697e-02 4.524242339037603e-02 8.227458876970469e-04
5.214570911085015e-02 4.526698843994995e-02 8.255899738781137e-04
5.229259029842022e-02 4.558429787515389e-02 8.284280733653584e-04
5.243947141735442e-02 4.576417494140150e-02 8.250366041806366e-04
5.258635246746002e-02 4.604108366801291e-02 8.293486111574003e-04
5.273323344854430e-02 4.720784544223234e-02 8.286409556150676e-04
5.288011436041453e-02 4.805872208657662e-02 8.390002705237805e-04
5.302699520287798e-02 4.858881554307540e-02 8.278426741082026e-04
5.317387597574186e-02 4.821817493460417e-02 8.311029643007733e-04
5.332075667881350e-02 4.799546954289197e-02 8.286031561046294e-04
5.346763731190016e-02 4.882189886797824e-02 8.242478117589638e-04
5.361451787480907e-02 4.932154841556093e-02 8.372447175159813e-04
5.376139836734754e-02 5.146794927891521e-02 8.319286147997348e-04
5.390827878932278e-02 5.004409816320187e-02 8.260567642377689e-04
5.405515914054214e-02 5.085645089471827e-02 8.327337736438721e-04
5.420203942081284e-02 5.177819005894402e-02 8.310211904274532e-04
5.434891962994216e-02 5.163058563118296e-02 8.460681378702256e-04
5.449579976773735e-02 5.293042640695001e-02 8.226936893812983e-04
5.464267983400574e-02 5.211020645409249e-02 8.379926368169929e-04
5.478955982855453e-02 5.439174625670116e-02 8.427521099700216e-04
5.493643975119106e-02 5.234573867007628e-02 8.333255461486957e-04
5.508331960172257e-02 5.516958705684919e-02 8.409041073182160e-04
5.523019937995633e-02 5.422989046979172e-02 8.333782477693143e-04
5.537707908569962e-02 5.399815673540198e-02 8.451576637264786e-04
5.552395871875969e-02 5.449962768196308e-02 8.435312158050110e-04
5.567083827894388e-02 5.499311894186825e-02 8.385596836124062e-04
5.581771776605941e-02 5.506082695540696e-02 8.405926487276627e-04
5.596459717991355e-02 5.665061923493834e-02 8.460784467293520e-04
5.611147652031365e-02 5.568731269048802e-02 8.434695633347331e-04
5.625835578706691e-02 5.709785240387666e-02 8.525044510982136e-04
5.640523497998061e-02 5.668733821269557e-02 8.347223922880942e-04
5.655211409886209e-02 5.763568068291290e-02 8.495361352510930e-04
5.669899314351858e-02 5.779738373118740e-02 8.481154004830287e-04
5.684587211375740e-02 5.868751337613291e-02 8.434451589937408e-04
5.699275100938578e-02 5.863784969109438e-02 8.488728006057655e-04
5.713962983021098e-02 5.986694666647568e-02 8.456469933473941e-04
5.728650857604041e-02 6.127497162811765e-02 8.504496287045230e-04
5.743338724668124e-02 6.181448826733520e-02 8.514163708717205e-04
5.758026584194079e-02 6.141640987422664e-02 8.498385453174832e-04
5.772714436162631e-02 5.999888120178795e-02 8.571842629307777e-04
5.787402280554513e-02 6.059580159288581e-02 8.498245181984908e-04
5.802090117350451e-02 6.155306503736430e-02 8.562886241657415e-04
5.816777946531173e-02 6.212387797262927e-02 8.518570395388607e-04
5.831465768077408e-02 6.369097992148998e-02 8.538234002639483e-04
5.846153581969887e-02 6.396618751849667e-02 8.616980450529700e-04
5.860841388189336e-02 6.504375139284528e-02 8.607943568976410e-04
5.875529186716485e-02 6.391206185795051e-02 8.633829506791234e-04
5.890216977532061e-02 6.654169478616055e-02 8.625181654428581e-04
5.904904760616795e-02 6.540373438668434e-02 8.627839946429815e-04
5.919592535951414e-02 6.746455870198517e-02 8.624570743800121e-04
5.934280303516650e-02 6.681183567369581e-02 8.672962906815096e-04
5.948968063293228e-02 6.828596576220355e-02 8.606638774202206e-04
5.963655815261879e-02 6.733355115392706e-02 8.744241614888728e-04
5.978343559403334e-02 6.909685673205120e-02 8.905278053961279e-04
5.993031295698319e-02 6.828325359405513e-02 8.921577950019529e-04
6.007719024127564e-02 7.008491779306730e-02 9.084115078158186e-04
6.022406744671802e-02 7.232828086480773e-02 9.223612312336618e-04
6.037094457311754e-02 7.160897655342183e-02 9.299968763534282e-04
6.051782162028158e-02 7.487917290498373e-02 9.419999590398157e-04
6.066469858801743e-02 7.606735278588128e-02 9.476417980965243e-04
6.081157547613233e-02 7.237314185648018e-02 9.513204189425102e-04
6.095845228443361e-02 7.346987804603622e-02 9.529399871398202e-04
6.110532901272856e-02 7.472966008766334e-02 9.686568156582452e-04
6.125220566082447e-02 7.467748800857744e-02 9.670349782733025e-04
6.139908222852867e-02 7.736514261237422e-02 9.785281094636365e-04
6.154595871564840e-02 7.704040778349416e-02 9.927330071695698e-04
6.169283512199103e-02 7.769297793044481e-02 9.866717463288429e-04
6.183971144736379e-02 7.868918289098586e-02 9.975167711476626e-04
6.198658769157404e-02 7.985953489853310e-02 9.961921377010996e-04
6.213346385442904e-02 8.025487483532684e-02 1.018096676860888e-03
6.228033993573612e-02 8.163373489511457e-02 1.019055613159061e-03
6.242721593530259e-02 8.048637712622612e-02 1.015800305965808e-03
6.257409185293569e-02 8.177695077970429e-02 1.005718249456206e-03
6.272096768844279e-02 8.279221341764775e-02 9.950312897593707e-04
6.286784344163118e-02 8.349029624222326e-02 9.781023719873658e-04
6.301471911230812e-02 8.646590099107515e-02 9.902268129162737e-04
6.316159470028096e-02 8.591860241152571e-02 9.720532570990869e-04
6.330847020535701e-02 8.626436691306857e-02 9.825141198094988e-04
6.345534562734356e-02 8.648553107832951e-02 9.752240347905676e-04
6.360222096604792e-02 8.723521164040840e-02 9.755842841218244e-04
6.374909622127738e-02 8.917050316326761e-02 9.716424606227070e-04
6.389597139283930e-02 8.898653842417803e-02 9.743272098190442e-04
6.404284648054094e-02 9.015349353141412e-02 9.800704678198764e-04
6.418972148418961e-02 9.186090177613417e-02 9.686016230401091e-04
6.433659640359266e-02 9.250402719077926e-02 9.828234903016310e-04
6.448347123855734e-02 9.335864651451418e-02 9.654054515006946e-04
6.463034598889104e-02 9.514447978692959e-02 9.824577167243747e-04
6.477722065440102e-02 9.427805024071749e-02 9.770716716657594e-04
6.492409523489458e-02 9.687910334392662e-02 9.782207541117877e-04
6.507096973017908e-02 9.752186277662216e-02 9.812772385835110e-04
6.521784414006179e-02 9.732785817129254e-02 9.784774221033251e-04
6.536471846435006e-02 9.797098854484643e-02 9.766319917399392e-04
6.551159270285120e-02 1.011138340660462e-01 9.868009086940420e-04
6.565846685537249e-02 1.011439349706262e-01 9.777472566599589e-04
6.580534092172129e-02 1.036825850894054e-01 9.937085146798433e-04
6.595221490170489e-02 1.038078571305204e-01 9.852295872134257e-04
6.609908879513064e-02 1.035900471531228e-01 9.850753204104722e-04
6.624596260180583e-02 1.043629823407112e-01 9.822142264346602e-04
6.639283632153778e-02 1.067538905398011e-01 9.895199725530313e-04
6.653970995413383e-02 1.074224186595982e-01 1.008691912146432e-03
6.668658349940126e-02 1.090455756248850e-01 9.884394151283042e-04
6.683345695714746e-02 1.098424374881723e-01 9.976464135337251e-04
6.698033032717969e-02 1.098074496729020e-01 9.940807209362504e-04
6.712720360930530e-02 1.104482096219599e-01 9.996651049205168e-04
6.727407680333160e-02 1.122350382894401e-01 9.992475488114765e-04
6.742094990906593e-02 1.147147775309672e-01 1.006831182237369e-03
6.756782292631559e-02 1.149499439609698e-01 1.005664837814984e-03
6.771469585488793e-02 1.164707498040517e-01 1.005277221557798e-03
6.786156869459029e-02 1.178939475628671e-01 1.015182914315215e-03
6.800844144522995e-02 1.190569113806823e-01 1.012337899115303e-03
6.815531410661428e-02 1.201144289261588e-01 1.018187421297712e-03
6.830218667855054e-02 1.200836903696305e-01 1.018402045115608e-03
6.844905916084618e-02 1.229922576230872e-01 1.025024037650887e-03
6.859593155330840e-02 1.229905845546692e-01 1.021513325792909e-03
6.874280385574461e-02 1.256407699834525e-01 1.020476428468576e-03
6.888967606796213e-02 1.283496449739352e-01 1.037750077132455e-03
6.903654818976826e-02 1.277419080109349e-01 1.022155911930007e-03
6.918342022097036e-02 1.304813400892355e-01 1.030343628347911e-03
6.933029216137575e-02 1.306364826454712e-01 1.040210215019600e-03
6.947716401079176e-02 1.312498198296080e-01 1.026001016928585e-03
6.962403576902575e-02 1.334387972044792e-01 1.046226916186095e-03
6.977090743588503e-02 1.345091811505694e-01 1.038284272379377e-03
6.991777901117695e-02 1.384223042157980e-01 1.046825969745937e-03
7.006465049470884e-02 1.376668319893930e-01 1.047008464954762e-03
7.021152188628801e-02 1.395047530000644e-01 1.051299414531868e-03
7.035839318572186e-02 1.404587368249017e-01 1.055231981458043e-03
7.050526439281767e-02 1.454310514262991e-01 1.056646202051945e-03
7.065213550738278e-02 1.438080760582081e-01 1.055498083573306e-03
7.079900652922456e-02 1.456469467352902e-01 1.066019212358916e-03
7.094587745815036e-02 1.492391469671075e-01 1.061029429263007e-03
7.109274829396750e-02 1.512823710353269e-01 1.078658216996154e-03
7.123961903648333e-02 1.504911858763673e-01 1.058848676137712e-03
7.138648968550515e-02 1.546629811608361e-01 1.081666821764291e-03
7.153336024084035e-02 1.550342748029650e-01 1.086909750581788e-03
7.168023070229627e-02 1.581184670077448e-01 1.076279599597243e-03
7.182710106968025e-02 1.602432473123822e-01 1.097044493028928e-03
7.197397134279965e-02 1.600620645745034e-01 1.079711972615471e-03
7.212084152146177e-02 1.637813052858477e-01 1.098793879255431e-03
7.226771160547400e-02 1.627186077942688e-01 1.096648727304504e-03
7.241458159464363e-02 1.669155340466058e-01 1.099497306210065e-03
7.256145148877813e-02 1.668804512478883e-01 1.105242037575234e-03
7.270832128768472e-02 1.686359216702609e-01 1.101484166324731e-03
7.285519099117078e-02 1.731380042713282e-01 1.113424314964803e-03
7.300206059904372e-02 1.717118046920172e-01 1.110671444695752e-03
7.314893011111082e-02 1.760421307909476e-01 1.111003145706939e-03
7.329579952717949e-02 1.778613087361215e-01 1.122710793238749e-03
7.344266884705702e-02 1.811620203996885e-01 1.123813959779318e-03
7.358953807055085e-02 1.837207465191118e-01 1.134105757393853e-03
7.373640719746824e-02 1.850963531296475e-01 1.123199108947245e-03
7.388327622761658e-02 1.860324021222733e-01 1.129497490310491e-03
7.403014516080324e-02 1.899642383272815e-01 1.136505658538178e-03
7.417701399683559e-02 1.902650411525809e-01 1.141487078546097e-03
7.432388273552094e-02 1.930980227516666e-01 1.145510833833136e-03
7.447075137666670e-02 1.972028480115688e-01 1.138475001020380e-03
7.461761992008017e-02 1.993521464700058e-01 1.155791963425468e-03
7.476448836556873e-02 2.011019907762582e-01 1.143615516566230e-03
7.491135671293978e-02 2.030536373722410e-01 1.157931845868639e-03
7.505822496200062e-02 2.064445859790295e-01 1.156121512358237e-03
7.520509311255867e-02 2.094234476226700e-01 1.165750786067072e-03
7.535196116442125e-02 2.107004954991280e-01 1.172962482136147e-03
7.549882911739574e-02 2.158832881426767e-01 1.177396093186685e-03
7.564569697128951e-02 2.168854252047388e-01 1.183076478673466e-03
7.579256472590988e-02 2.210251085874459e-01 1.184955507528684e-03
7.593943238106428e-02 2.239990012069122e-01 1.194068647186901e-03
7.608629993656001e-02 2.277779971467228e-01 1.203401000241532e-03
7.623316739220451e-02 2.315535883297900e-01 1.194925570963487e-03
7.638003474780510e-02 2.319097993873538e-01 1.205194335581600e-03
7.652690200316913e-02 2.311893884165030e-01 1.207577690972126e-03
7.667376915810399e-02 2.387444700063830e-01 1.222425363224841e-03
7.682063621241707e-02 2.397871652188572e-01 1.225713521077173e-03
7.696750316591573e-02 2.445145490223412e-01 1.225587894181951e-03
7.711437001840733e-02 2.467001184525120e-01 1.239268393472000e-03
7.726123676969926e-02 2.494075855478418e-01 1.232737266789819e-03
7.740810341959885e-02 2.546237682264844e-01 1.247478135185646e-03
7.755496996791353e-02 2.553168219820110e-01 1.245855524641520e-03
7.770183641445062e-02 2.594687527739440e-01 1.254374263028431e-03
7.784870275901755e-02 2.617405593636312e-01 1.263618924065875e-03
7.799556900142161e-02 2.668735784079518e-01 1.262889880275032e-03
7.814243514147029e-02 2.708901296335377e-01 1.273778545471900e-03
7.828930117897089e-02 2.730440483214148e-01 1.275013072385958e-03
7.843616711373082e-02 2.769190096852157e-01 1.286999769470810e-03
7.858303294555745e-02 2.818223045661060e-01 1.295879152877202e-03
7.872989867425814e-02 2.852753013823084e-01 1.288336671935365e-03
7.887676429964030e-02 2.881827745128422e-01 1.298123978229339e-03
7.902362982151130e-02 2.931385903633005e-01 1.308811074484064e-03
7.917049523967849e-02 2.963212666160484e-01 1.318875717617582e-03
7.931736055394929e-02 2.985537989523138e-01 1.316265323929229e-03
7.946422576413109e-02 3.035247626560757e-01 1.322103087910949e-03
7.961109087003126e-02 3.060055392906724e-01 1.339118210885983e-03
7.975795587145719e-02 3.126393463348234e-01 1.334527372631317e-03
7.990482076821626e-02 3.147674171180194e-01 1.346827287898618e-03
8.005168556011584e-02 3.216037090169137e-01 1.353207241824000e-03
8.019855024696333e-02 3.259362841966585e-01 1.361983675654708e-03
8.034541482856614e-02 3.295162920070426e-01 1.371709539044464e-03
8.049227930473164e-02 3.320169200145490e-01 1.371731364982964e-03
8.063914367526719e-02 3.366592139780258e-01 1.377299230371072e-03
8.078600793998023e-02 3.428450616199170e-01 1.383244056262185e-03
8.093287209867814e-02 3.480551583537423e-01 1.396058732930991e-03
8.107973615116830e-02 3.539243505643127e-01 1.407639133706941e-03
8.122660009725811e-02 3.574402747701155e-01 1.396310890933775e-03
8.137346393675496e-02 3.646740063050187e-01 1.428047296952044e-03
8.152032766946624e-02 3.685838614016889e-01 1.424163737353633e-03
8.166719129519935e-02 3.735581109058710e-01 1.432112105578624e-03
8.181405481376169e-02 3.779380110377513e-01 1.434135291244214e-03
8.196091822496063e-02 3.849349597862909e-01 1.451047477008195e-03
8.210778152860361e-02 3.872894156341607e-01 1.462455235120619e-03
8.225464472449802e-02 3.925079142799585e-01 1.452672015542128e-03
8.240150781245126e-02 3.963511457671932e-01 1.469405148650487e-03
8.254837079227068e-02 4.038906605425103e-01 1.464224505491115e-03
8.269523366376372e-02 4.080905122541783e-01 1.489658213256701e-03
8.284209642673782e-02 4.155696290917948e-01 1.498825851360174e-03
8.298895908100032e-02 4.199340226127335e-01 1.500533349228174e-03
8.313582162635863e-02 4.260933762646836e-01 1.504925722265347e-03
8.328268406262020e-02 4.305927633407896e-01 1.508502374741945e-03
8.342954638959241e-02 4.352128203084647e-01 1.522119663718932e-03
8.357640860708263e-02 4.442348726872091e-01 1.532976007135437e-03
8.372327071489834e-02 4.495386791963312e-01 1.534101801540059e-03
8.387013271284686e-02 4.527346939852784e-01 1.548168957960477e-03
8.401699460073567e-02 4.633304876543352e-01 1.547499679147569e-03
8.416385637837218e-02 4.669743636914106e-01 1.566224731720637e-03
8.431071804556375e-02 4.716827615680122e-01 1.564555916244187e-03
8.445757960211780e-02 4.794250934078355e-01 1.575476059274058e-03
8.460444104784176e-02 4.865102406306328e-01 1.595064720651214e-03
8.475130238254304e-02 4.916316114934717e-01 1.588789624283354e-03
8.489816360602907e-02 4.980396388593855e-01 1.613784898090613e-03
8.504502471810724e-02 5.000338899882081e-01 1.596490573010388e-03
8.519188571858496e-02 5.141695705874489e-01 1.626824457458000e-03
8.533874660726967e-02 5.185170628689146e-01 1.625147573575458e-03
8.548560738396878e-02 5.218396931239584e-01 1.633149828743175e-03
8.563246804848969e-02 5.324609003507754e-01 1.645410618772158e-03
8.577932860063983e-02 5.378288209232758e-01 1.651380215746678e-03
8.592618904022660e-02 5.446799089525109e-01 1.659710821857698e-03
8.607304936705747e-02 5.502588385852878e-01 1.672386989002792e-03
8.621990958093982e-02 5.567517089851102e-01 1.662858136660053e-03
8.636676968168105e-02 5.661501666808316e-01 1.688204578175932e-03
8.651362966908867e-02 5.684177580759526e-01 1.693500413387549e-03
8.666048954297001e-02 5.735903698893622e-01 1.691571044405524e-03
8.680734930313255e-02 5.875192804838416e-01 1.709956976012581e-03
8.695420894938369e-02 5.929923647516920e-01 1.711619070510738e-03
8.710106848153085e-02 5.961717765567007e-01 1.728347296919263e-03
8.724792789938152e-02 6.058707098159031e-01 1.727267698484322e-03
8.739478720274303e-02 6.133471873856280e-01 1.741075425412411e-03
8.754164639142284e-02 6.167896646692493e-01 1.747648209182732e-03
8.768850546522844e-02 6.261507286455701e-01 1.752862952749480e-03
8.783536442396719e-02 6.333127955624950e-01 1.765615542213325e-03
8.798222326744658e-02 6.393462715936843e-01 1.772013654416184e-03
8.812908199547397e-02 6.453193161619584e-01 1.770748204116525e-03
8.827594060785686e-02 6.524153343591200e-01 1.789441138309541e-03
8.842279910440262e-02 6.604944338080800e-01 1.792766078156060e-03
8.856965748491875e-02 6.669053923679780e-01 1.800416153248101e-03
8.871651574921269e-02 6.739922952094014e-01 1.804370639383568e-03
8.886337389709180e-02 6.756580392858327e-01 1.810680127447586e-03
8.901023192836355e-02 6.830551499069202e-01 1.818984856514905e-03
8.915708984283539e-02 6.917067949371990e-01 1.829638102899177e-03
8.930394764031480e-02 6.962529792205513e-01 1.821932255996815e-03
8.945080532060913e-02 7.009411681539309e-01 1.840226044751022e-03
8.959766288352591e-02 7.108113726327588e-01 1.840830757225512e-03
8.974452032887251e-02 7.152914946537114e-01 1.856695014942012e-03
8.989137765645640e-02 7.221145211034579e-01 1.856814951565014e-03
9.003823486608507e-02 7.283403816037417e-01 1.850897311174033e-03
9.018509195756588e-02 7.346670562040202e-01 1.881354267777492e-03
9.033194893070630e-02 7.412033760300747e-01 1.865800270541819e-03
9.047880578531384e-02 7.465842467882621e-01 1.894235853496905e-03
9.062566252119587e-02 7.491860353993841e-01 1.877279381047372e-03
9.077251913815987e-02 7.534177062646391e-01 1.879366079519845e-03
9.091937563601328e-02 7.640756173908215e-01 1.906028187106749e-03
9.106623201456360e-02 7.671748475782995e-01 1.897921788393560e-03
9.121308827361818e-02 7.692709783737708e-01 1.899623203400332e-03
9.135994441298455e-02 7.745559605880796e-01 1.914158223991502e-03
9.150680043247014e-02 7.810767511361699e-01 1.902050975323300e-03
9.165365633188237e-02 7.824185460084340e-01 1.922772370440488e-03
9.180051211102878e-02 7.901148174423597e-01 1.907335452427199e-03
9.194736776971676e-02 7.912405402941306e-01 1.926047629917934e-03
9.209422330775377e-02 7.978102987737282e-01 1.935754025956367e-03
9.224107872494727e-02 7.965570196370069e-01 1.920407151848382e-03
9.238793402110473e-02 8.040792294846899e-01 1.936225271321179e-03
9.253478919603364e-02 8.034667931537752e-01 1.917539216841858e-03
9.268164424954135e-02 8.098025979781562e-01 1.943032627494527e-03
9.282849918143544e-02 8.120524592009797e-01 1.936937353261496e-03
9.297535399152332e-02 8.186337735955124e-01 1.941961437041478e-03
9.312220867961245e-02 8.160112362863545e-01 1.942437973165142e-03
9.326906324551029e-02 8.205158574592630e-01 1.936931981014449e-03
9.341591768902432e-02 8.202229071774939e-01 1.947754562276115e-03
9.356277200996202e-02 8.230066692312168e-01 1.943334568831274e-03
9.370962620813084e-02 8.260281462246593e-01 1.941432517202926e-03
9.385648028333822e-02 8.265086970359562e-01 1.954029535147021e-03
9.400333423539166e-02 8.281154362616446e-01 1.941024236329767e-03
9.415018806409861e-02 8.279991193248811e-01 1.952062715617096e-03
9.429704176926657e-02 8.287562134832847e-01 1.932286916159164e-03
9.444389535070297e-02 8.299246534900759e-01 1.944078015266044e-03
9.459074880821530e-02 8.267838691536920e-01 1.943195144933100e-03
9.473760214161106e-02 8.290841432990993e-01 1.945230203371088e-03
9.488445535069767e-02 8.292023078220275e-01 1.942443045545013e-03
9.503130843528265e-02 8.240034225658595e-01 1.926886394724159e-03
9.517816139517343e-02 8.286686986171659e-01 1.945695836781944e-03
9.532501423017756e-02 8.255856991695361e-01 1.929972742718564e-03
9.547186694010244e-02 8.276085677497029e-01 1.927528875972101e-03
9.561871952475558e-02 8.238621219120765e-01 1.931690192275714e-03
9.576557198394450e-02 8.239201406028859e-01 1.927598578768556e-03
9.591242431747660e-02 8.194287469192686e-01 1.928751671256997e-03
9.605927652515940e-02 8.173795344226976e-01 1.919352310431805e-03
9.620612860680040e-02 8.160672536138941e-01 1.908809472902300e-03
9.635298056220708e-02 8.137221110509323e-01 1.910120492236040e-03
9.649983239118688e-02 8.110721372953303e-01 1.916606789882901e-03
9.664668409354732e-02 8.092120287836606e-01 1.909181131816476e-03
9.679353566909588e-02 8.033056547356249e-01 1.889950233280250e-03
9.694038711764005e-02 8.020419954863117e-01 1.898927740976290e-03
9.708723843898734e-02 7.983442271302371e-01 1.882302039660606e-03
9.723408963294519e-02 7.962280824033705e-01 1.894673188222065e-03
9.738094069932111e-02 7.945736489712566e-01 1.887521265735201e-03
9.752779163792259e-02 7.892915431557485e-01 1.868854151246902e-03
9.767464244855714e-02 7.817240776924221e-01 1.874154037332399e-03
9.782149313103225e-02 7.825036530396966e-01 1.867119547545960e-03
9.796834368515536e-02 7.774485005244103e-01 1.866081304761396e-03
9.811519411073406e-02 7.707922145704335e-01 1.843456871466912e-03
9.826204440757576e-02 7.689964640828820e-01 1.852442450158347e-03
9.840889457548796e-02 7.664383046109029e-01 1.852988187903859e-03
9.855574461427828e-02 7.615680495076442e-01 1.835037589349268e-03
9.870259452375403e-02 7.530439718042812e-01 1.832624797157414e-03
9.884944430372282e-02 7.492063145197269e-01 1.813500562928445e-03
9.899629395399215e-02 7.476549411980762e-01 1.826925993296956e-03
9.914314347436951e-02 7.402901952704026e-01 1.819748322743415e-03
9.928999286466240e-02 7.345135959079871e-01 1.787399760029027e-03
9.943684212467831e-02 7.345008347896387e-01 1.814265408811092e-03
9.958369125422474e-02 7.250375097703484e-01 1.787728191398317e-03
9.973054025310922e-02 7.230961540905054e-01 1.790893664848813e-03
9.987738912113926e-02 7.182725900015740e-01 1.781971793824146e-03
1.000242378581224e-01 7.096258651518369e-01 1.761202293628343e-03
1.001710864638660e-01 7.052743764112410e-01 1.804381745961921e-03
1.003179349381778e-01 7.011827291804384e-01 1.808421637865234e-03
1.004647832808650e-01 6.937410449688709e-01 1.831936749168746e-03
1.006116314917355e-01 6.885087513246305e-01 1.824723925818306e-03
1.007584795705964e-01 6.817786266788036e-01 1.829954473970424e-03
1.009053275172555e-01 6.770276377503799e-01 1.856019210073981e-03
1.010521753315203e-01 6.719380590894329e-01 1.838894777244654e-03
1.011990230131982e-01 6.673586150370980e-01 1.840966801184653e-03
1.013458705620967e-01 6.600489568303808e-01 1.846007141140048e-03
1.014927179780235e-01 6.564787601658765e-01 1.852596472412890e-03
1.016395652607859e-01 6.473685376894719e-01 1.865015688487181e-03
1.017864124101916e-01 6.428768153302062e-01 1.824012749333314e-03
1.019332594260479e-01 6.399371618968495e-01 1.859473611925091e-03
1.020801063081626e-01 6.340268611741198e-01 1.850111053910014e-03
1.022269530563430e-01 6.251258837340934e-01 1.855085466723212e-03
1.023737996703967e-01 6.186249833548305e-01 1.842173589906178e-03
1.025206461501313e-01 6.132164762312416e-01 1.827659695591308e-03
1.026674924953542e-01 6.086115512017671e-01 1.852485978788371e-03
1.028143387058730e-01 6.024281490603691e-01 1.844398633491189e-03
1.029611847814952e-01 5.989238075565640e-01 1.803501290266977e-03
1.031080307220284e-01 5.967782193820323e-01 1.774233679512485e-03
1.032548765272800e-01 5.879051521934933e-01 1.752242920461774e-03
1.034017221970575e-01 5.857620100341350e-01 1.739601093885764e-03
1.035485677311687e-01 5.777823024132026e-01 1.714708063463272e-03
1.036954131294208e-01 5.730320219983204e-01 1.699621497875212e-03
1.038422583916216e-01 5.712778379649754e-01 1.695939173532770e-03
1.039891035175785e-01 5.628138544067267e-01 1.679633506414240e-03
1.041359485070990e-01 5.555949864565989e-01 1.670414130989783e-03
1.042827933599908e-01 5.498450614274507e-01 1.640203913389886e-03
1.044296380760613e-01 5.456328022447078e-01 1.645392461914397e-03
1.045764826551180e-01 5.413845837829788e-01 1.633124140316258e-03
1.047233270969686e-01 5.370338403623536e-01 1.631377162537222e-03
1.048701714014205e-01 5.305280761328556e-01 1.596835535624638e-03
1.050170155682814e-01 5.250566014110442e-01 1.606795732617152e-03
1.051638595973586e-01 5.203571249461477e-01 1.592887201196066e-03
1.053107034884598e-01 5.158861795869177e-01 1.579174859339259e-03
1.054575472413926e-01 5.101132774348811e-01 1.573048320566363e-03
1.056043908559644e-01 5.031734629670950e-01 1.552933291347814e-03
1.057512343319829e-01 5.010311495957717e-01 1.564381057383446e-03
1.058980776692555e-01 4.972585741228858e-01 1.547348318405468e-03
1.060449208675899e-01 4.913651548259925e-01 1.530941604376026e-03
1.061917639267934e-01 4.897996920120318e-01 1.525813369850981e-03
1.063386068466738e-01 4.817658480786574e-01 1.515475560061564e-03
1.064854496270386e-01 4.794165799784441e-01 1.520939662803939e-03
1.066322922676953e-01 4.728548340350951e-01 1.495869007703862e-03
1.067791347684515e-01 4.691421527797446e-01 1.489280495794468e-03
1.069259771291147e-01 4.655237063359722e-01 1.493332616205701e-03
1.070728193494925e-01 4.602031960755987e-01 1.472074655072541e-03
1.072196614293924e-01 4.549156675655691e-01 1.475695907336957e-03
1.073665033686221e-01 4.490013079698035e-01 1.450125810656247e-03
1.075133451669889e-01 4.467154735037596e-01 1.453116155127661e-03
1.076601868243007e-01 4.441789869899336e-01 1.458304206785230e-03
1.078070283403648e-01 4.410566715587160e-01 1.439180039015550e-03
1.079538697149888e-01 4.351245107368192e-01 1.433820505833503e-03
1.081007109479804e-01 4.280721606695799e-01 1.410952627964032e-03
1.082475520391470e-01 4.259459164251587e-01 1.423600519303341e-03
1.083943929882962e-01 4.224565012081967e-01 1.413043462735062e-03
1.085412337952357e-01 4.192424626681784e-01 1.393997846549886e-03
1.086880744597730e-01 4.146877389793630e-01 1.400674129735203e-03
1.088349149817155e-01 4.079313112561369e-01 1.372070908775173e-03
1.089817553608711e-01 4.053681118366071e-01 1.382960308947177e-03
1.091285955970470e-01 4.028179221532839e-01 1.371196883829177e-03
1.092754356900511e-01 4.005492908007148e-01 1.359889124049716e-03
1.094222756396908e-01 3.960131042436087e-01 1.360185070108113e-03
1.095691154457736e-01 3.905237949533180e-01 1.336098545910418e-03
1.097159551081073e-01 3.885477098709404e-01 1.341472088908007e-03
1.098627946264993e-01 3.839874988476722e-01 1.320951673020697e-03
1.100096340007572e-01 3.794981489484959e-01 1.325461760737502e-03
1.101564732306887e-01 3.774637138896736e-01 1.321147161478171e-03
1.103033123161012e-01 3.713071384917196e-01 1.300016249070337e-03
1.104501512568025e-01 3.707016382103848e-01 1.305536239069642e-03
1.105969900525999e-01 3.677134234804178e-01 1.286302110332592e-03
1.107438287033013e-01 3.650594894009273e-01 1.293128786129074e-03
1.108906672087140e-01 3.597085939278308e-01 1.283098242954898e-03
1.110375055686457e-01 3.567839898094516e-01 1.290252696344798e-03
1.111843437829041e-01 3.527735781662531e-01 1.308046568259198e-03
1.113311818512966e-01 3.530394416769209e-01 1.314106990578042e-03
1.114780197736309e-01 3.487554553889133e-01 1.329694041348312e-03
1.116248575497145e-01 3.433130608156708e-01 1.319786331071313e-03
1.117716951793551e-01 3.420782733691925e-01 1.326121832039745e-03
1.119185326623603e-01 3.388040608117022e-01 1.338279263412060e-03
1.120653699985375e-01 3.338190729349113e-01 1.322768051772138e-03
1.122122071876945e-01 3.296925038387724e-01 1.332644129607473e-03
1.123590442296388e-01 3.331124215455752e-01 1.332534286725266e-03
1.125058811241781e-01 3.293133544797437e-01 1.343682135479588e-03
1.126527178711198e-01 3.249800239717908e-01 1.338954602242239e-03
1.127995544702717e-01 3.234675618106369e-01 1.330051471083628e-03
1.129463909214413e-01 3.178384265168065e-01 1.325459459858970e-03
1.130932272244362e-01 3.172187827884919e-01 1.311260709164588e-03
1.132400633790640e-01 3.174428981389042e-01 1.319797375385294e-03
1.133868993851323e-01 3.125811921526023e-01 1.304474465542000e-03
1.135337352424488e-01 3.090735400714665e-01 1.310569191339837e-03
1.136805709508210e-01 3.060959138531333e-01 1.312194383165251e-03
1.138274065100565e-01 3.053803510920707e-01 1.295885978050716e-03
1.139742419199631e-01 3.031055318039567e-01 1.305250045646015e-03
1.141210771803480e-01 2.997566187894818e-01 1.296162506482950e-03
1.142679122910192e-01 2.954588129928616e-01 1.288612979867724e-03
1.144147472517842e-01 2.905898221782961e-01 1.285923003200317e-03
1.145615820624505e-01 2.933584685678525e-01 1.284933619132425e-03
1.147084167228259e-01 2.898555861669233e-01 1.292847540764793e-03
1.148552512327178e-01 2.860683257377137e-01 1.268264863849416e-03
1.150020855919340e-01 2.846942030935197e-01 1.274685323290272e-03
1.151489198002821e-01 2.833296600401740e-01 1.280208284722786e-03
1.152957538575695e-01 2.806621758084127e-01 1.271971330277563e-03
1.154425877636041e-01 2.807769083323941e-01 1.277554235445393e-03
1.155894215181933e-01 2.759784419884642e-01 1.252773142831893e-03
1.157362551211449e-01 2.744198233964555e-01 1.268103888034110e-03
1.158830885722664e-01 2.719990869932184e-01 1.264537381748192e-03
1.160299218713654e-01 2.686804670986520e-01 1.253067054203667e-03
1.161767550182498e-01 2.655449664443917e-01 1.256407537293650e-03
1.163235880127268e-01 2.647751139317109e-01 1.241155706446192e-03
1.164704208546044e-01 2.634770171353799e-01 1.252378043793788e-03
1.166172535436900e-01 2.617722577900283e-01 1.243071003321105e-03
1.167640860797913e-01 2.588516874130812e-01 1.235844002276909e-03
1.169109184627159e-01 2.582157988044460e-01 1.242536572737265e-03
1.170577506922715e-01 2.533354898247756e-01 1.232235122470434e-03
1.172045827682657e-01 2.531115660096966e-01 1.236403078697109e-03
1.173514146905061e-01 2.507996919071541e-01 1.220033644108112e-03
1.174982464588003e-01 2.507596423318127e-01 1.225800738086791e-03
1.176450780729561e-01 2.465857311046536e-01 1.226832047856868e-03
1.177919095327811e-01 2.480375049472036e-01 1.228188997572035e-03
1.179387408380827e-01 2.420474311090654e-01 1.211567110293875e-03
1.180855719886688e-01 2.417206482962863e-01 1.208545657071132e-03
1.182324029843469e-01 2.424045114901136e-01 1.223661425882430e-03
1.183792338249248e-01 2.394278614571289e-01 1.214842559677070e-03
1.185260645102099e-01 2.385668691139463e-01 1.207052545498966e-03
1.186728950400101e-01 2.360840042702300e-01 1.199880374270430e-03
1.188197254141328e-01 2.345435688862541e-01 1.203749035132150e-03
1.189665556323859e-01 2.315607835287679e-01 1.206327998788615e-03
1.191133856945769e-01 2.299628088938852e-01 1.191072097740640e-03
1.192602156005134e-01 2.298389597004070e-01 1.196524217423050e-03
1.194070453500032e-01 2.282426822203573e-01 1.188746976041239e-03
1.195538749428538e-01 2.257231855816959e-01 1.189270673423015e-03
1.197007043788729e-01 2.225090458564297e-01 1.187311463378566e-03
1.198475336578682e-01 2.233274400370437e-01 1.174194295633814e-03
1.199943627796474e-01 2.213211048858577e-01 1.188830806876782e-03
1.201411917440180e-01 2.209802159785480e-01 1.175412224302580e-03
1.202880205507879e-01 2.192789009047993e-01 1.182488346820455e-03
1.204348491997644e-01 2.165209637431883e-01 1.168307894937901e-03
1.205816776907555e-01 2.153396678130408e-01 1.166320080374551e-03
1.207285060235687e-01 2.129788087713576e-01 1.173790672470279e-03
1.208753341980116e-01 2.129752631551506e-01 1.166161986780199e-03
1.210221622138920e-01 2.126248361198980e-01 1.165409026101758e-03
1.211689900710175e-01 2.111544531210734e-01 1.154057938589326e-03
1.213158177691958e-01 2.080423746216510e-01 1.160310587527705e-03
1.214626453082345e-01 2.076006378053654e-01 1.164750563673292e-03
1.216094726879414e-01 2.055918685846944e-01 1.146543368085221e-03
1.217562999081240e-01 2.069311954188498e-01 1.156053414570673e-03
1.219031269685900e-01 2.052995245255204e-01 1.150445160027745e-03
1.220499538691473e-01 2.035787771613445e-01 1.155980250797580e-03
1.221967806096032e-01 2.008577052548171e-01 1.151730801322377e-03
1.223436071897657e-01 1.982182795001936e-01 1.123977907164539e-03
1.224904336094423e-01 1.951917288880681e-01 1.139927253155964e-03
1.226372598684407e-01 1.957370616376951e-01 1.133709728173118e-03
1.227840859665686e-01 1.959809770930035e-01 1.143705944821551e-03
1.229309119036337e-01 1.937066275536097e-01 1.127588320474852e-03
1.230777376794436e-01 1.935110775876127e-01 1.126627778325858e-03
1.232245632938061e-01 1.914822675348012e-01 1.137095777537958e-03
1.233713887465287e-01 1.920665260525733e-01 1.116952432296263e-03
1.235182140374194e-01 1.910858623587018e-01 1.128647733224271e-03
1.236650391662856e-01 1.889616263478510e-01 1.123607288601082e-03
1.238118641329350e-01 1.879309865033815e-01 1.119014835303494e-03
1.239586889371753e-01 1.866712443222110e-01 1.130544507353029e-03
1.241055135788144e-01 1.835080336322694e-01 1.105109722636299e-03
1.242523380576598e-01 1.836703294024880e-01 1.114615453588134e-03
1.243991623735193e-01 1.824286790875114e-01 1.109310974915663e-03
1.245459865262004e-01 1.837889091312415e-01 1.114667181847980e-03
1.246928105155109e-01 1.800466660705012e-01 1.108276055186993e-03
1.248396343412586e-01 1.790806595116255e-01 1.098714011563965e-03
1.249864580032510e-01 1.784771750278176e-01 1.102865646386531e-03
1.251332815012960e-01 1.769231100925844e-01 1.099077653284108e-03
1.252801048352011e-01 1.760987615422467e-01 1.100042377529280e-03
1.254269280047742e-01 1.738366950962984e-01 1.094205466221033e-03
1.255737510098228e-01 1.744527465833841e-01 1.093299202649994e-03
1.257205738501548e-01 1.737609733325938e-01 1.101544046798614e-03
1.258673965255777e-01 1.725156853680802e-01 1.090049133570867e-03
1.260142190358993e-01 1.709322891284002e-01 1.087254141357478e-03
1.261610413809274e-01 1.697383865995697e-01 1.086696255510243e-03
1.263078635604696e-01 1.691172390770259e-01 1.080192934712493e-03
1.264546855743336e-01 1.704789097994536e-01 1.092263688223369e-03
1.266015074223272e-01 1.675220629469154e-01 1.070948219987689e-03
1.267483291042580e-01 1.659997260138972e-01 1.073463204463581e-03
1.268951506199338e-01 1.645097998162922e-01 1.061600360027518e-03
1.270419719691622e-01 1.659937622378051e-01 1.076573095820083e-03
1.271887931517510e-01 1.654516262539574e-01 1.065169294268482e-03
1.273356141675080e-01 1.633577469441080e-01 1.063937600704076e-03
1.274824350162407e-01 1.613372537847197e-01 1.056913603828821e-03
1.276292556977570e-01 1.620643777809604e-01 1.057394451975243e-03
1.277760762118645e-01 1.600103051851162e-01 1.062822884244838e-03
1.279228965583711e-01 1.595395437473815e-01 1.048035158559057e-03
1.280697167370843e-01 1.598898301891486e-01 1.060302673660592e-03
1.282165367478119e-01 1.589536644699497e-01 1.059701848439084e-03
1.283633565903617e-01 1.593572053034796e-01 1.046764377420704e-03
1.285101762645414e-01 1.577699261386045e-01 1.053541273017691e-03
1.286569957701586e-01 1.557884331612280e-01 1.040839555561413e-03
1.288038151070212e-01 1.562423015194274e-01 1.047664930683728e-03
1.289506342749369e-01 1.544486939335557e-01 1.045053177624794e-03
1.290974532737133e-01 1.528815575610436e-01 1.036148109055095e-03
1.292442721031583e-01 1.512167419442816e-01 1.040803128031588e-03
1.293910907630794e-01 1.529298746653103e-01 1.036618720007444e-03
1.295379092532846e-01 1.493338692580012e-01 1.033219574475460e-03
1.296847275735815e-01 1.503443003391098e-01 1.032811552878700e-03
1.298315457237779e-01 1.496178230233050e-01 1.031367717596237e-03
1.299783637036815e-01 1.475698403859668e-01 1.040200455531424e-03
1.301251815131000e-01 1.494215750723198e-01 1.025885585371753e-03
1.302719991518412e-01 1.472063187572355e-01 1.032144535154755e-03
1.304188166197129e-01 1.470344988501400e-01 1.025372553913998e-03
1.305656339165226e-01 1.451706423974678e-01 1.030030330959384e-03
1.307124510420783e-01 1.468798986756667e-01 1.030700390890969e-03
1.308592679961877e-01 1.450494292107788e-01 1.025046758826030e-03
1.310060847786584e-01 1.450520945471974e-01 1.022860516653607e-03
1.311529013892983e-01 1.447146818263288e-01 1.021660057399890e-03
1.312997178279152e-01 1.425679760643619e-01 1.024061951274689e-03
1.314465340943166e-01 1.426239914433197e-01 1.019246678330308e-03
1.315933501883105e-01 1.437995397269224e-01 1.015138117143030e-03
1.317401661097045e-01 1.410574191442340e-01 1.016064287140573e-03
1.318869818583065e-01 1.397352334518977e-01 1.013649065614913e-03
1.320337974339242e-01 1.409062641758524e-01 1.020899747052798e-03
1.321806128363652e-01 1.401386019960880e-01 1.013168570570361e-03
1.323274280654375e-01 1.378167720535756e-01 1.008270135811734e-03
1.324742431209487e-01 1.366242679428746e-01 1.013301491480077e-03
1.326210580027065e-01 1.385902595303531e-01 1.006732547507780e-03
1.327678727105190e-01 1.374662239316975e-01 1.010429074690557e-03
1.329146872441935e-01 1.371947584317040e-01 1.005029191324544e-03
1.330615016035382e-01 1.356099882794928e-01 1.004470951673019e-03
1.332083157883606e-01 1.351156153956694e-01 1.000032161433938e-03
1.333551297984685e-01 1.335033084202122e-01 9.995837776778241e-04
1.335019436336697e-01 1.332422497846349e-01 1.002133351948449e-03
1.336487572937721e-01 1.320893043459587e-01 9.935678847833003e-04
1.337955707785833e-01 1.320016109915614e-01 1.004413336417274e-03
1.339423840879111e-01 1.303226839873308e-01 9.966921995197607e-04
1.340891972215633e-01 1.325686375481956e-01 9.935936853770167e-04
1.342360101793477e-01 1.307783071664743e-01 9.946645021531434e-04
1.343828229610720e-01 1.312993067403018e-01 9.843577312423446e-04
1.345296355665440e-01 1.289419966307835e-01 9.955063085293702e-04
1.346764479955716e-01 1.286448578195052e-01 9.837610943889349e-04
1.348232602479625e-01 1.298788868653737e-01 9.950147059273511e-04
1.349700723235245e-01 1.274495300769874e-01 9.875350486831921e-04
1.351168842220653e-01 1.286436723487566e-01 9.835478585248963e-04
1.352636959433928e-01 1.281590967246870e-01 9.900333334626847e-04
1.354105074873147e-01 1.261629078564013e-01 9.716934249879533e-04
1.355573188536388e-01 1.263437737662222e-01 9.906005707993888e-04
1.357041300421729e-01 1.257002877660126e-01 9.819609827678565e-04
1.358509410527249e-01 1.253668260691226e-01 9.839003881735057e-04
1.359977518851024e-01 1.244166600495486e-01 9.842741785634323e-04
1.361445625391133e-01 1.249867266254346e-01 9.739724691549282e-04
1.362913730145654e-01 1.248124050010263e-01 9.826923036358197e-04
1.364381833112665e-01 1.249993216916146e-01 9.755635277972616e-04
1.365849934290243e-01 1.220180677739164e-01 9.727854513327415e-04
1.367318033676468e-01 1.206796639841486e-01 9.788929680943147e-04
1.368786131269416e-01 1.197061571710350e-01 9.616824545109294e-04
1.370254227067166e-01 1.204819967559417e-01 9.725521069794482e-04
1.371722321067795e-01 1.197623040108034e-01 9.595757068633854e-04
1.373190413269383e-01 1.207643547963533e-01 9.703975618191946e-04
1.374658503670007e-01 1.197304734971936e-01 9.724754872638074e-04
1.376126592267744e-01 1.193403254196704e-01 9.671610669513146e-04
1.377594679060673e-01 1.174166303076573e-01 9.724734277962310e-04
1.379062764046873e-01 1.193159936764489e-01 9.590361958528213e-04
1.380530847224421e-01 1.182667485974920e-01 9.701325445330018e-04
1.381998928591395e-01 1.160944772250870e-01 9.658575709172112e-04
1.383467008145873e-01 1.170455693259352e-01 9.600742199756980e-04
1.384935085885935e-01 1.159343266365025e-01 9.662416298062593e-04
1.386403161809657e-01 1.159463305905839e-01 9.494544722207845e-04
1.387871235915119e-01 1.158072829295036e-01 9.631930533457516e-04
1.389339308200397e-01 1.147077963906941e-01 9.578193830345330e-04
1.390807378663571e-01 1.151253278892002e-01 9.534467611183037e-04
1.392275447302719e-01 1.157199126690814e-01 9.636378324327299e-04
1.393743514115918e-01 1.160814951312778e-01 9.582310201967638e-04
1.395211579101248e-01 1.130177415530578e-01 9.603506555594026e-04
1.396679642256785e-01 1.128709973519923e-01 9.529116977687070e-04
1.398147703580609e-01 1.140842599915984e-01 9.543684766129274e-04
1.399615763070799e-01 1.127733016083138e-01 9.552352736022426e-04
1.401083820725432e-01 1.119210628372871e-01 9.546087705660876e-04
1.402551876542587e-01 1.107197035604553e-01 9.543441459886292e-04
1.404019930520340e-01 1.107111844718594e-01 9.472459894891208e-04
1.405487982656773e-01 1.112714158076857e-01 9.543824907252555e-04
1.406956032949962e-01 1.119136850096689e-01 9.794504476847484e-04
1.408424081397986e-01 1.101694072014213e-01 9.992372902656980e-04
1.409892127998923e-01 1.088681117398820e-01 1.006122510355059e-03
1.411360172750852e-01 1.081808376330247e-01 1.019537052899379e-03
1.412828215651852e-01 1.093116286592948e-01 1.037112681471161e-03
1.414296256699999e-01 1.099338816855064e-01 1.038106376508093e-03
1.415764295893374e-01 1.080337032616245e-01 1.050806935809025e-03
1.417232333230055e-01 1.086535577342999e-01 1.055984552678526e-03
1.418700368708119e-01 1.088557563098321e-01 1.079067223196696e-03
1.420168402325645e-01 1.072065039431318e-01 1.084880401463702e-03
1.421636434080713e-01 1.066033665232242e-01 1.077211751007190e-03
1.423104463971400e-01 1.045424241620898e-01 1.093479530544621e-03
1.424572491995785e-01 1.065133906332243e-01 1.104168820174655e-03
1.426040518151946e-01 1.047189601913003e-01 1.117475242508973e-03
1.427508542437963e-01 1.040407178074431e-01 1.105062674271495e-03
1.428976564851913e-01 1.048465506802529e-01 1.125936832193355e-03
1.430444585391876e-01 1.041000200818417e-01 1.132439045453682e-03
1.431912604055929e-01 1.048095767128126e-01 1.144564716602763e-03
1.433380620842152e-01 1.043366967870687e-01 1.144931767945966e-03
1.434848635748623e-01 1.028840686375953e-01 1.147341798209527e-03
1.436316648773420e-01 1.031083327469491e-01 1.154642412094222e-03
1.437784659914622e-01 1.037903712522728e-01 1.175782631599240e-03
1.439252669170309e-01 1.014215696634179e-01 1.185133883548079e-03
1.440720676538558e-01 1.014451646082438e-01 1.165603947335210e-03
1.442188682017449e-01 1.019827456003310e-01 1.188888807454358e-03
1.443656685605060e-01 1.004508418901085e-01 1.192292821719567e-03
1.445124687299469e-01 9.992706898787568e-02 1.215991118008374e-03
1.446592687098756e-01 1.007041258071923e-01 1.203476927392149e-03
1.448060685000999e-01 9.818590801074550e-02 1.220874182875836e-03
1.449528681004278e-01 9.859526057145675e-02 1.211899297640225e-03
1.450996675106670e-01 9.852813250793085e-02 1.226042352282347e-03
1.452464667306255e-01 9.828997140375792e-02 1.223448521478708e-03
1.453932657601112e-01 9.685447530827017e-02 1.231800165354819e-03
1.455400645989318e-01 9.778884265977997e-02 1.255388530071456e-03
1.456868632468954e-01 9.696424743964722e-02 1.244338324996743e-03
1.458336617038097e-01 9.761124776893061e-02 1.259138655912921e-03
1.459804599694828e-01 9.973695127160678e-02 1.265785370678312e-03
1.461272580437224e-01 9.467831238069499e-02 1.273731417508271e-03
1.462740559263364e-01 9.693026990298731e-02 1.287778272342320e-03
1.464208536171328e-01 9.660468495809064e-02 1.298501837955464e-03
1.465676511159195e-01 9.707304523838786e-02 1.303767348615171e-03
1.467144484225043e-01 9.501046885478025e-02 1.291326149185692e-03
1.468612455366952e-01 9.407917304250017e-02 1.302235185650489e-03
1.470080424582999e-01 9.415092162631342e-02 1.320942734428516e-03
1.471548391871265e-01 9.418680921623426e-02 1.289185451012965e-03
1.473016357229828e-01 9.418076336948294e-02 1.334577487669200e-03
1.474484320656767e-01 9.278014368451423e-02 1.308317580670923e-03
1.475952282150162e-01 9.558279612089364e-02 1.340754784696628e-03
1.477420241708091e-01 9.164934120170561e-02 1.312262705590748e-03
1.478888199328633e-01 9.324089225310911e-02 1.328983710250626e-03
1.480356155009868e-01 9.269068101694837e-02 1.346983547999287e-03
1.481824108749874e-01 9.316426802943097e-02 1.325563937541949e-03
1.483292060546731e-01 9.139262479213815e-02 1.350896117859419e-03
1.484760010398518e-01 9.214451399557966e-02 1.327228756221277e-03
1.486227958303313e-01 8.946346270784115e-02 1.349656531775786e-03
1.487695904259196e-01 9.125089783799141e-02 1.372122542054489e-03
1.489163848264247e-01 9.147021309964627e-02 1.332259940849835e-03
1.490631790316544e-01 9.032450357800820e-02 1.373592187456818e-03
1.492099730414167e-01 9.188486958681114e-02 1.386797016998214e-03
1.493567668555194e-01 8.803270095186733e-02 1.371980607975922e-03
1.495035604737705e-01 8.930113758437752e-02 1.376684039013716e-03
1.496503538959780e-01 8.855168606020028e-02 1.339486707706464e-03
1.497971471219496e-01 9.078658153523898e-02 1.390569359094364e-03
1.499439401514935e-01 9.090475776582556e-02 1.357036186122302e-03
1.500907329844174e-01 9.006601783797649e-02 1.394137625767201e-03
1.502375256205293e-01 8.881544106015964e-02 1.359037637946563e-03
1.503843180596373e-01 8.781043193689166e-02 1.364313733276750e-03
1.505311103015491e-01 8.812374928153610e-02 1.399351018451440e-03
1.506779023460727e-01 9.051748723825657e-02 1.367698468300994e-03
1.508246941930161e-01 8.862655332778882e-02 1.389169629023593e-03
1.509714858421872e-01 8.631724169099987e-02 1.356044942767466e-03
1.511182772933938e-01 8.924010879936532e-02 1.384388053084085e-03
1.512650685464441e-01 8.602716519484205e-02 1.395502077552622e-03
1.514118596011459e-01 8.563446015802266e-02 1.359852783747954e-03
1.515586504573071e-01 8.473866760996177e-02 1.381483353172926e-03
1.517054411147357e-01 8.540970648213404e-02 1.370170359021872e-03
1.518522315732397e-01 8.433149583979155e-02 1.388522954900685e-03
1.519990218326269e-01 8.563665405644817e-02 1.400348046999531e-03
1.521458118927054e-01 8.511319719875024e-02 1.370848308796549e-03
1.522926017532831e-01 8.767949115474256e-02 1.432793197410976e-03
1.524393914141679e-01 8.380231245286979e-02 1.380927778691984e-03
1.525861808751677e-01 8.132137648175633e-02 1.409842698259432e-03
1.527329701360906e-01 7.998164981365669e-02 1.381794586683977e-03
1.528797591967446e-01 8.378042262990527e-02 1.398950433708187e-03
1.530265480569374e-01 8.129439728935495e-02 1.438074848660368e-03
1.531733367164773e-01 8.599601327785034e-02 1.391512278626860e-03
1.533201251751719e-01 8.128077236224485e-02 1.427320238884958e-03
1.534669134328294e-01 8.534615545380765e-02 1.415414061389681e-03
1.536137014892578e-01 8.116917669367191e-02 1.432531401960567e-03
1.537604893442648e-01 8.054688678177216e-02 1.442168445397233e-03
1.539072769976586e-01 8.272310949290498e-02 1.428826704573511e-03
1.540540644492471e-01 8.100953673195681e-02 1.458576673223486e-03
1.542008516988383e-01 7.844489060665974e-02 1.417883215962824e-03
1.543476387462401e-01 8.195908625359551e-02 1.475594147320385e-03
1.544944255912605e-01 7.993759674113350e-02 1.446839045701389e-03
1.546412122337075e-01 7.778668820477064e-02 1.436288516973740e-03
1.547879986733890e-01 7.898058198328652e-02 1.461494242795984e-03
1.549347849101131e-01 8.177215545491996e-02 1.462166983673572e-03
1.550815709436878e-01 7.965902585456090e-02 1.474034034249341e-03
1.552283567739209e-01 8.042345418535089e-02 1.461112439226225e-03
1.553751424006205e-01 7.887371986967220e-02 1.475998502669822e-03
1.555219278235946e-01 8.121449125475563e-02 1.499170092846601e-03
1.556687130426511e-01 7.981751889558561e-02 1.490520949847410e-03
1.558154980575980e-01 7.583107104940093e-02 1.477267900017248e-03
1.559622828682433e-01 7.816198320815258e-02 1.479722886040013e-03
1.561090674743951e-01 7.746109748335583e-02 1.502761718358859e-03
1.562558518758612e-01 7.821272199800282e-02 1.497447504144042e-03
1.564026360724498e-01 7.434471687338819e-02 1.495795555297682e-03
1.565494200639687e-01 7.824600204626823e-02 1.499475567992283e-03
1.566962038502260e-01 7.676123971698651e-02 1.505770910940767e-03
1.568429874310297e-01 7.560424926138433e-02 1.523026974902574e-03
1.569897708061878e-01 7.402313451314976e-02 1.509345825960643e-03
1.571365539755082e-01 7.595118469676757e-02 1.525023668277891e-03
1.572833369387990e-01 7.625967143974517e-02 1.528791099315611e-03
1.574301196958682e-01 7.736698357147016e-02 1.526465875705246e-03
1.575769022465238e-01 7.591758728893656e-02 1.555261501427358e-03
1.577236845905738e-01 7.624939487872343e-02 1.513399438527384e-03
1.578704667278262e-01 7.682234431804402e-02 1.560645675042780e-03
1.580172486580890e-01 7.649293896953233e-02 1.562801993019938e-03
1.581640303811701e-01 7.933556605477467e-02 1.568998474932138e-03
1.583108118968778e-01 7.390712270306647e-02 1.566740767418110e-03
1.584575932050198e-01 7.498772640867452e-02 1.565568209774073e-03
1.586043743054044e-01 7.359765580146115e-02 1.592500286173728e-03
1.587511551978395e-01 7.394036496790560e-02 1.591244682358222e-03
1.588979358821330e-01 7.431042327871608e-02 1.581754645619173e-03
1.590447163580930e-01 7.398596176377734e-02 1.596778773263639e-03
1.591914966255276e-01 7.537869459396025e-02 1.600317172234231e-03
1.593382766842448e-01 7.476508310536448e-02 1.613221772150071e-03
1.594850565340525e-01 7.285497612070480e-02 1.611894114684331e-03
1.596318361747588e-01 7.319503259698412e-02 1.599156645635627e-03
1.597786156061718e-01 7.071372301870399e-02 1.619174162923731e-03
1.599253948280995e-01 7.249029972475168e-02 1.614866028995044e-03
1.600721738403499e-01 7.193920508581764e-02 1.638881049574687e-03
1.602189526427309e-01 7.025604354760087e-02 1.622486954985748e-03
1.603657312350509e-01 7.114185478937907e-02 1.659601047541699e-03
1.605125096171175e-01 7.022817087668259e-02 1.633524422955668e-03
1.606592877887390e-01 6.695453823610953e-02 1.613205146132614e-03
1.608060657497234e-01 7.043814736166384e-02 1.667954968593907e-03
1.609528434998787e-01 6.940275525804433e-02 1.656834783479974e-03
1.610996210390131e-01 6.970275402711780e-02 1.659542044643323e-03
1.612463983669344e-01 6.940940273413741e-02 1.676508229495013e-03
1.613931754834508e-01 6.828102667605739e-02 1.660980996979678e-03
1.615399523883702e-01 6.940186073676259e-02 1.693419149757001e-03
1.616867290815008e-01 7.084297050378791e-02 1.691358988042786e-03
1.618335055626506e-01 6.808645601377639e-02 1.701984757514639e-03
1.619802818316277e-01 6.832523286536285e-02 1.710216234095679e-03
1.621270578882401e-01 6.711834548846250e-02 1.694754436078875e-03
1.622738337322958e-01 6.855078965727514e-02 1.716531716979222e-03
1.624206093636030e-01 6.507100162286972e-02 1.691044752616732e-03
1.625673847819697e-01 6.665835438100377e-02 1.736163179013110e-03
1.627141599872038e-01 6.569196022696229e-02 1.724608303631469e-03
1.628609349791136e-01 6.748948888421692e-02 1.759792512318024e-03
1.630077097575070e-01 6.801453164975699e-02 1.757774946534774e-03
1.631544843221922e-01 6.911329432322544e-02 1.740571851459805e-03
1.633012586729772e-01 6.559358907586060e-02 1.753514606014841e-03
1.634480328096700e-01 6.489556505715352e-02 1.768538611925169e-03
1.635948067320787e-01 6.265742296807562e-02 1.745569173290081e-03
1.637415804400115e-01 6.374518343837937e-02 1.751662947030962e-03
1.638883539332764e-01 6.608659113466912e-02 1.802049812790369e-03
1.640351272116813e-01 6.633767369693402e-02 1.801969032475783e-03
1.641819002750345e-01 6.269058888222577e-02 1.813366652278130e-03
1.643286731231440e-01 6.273956807756485e-02 1.787937105401109e-03
1.644754457558179e-01 6.167626714455624e-02 1.788341830496961e-03
1.646222181728642e-01 6.484577014222427e-02 1.833689132910881e-03
1.647689903740911e-01 6.357194841343551e-02 1.828693323895510e-03
1.649157623593066e-01 6.339043059488024e-02 1.899296810912465e-03
1.650625341283188e-01 6.335648047814632e-02 1.833112615173490e-03
1.652093056809359e-01 6.302337896197914e-02 1.851065712431151e-03
1.653560770169658e-01 6.254956447194737e-02 1.888233614098967e-03
1.655028481362167e-01 6.599144306208307e-02 1.914303124188531e-03
1.656496190384967e-01 5.843671223928300e-02 1.862285721830867e-03
1.657963897236138e-01 6.350516436998466e-02 1.900173465199806e-03
1.659431601913762e-01 6.036066807804342e-02 1.878384953664910e-03
1.660899304415920e-01 6.339622625316504e-02 1.929263485101891e-03
1.662367004740692e-01 6.079450601087209e-02 1.938636524420286e-03
1.663834702886159e-01 6.192442838864511e-02 1.945831417092170e-03
1.665302398850404e-01 6.098809420358406e-02 1.953466990782927e-03
1.666770092631506e-01 5.938600837134289e-02 1.951067798571394e-03
1.668237784227546e-01 5.908614347234322e-02 1.956057177861088e-03
1.669705473636607e-01 6.225498096820679e-02 1.976508095344674e-03
1.671173160856769e-01 5.805461202211970e-02 1.972127744383405e-03
1.672640845886112e-01 6.114703690039368e-02 1.995400753349441e-03
1.674108528722718e-01 6.028473720740036e-02 2.001339638113788e-03
1.675576209364669e-01 6.128894503523791e-02 2.082405392710807e-03
1.677043887810044e-01 6.134195263559968e-02 2.013477963853581e-03
1.678511564056927e-01 5.661161388461126e-02 2.041712798427539e-03
1.679979238103397e-01 6.049300963673578e-02 2.116130919190960e-03
1.681446909947535e-01 5.818673659579644e-02 2.055307016853266e-03
1.682914579587425e-01 5.924547835393918e-02 2.116291481705355e-03
1.684382247021145e-01 5.812381863862763e-02 2.066118194953668e-03
1.685849912246778e-01 5.440853566768165e-02 2.077484110953716e-03
1.687317575262405e-01 5.657817622371764e-02 2.135515421714828e-03
1.688785236066107e-01 5.517841616957626e-02 2.130196882433629e-03
1.690252894655966e-01 5.743086638334460e-02 2.168716955967862e-03
1.691720551030063e-01 5.908381148772764e-02 2.163289695784090e-03
1.693188205186478e-01 5.563806334938753e-02 2.189867543477973e-03
1.694655857123294e-01 5.521298977486683e-02 2.185485995988751e-03
1.696123506838591e-01 5.146383894823010e-02 2.191395946785808e-03
1.697591154330453e-01 5.710838037152224e-02 2.241375490739597e-03
1.699058799596958e-01 5.550527853896976e-02 2.239580069338734e-03
1.700526442636189e-01 5.612524144673719e-02 2.287299254462154e-03
1.701994083446229e-01 5.507179624423011e-02 2.224397511393496e-03
1.703461722025157e-01 5.516375031928022e-02 2.343188294315073e-03
1.704929358371055e-01 5.584892031484941e-02 2.275254842056461e-03
1.706396992482005e-01 5.214166089549126e-02 2.297666510057275e-03
1.707864624356089e-01 5.536160515477071e-02 2.356707385414005e-03
1.709332253991387e-01 5.760983616954373e-02 2.388335052842390e-03
1.710799881385982e-01 5.281022298776133e-02 2.401615028103486e-03
1.712267506537955e-01 5.572208072123566e-02 2.464814489313697e-03
1.713735129445388e-01 5.275033011600369e-02 2.427194474457530e-03
1.715202750106361e-01 5.183524963825364e-02 2.461348946690501e-03
1.716670368518958e-01 5.484881104488510e-02 2.502595722346796e-03
1.718137984681258e-01 4.955427770249031e-02 2.476328983197335e-03
1.719605598591345e-01 5.073786138660037e-02 2.474117457973493e-03
1.721073210247299e-01 5.365101555404654e-02 2.510870060313114e-03
1.722540819647203e-01 5.135201620171959e-02 2.582952352733136e-03
1.724008426789137e-01 4.747863271780219e-02 2.568576554820606e-03
1.725476031671185e-01 5.339064605643197e-02 2.614833028773890e-03
1.726943634291426e-01 4.682469768219670e-02 2.686957334301125e-03
1.728411234647944e-01 4.917302871588766e-02 2.693197972008059e-03
1.729878832738820e-01 5.923950348178960e-02 2.749005754977048e-03
1.731346428562135e-01 5.062153168976916e-02 2.791527414975285e-03
1.732814022115972e-01 5.127953784460192e-02 2.750446086674616e-03
1.734281613398412e-01 5.078175381480649e-02 2.851908190876975e-03
1.735749202407538e-01 4.741744987324009e-02 2.815178310104277e-03
1.737216789141430e-01 5.141683575265693e-02 2.918368785604643e-03
1.738684373598171e-01 4.876722306250381e-02 2.902714314162896e-03
1.740151955775843e-01 5.639494344441583e-02 3.002157999480423e-03
1.741619535672527e-01 4.969973807814529e-02 3.033378296030405e-03
1.743087113286306e-01 4.448550581832211e-02 3.018400857694010e-03
1.744554688615261e-01 4.585880255287059e-02 3.033409539246693e-03
1.746022261657475e-01 4.250448286263237e-02 3.077577996573370e-03
1.747489832411029e-01 4.775710450583017e-02 3.203136141406823e-03
1.748957400874005e-01 4.918520008261026e-02 3.228035345042050e-03
1.750424967044485e-01 4.641392452618329e-02 3.243066915113052e-03
1.751892530920552e-01 4.499770104589584e-02 3.425495528072269e-03
1.753360092500287e-01 5.204627881160798e-02 3.545993935053462e-03
1.754827651781772e-01 4.678572096261704e-02 3.412327476164966e-03
1.756295208763090e-01 5.047164846946729e-02 3.526217907603114e-03
1.757762763442323e-01 5.040225012965517e-02 3.635565757016013e-03
1.759230315817552e-01 4.623227112255914e-02 3.736009160671146e-03
1.760697865886859e-01 5.040520931044538e-02 3.957995280308445e-03
1.762165413648328e-01 5.145273158743022e-02 3.825998173567863e-03
1.763632959100039e-01 4.716917113590799e-02 3.993531727193304e-03
1.765100502240076e-01 4.059180885467786e-02 3.989543658397741e-03
1.766568043066521e-01 4.181012398536834e-02 4.208906754007410e-03
1.768035581577454e-01 4.159770902189350e-02 4.283294895541551e-03
1.769503117770959e-01 3.512940093094090e-02 4.358152307369946e-03
1.770970651645119e-01 4.283844679668308e-02 4.499557524526195e-03
1.772438183198014e-01 5.375002055357908e-02 4.827767008918016e-03
1.773905712427729e-01 3.344846566523679e-02 4.809052596358683e-03
1.775373239332344e-01 4.224042112748108e-02 4.943921832481824e-03
1.776840763909942e-01 4.495145947224080e-02 5.539970017763032e-03
1.778308286158606e-01 4.058469115025243e-02 5.757881539143781e-03
1.779775806076418e-01 3.813440616038333e-02 6.039793557688525e-03
1.781243323661459e-01 6.071936824087153e-02 7.078955630476185e-03
1.782710838911813e-01 4.703949758375185e-02 7.392942818087266e-03
1.784178351825563e-01 3.743786055742111e-02 7.821953308928816e-03
1.785645862400790e-01 3.431015771285228e-02 9.430682551979992e-03
1.787113370635576e-01 4.222592949705238e-02 9.988227847117502e-03
1.788580876528005e-01 2.692466183337154e-02 1.257228929300864e-02
1.790048380076158e-01 5.215130642152137e-02 1.683117689757510e-02
