<X> <Y> <dY>
8.813602216919226e-04 -6.695573424672517e+01 2.748053349421240e+00
1.028253589049351e-03 -7.622156224105103e+01 1.494349673527590e+00
1.175146955056984e-03 -3.886894232705510e+01 1.136732055506906e+00
1.322040319521992e-03 -2.985873774463558e+01 6.975481227679350e-01
1.468933682251548e-03 -2.341182817815510e+01 5.059835783453034e-01
1.615827043052824e-03 -1.613403777597859e+01 3.568082076126207e-01
1.762720401732992e-03 -1.197901374958198e+01 3.091237496701875e-01
1.909613758099223e-03 -9.241148812895606e+00 2.651273815975899e-01
2.056507111958691e-03 -6.968805478167897e+00 2.234828649485212e-01
2.203400463118568e-03 -3.765228244332731e+00 1.966732625241925e-01
2.350293811386024e-03 -4.404851968080633e+00 1.647695104610276e-01
2.497187156568232e-03 -3.343032154016363e+00 1.481896511005771e-01
2.644080498472365e-03 -2.799009019472912e+00 1.294629425107576e-01
2.790973836905595e-03 -2.242146343486626e+00 1.140117410959803e-01
2.937867171675094e-03 -1.892426727856016e+00 1.053570144562826e-01
3.084760502588034e-03 -1.462080281586868e+00 9.339615461716232e-02
3.231653829451588e-03 -1.298498496628598e+00 8.542115556679079e-02
3.378547152072927e-03 -1.024149645651317e+00 7.832444694903402e-02
3.525440470259224e-03 -8.353575126161686e-01 7.066806385629547e-02
3.672333783817651e-03 -7.895325341991575e-01 6.588884909053423e-02
3.819227092555382e-03 -7.537973365974585e-01 5.933380476068560e-02
3.966120396279587e-03 -5.519487239096373e-01 5.666565743386716e-02
4.113013694797441e-03 -5.273934774958942e-01 5.121921935633907e-02
4.259906987916115e-03 -4.600979972568089e-01 4.740386120964999e-02
4.406800275442781e-03 -4.879983247631679e-01 4.479170527683122e-02
4.553693557184614e-03 -4.043919630305011e-01 4.139009595121706e-02
4.700586832948783e-03 -3.292348591638846e-01 3.875900552286650e-02
4.847480102542463e-03 -2.761296863552223e-01 3.606440442482724e-02
4.994373365772829e-03 -3.056562893254414e-01 3.409898990162321e-02
5.141266622447048e-03 -1.935780786933998e-01 3.208978990946283e-02
5.288159872372297e-03 -2.173374821713329e-01 2.969423237841830e-02
5.435053115355749e-03 -1.858801372344661e-01 2.833317139162320e-02
5.581946351204576e-03 -1.520527539128772e-01 2.671250496582937e-02
5.728839579725948e-03 -1.725220723805568e-01 2.491581525950369e-02
5.875732800727044e-03 -1.438109764640552e-01 2.379328219255424e-02
6.022626014015034e-03 -1.397713789360464e-01 2.255343710087307e-02
6.169519219397089e-03 -1.020281210942510e-01 2.139055062238019e-02
6.316412416680385e-03 -1.238487673306159e-01 2.044661824065133e-02
6.463305605672094e-03 -1.204741150327974e-01 1.915874481088345e-02
6.610198786179393e-03 -7.496980191518529e-02 1.821938268549315e-02
6.757091958009447e-03 -7.172936403796504e-02 1.729784444376907e-02
6.903985120969439e-03 -7.566792407966559e-02 1.651353488887432e-02
7.050878274866538e-03 -9.192891914489640e-02 1.586783569397998e-02
7.197771419507919e-03 -5.286257169228874e-02 1.488377783342134e-02
7.344664554700750e-03 -6.962798101486774e-02 1.431384314708915e-02
7.491557680252214e-03 -5.715401114677258e-02 1.381747401799164e-02
7.638450795969478e-03 -3.450431989680554e-02 1.309566901585275e-02
7.785343901659718e-03 -4.447451366326267e-02 1.260912475643026e-02
7.932236997130110e-03 -5.792836749038028e-02 1.194085267882860e-02
8.079130082187821e-03 -3.135929123720651e-02 1.158869701833643e-02
8.226023156640037e-03 -1.759388114608348e-02 1.114039236872350e-02
8.372916220293923e-03 -2.849885138112385e-02 1.053235532255666e-02
8.519809272956652e-03 -1.707407543036521e-02 1.021011741355462e-02
8.666702314435403e-03 -4.313719546119362e-02 9.802234909089503e-03
8.813595344537354e-03 -1.981440065494634e-02 9.478506275635169e-03
8.960488363069672e-03 -1.722891473028477e-02 9.128337968099092e-03
9.107381369839535e-03 -1.529493458182765e-02 8.663411161233406e-03
9.254274364654119e-03 -3.091386968817618e-02 8.452198523202555e-03
9.401167347320593e-03 -2.478822978976871e-02 8.094639319120252e-03
9.548060317646137e-03 -1.213864343592188e-02 7.908446583570204e-03
9.694953275437929e-03 -1.901520318990207e-02 7.614180137732532e-03
9.841846220503138e-03 -2.571078798565432e-02 7.270035210968490e-03
9.988739152648940e-03 -2.021902755931125e-02 7.126287510290158e-03
1.013563207168251e-02 -1.453662436724256e-02 6.817824448566605e-03
1.028252497741103e-02 -5.602755440087077e-03 6.570554981027738e-03
1.042941786964167e-02 -9.002334117572836e-03 6.393670028735556e-03
1.057631074818160e-02 -1.523576798475473e-02 6.197768727329298e-03
1.072320361283801e-02 -1.969023506556800e-02 6.060341387026579e-03
1.087009646341806e-02 -1.352804468881912e-02 5.736767831785838e-03
1.101698929972894e-02 -7.013469423913896e-03 5.611141921495008e-03
1.116388212157781e-02 -1.003429202763932e-02 5.474824589273807e-03
1.131077492877186e-02 -1.151364026067482e-02 5.304598078632924e-03
1.145766772111827e-02 -9.667991063601486e-03 5.179088486003538e-03
1.160456049842420e-02 -5.023096899798624e-03 4.983920059534700e-03
1.175145326049683e-02 -6.398314929349613e-03 4.853853767876799e-03
1.189834600714335e-02 -3.576762704828035e-03 4.711831370018127e-03
1.204523873817092e-02 -1.039556587882890e-02 4.589924064732563e-03
1.219213145338673e-02 -1.107335205330810e-02 4.437093709337344e-03
1.233902415259795e-02 -6.580249075316679e-03 4.345310170387236e-03
1.248591683561175e-02 -8.007873350186081e-04 4.251292974430227e-03
1.263280950223533e-02 -8.457986944742424e-03 4.136239726262801e-03
1.277970215227585e-02 8.565600091524409e-04 3.958664254927148e-03
1.292659478554047e-02 -4.549104980781357e-03 3.891915210305584e-03
1.307348740183641e-02 -9.791776318652506e-03 3.805878840356708e-03
1.322038000097082e-02 1.419695701398886e-03 3.701645167634451e-03
1.336727258275089e-02 -1.259391108616644e-03 3.605771701858395e-03
1.351416514698378e-02 -1.686079777423696e-03 3.530611147941695e-03
1.366105769347668e-02 -9.790976217620014e-03 3.426753977328686e-03
1.380795022203677e-02 -7.535525596318266e-03 3.365142948964666e-03
1.395484273247122e-02 1.371786246140297e-03 3.255803200911630e-03
1.410173522458722e-02 -3.430444878591496e-03 3.191542357148203e-03
1.424862769819194e-02 -2.353080135073250e-03 3.127769116267288e-03
1.439552015309257e-02 -4.917859725972301e-03 3.056455232241169e-03
1.454241258909627e-02 -2.561684250867681e-03 2.993351955700432e-03
1.468930500601023e-02 1.006636041972128e-03 2.896671009384396e-03
1.483619740364163e-02 3.483887278089483e-04 2.834195101931223e-03
1.498308978179765e-02 1.858316515647461e-03 2.803619028044445e-03
1.512998214028546e-02 2.897441520473853e-03 2.723432719466875e-03
1.527687447891225e-02 6.592118274503393e-03 2.678767613199699e-03
1.542376679748520e-02 6.476616310080664e-04 2.618340661903356e-03
1.557065909581149e-02 1.677352467866308e-03 2.564458094679313e-03
1.571755137369829e-02 2.142649557412289e-03 2.509690665013590e-03
1.586444363095279e-02 -7.960003117366093e-05 2.446256897179790e-03
1.601133586738216e-02 9.472908500799875e-05 2.415431827946243e-03
1.615822808279360e-02 1.100223923406974e-03 2.366322747468602e-03
1.630512027699426e-02 3.349005573573371e-03 2.319284921762171e-03
1.645201244979136e-02 1.176313907895033e-03 2.254868825388901e-03
1.659890460099205e-02 5.523860528705227e-03 2.215581755239254e-03
1.674579673040351e-02 2.037956399524585e-03 2.197186757354972e-03
1.689268883783294e-02 2.800658967580506e-03 2.147707648551388e-03
1.703958092308753e-02 1.866273355533494e-03 2.113443515884130e-03
1.718647298597442e-02 5.769999250052376e-03 2.044198667453756e-03
1.733336502630083e-02 4.003289743642895e-03 2.021857511628682e-03
1.748025704387393e-02 4.860795736777564e-03 2.006581365346292e-03
1.762714903850091e-02 6.516578597264023e-03 1.959462711874482e-03
1.777404100998893e-02 4.014239594611443e-03 1.935304250569982e-03
1.792093295814520e-02 6.707619701024225e-03 1.891494992386647e-03
1.806782488277687e-02 3.988237898915141e-03 1.873890887090759e-03
1.821471678369116e-02 5.040654870682286e-03 1.837572323678853e-03
1.836160866069522e-02 1.558310811573341e-03 1.784642447650058e-03
1.850850051359626e-02 5.027823795693366e-03 1.820261478306595e-03
1.865539234220144e-02 4.878814989347751e-03 1.795527991132320e-03
1.880228414631796e-02 6.586685892201306e-03 1.765255823044602e-03
1.894917592575301e-02 3.884833474654222e-03 1.764561270412004e-03
1.909606768031375e-02 6.215179082786982e-03 1.743608869062024e-03
1.924295940980738e-02 3.469806101852431e-03 1.757845987806859e-03
1.938985111404109e-02 7.080184661211069e-03 1.752920981858698e-03
1.953674279282204e-02 3.902225254763722e-03 1.759580664883067e-03
1.968363444595744e-02 5.783873228881714e-03 1.745013867275670e-03
1.983052607325447e-02 7.712650766653126e-03 1.731556734142795e-03
1.997741767452030e-02 4.312633067978846e-03 1.733237076785095e-03
2.012430924956213e-02 4.018915707718406e-03 1.725607302297552e-03
2.027120079818715e-02 3.268975216964794e-03 1.686515816566644e-03
2.041809232020253e-02 4.636968494327518e-03 1.700219794684764e-03
2.056498381541546e-02 1.945340600935872e-03 1.683316497022160e-03
2.071187528363314e-02 8.407997827119307e-03 1.669113094673879e-03
2.085876672466273e-02 6.300880971733518e-03 1.660392007137950e-03
2.100565813831145e-02 6.784870711414938e-03 1.659230482728273e-03
2.115254952438645e-02 8.142030637395192e-03 1.638521466675888e-03
2.129944088269494e-02 7.027429226571041e-03 1.640812984103275e-03
2.144633221304411e-02 6.037482744904962e-03 1.621649201324053e-03
2.159322351524114e-02 5.861594548643514e-03 1.616795842117140e-03
2.174011478909322e-02 4.485962410826473e-03 1.592289623609114e-03
2.188700603440753e-02 8.448415393675591e-03 1.585582527315683e-03
2.203389725099126e-02 8.264710084794487e-03 1.558734860111985e-03
2.218078843865161e-02 7.057047009400623e-03 1.519759330521390e-03
2.232767959719575e-02 6.973400855557342e-03 1.507101229638623e-03
2.247457072643089e-02 8.196627802435805e-03 1.474599746834486e-03
2.262146182616420e-02 1.047258311666331e-02 1.454260067492272e-03
2.276835289620287e-02 1.158390070306671e-02 1.434522974890595e-03
2.291524393635411e-02 7.721918948002513e-03 1.407306412015537e-03
2.306213494642509e-02 8.705635161816846e-03 1.414173442086818e-03
2.320902592622301e-02 1.015716547990574e-02 1.378734651699336e-03
2.335591687555505e-02 6.567988972054729e-03 1.371185872558541e-03
2.350280779422841e-02 7.189529038332304e-03 1.350395093321276e-03
2.364969868205026e-02 9.572205688357101e-03 1.332045614336766e-03
2.379658953882782e-02 8.077935503257578e-03 1.333598607076909e-03
2.394348036436827e-02 8.041141008975853e-03 1.311191293558507e-03
2.409037115847880e-02 1.001138698027602e-02 1.305725759797987e-03
2.423726192096658e-02 8.750486202590762e-03 1.289084468781102e-03
2.438415265163884e-02 9.693941509569173e-03 1.263292731227651e-03
2.453104335030275e-02 8.543771591477645e-03 1.269550627282124e-03
2.467793401676551e-02 8.517540223211354e-03 1.245423359400071e-03
2.482482465083430e-02 1.026255391159371e-02 1.246569741661257e-03
2.497171525231632e-02 9.919962641767002e-03 1.234656581015983e-03
2.511860582101877e-02 1.011557610373149e-02 1.220566276021517e-03
2.526549635674884e-02 1.239552083975250e-02 1.207330990931003e-03
2.541238685931370e-02 1.107812412291605e-02 1.194634239474640e-03
2.555927732852058e-02 1.263297818387557e-02 1.191331631475010e-03
2.570616776417666e-02 1.152562592299309e-02 1.183606928269599e-03
2.585305816608912e-02 1.082022346063814e-02 1.168835148678046e-03
2.599994853406517e-02 1.154546684955250e-02 1.162576474977681e-03
2.614683886791200e-02 1.090726762587250e-02 1.150097659194927e-03
2.629372916743681e-02 1.147848675132399e-02 1.144250071603522e-03
2.644061943244679e-02 1.298001655508884e-02 1.137227328883195e-03
2.658750966274912e-02 1.383203922073661e-02 1.126660979434735e-03
2.673439985815102e-02 1.158574701255284e-02 1.135928576053068e-03
2.688129001845969e-02 1.359521295778562e-02 1.108103792161905e-03
2.702818014348229e-02 1.278639370541528e-02 1.104254714883800e-03
2.717507023302605e-02 1.108212374387056e-02 1.087603999735159e-03
2.732196028689816e-02 1.291214062471890e-02 1.092845940797026e-03
2.746885030490582e-02 1.305601316557108e-02 1.084351656637298e-03
2.761574028685621e-02 1.377779229779843e-02 1.082603847587549e-03
2.776263023255653e-02 1.293065848786016e-02 1.061955097760403e-03
2.790952014181400e-02 1.523237783846060e-02 1.061398839509127e-03
2.805641001443581e-02 1.422486753594066e-02 1.055050527836892e-03
2.820329985022913e-02 1.292271296682917e-02 1.056406355497442e-03
2.835018964900120e-02 1.360661974832671e-02 1.035361756140594e-03
2.849707941055920e-02 1.414435763547364e-02 1.030197399026666e-03
2.864396913471031e-02 1.389652419957466e-02 1.037809022190327e-03
2.879085882126178e-02 1.553616263419897e-02 1.021742956086611e-03
2.893774847002075e-02 1.604578981351541e-02 1.014927876902911e-03
2.908463808079444e-02 1.638629322610365e-02 1.015033285523680e-03
2.923152765339008e-02 1.666131151404684e-02 1.010198695609183e-03
2.937841718761485e-02 1.764832619506316e-02 1.000607734694601e-03
2.952530668327594e-02 1.455015550513988e-02 9.980989997162648e-04
2.967219614018056e-02 1.462319617099422e-02 9.904175151245998e-04
2.981908555813591e-02 1.440102944065965e-02 9.850920200718729e-04
2.996597493694921e-02 1.768110604628376e-02 9.856448285972678e-04
3.011286427642763e-02 1.971278027993183e-02 9.796727757843010e-04
3.025975357637840e-02 1.788572406377422e-02 9.654484222956235e-04
3.040664283660871e-02 1.819782146394419e-02 9.701907804172797e-04
3.055353205692574e-02 1.782626250317965e-02 9.676608369846862e-04
3.070042123713675e-02 1.976515244409076e-02 9.653510495996134e-04
3.084731037704891e-02 1.957590610139072e-02 9.563066610947720e-04
3.099419947646940e-02 1.966428282457872e-02 9.554897362378724e-04
3.114108853520547e-02 1.962141756052987e-02 9.506938431996336e-04
3.128797755306430e-02 2.167479544340322e-02 9.503548917116861e-04
3.143486652985308e-02 2.076402549652990e-02 9.269178001876742e-04
3.158175546537905e-02 2.067646786431483e-02 9.426989107864358e-04
3.172864435944940e-02 1.904692304821826e-02 9.375466710974415e-04
3.187553321187133e-02 2.071193904788016e-02 9.220094954224355e-04
3.202242202245206e-02 2.141269785086316e-02 9.220858697704410e-04
3.216931079099877e-02 2.169086511512863e-02 9.208875938424434e-04
3.231619951731869e-02 2.208360525318448e-02 9.262022569532746e-04
3.246308820121902e-02 2.246517399202743e-02 9.189873915730717e-04
3.260997684250697e-02 2.362891488588910e-02 9.094815831818441e-04
3.275686544098974e-02 2.259269495933849e-02 9.100283716654686e-04
3.290375399647455e-02 2.354851066436470e-02 9.002196981051386e-04
3.305064250876859e-02 2.429162100578893e-02 9.152457752419858e-04
3.319753097767910e-02 2.581300358772095e-02 9.070949757441513e-04
3.334441940301325e-02 2.278003843134687e-02 8.959555297787435e-04
3.349130778457828e-02 2.410995189952378e-02 8.988552985363189e-04
3.363819612218139e-02 2.534544822226036e-02 8.997721302588220e-04
3.378508441562977e-02 2.595240706890241e-02 8.916391741939575e-04
3.393197266473066e-02 2.553475373924553e-02 8.846342896357057e-04
3.407886086929125e-02 2.711111232514979e-02 8.897351424971644e-04
3.422574902911878e-02 2.674059955816347e-02 8.887207221006388e-04
3.437263714402042e-02 2.732272003594780e-02 8.840358889705732e-04
3.451952521380341e-02 2.682106440049691e-02 8.771365737777157e-04
3.466641323827495e-02 2.748143253505205e-02 8.859516911656190e-04
3.481330121724226e-02 2.907120493111830e-02 9.047358881046575e-04
3.496018915051253e-02 2.935326824451131e-02 9.212192295287971e-04
3.510707703789302e-02 2.799614289726931e-02 9.127000523884679e-04
3.525396487919091e-02 3.104135151525856e-02 9.201149896048917e-04
3.540085267421340e-02 3.050835598060465e-02 9.062201938059056e-04
3.554774042276775e-02 3.077263346237278e-02 9.063410616657096e-04
3.569462812466112e-02 3.308716154402581e-02 8.978406040488604e-04
3.584151577970077e-02 3.238735061135352e-02 8.914868334573246e-04
3.598840338769389e-02 3.236634854145857e-02 8.918768308421513e-04
3.613529094844770e-02 3.318632638090590e-02 8.820030034641393e-04
3.628217846176941e-02 3.325141740080700e-02 8.865453025194779e-04
3.642906592746626e-02 3.232367065917795e-02 8.768597767897536e-04
3.657595334534545e-02 3.513631103601109e-02 8.864969497760714e-04
3.672284071521419e-02 3.366709295818012e-02 8.772801197949552e-04
3.686972803687972e-02 3.334193399946524e-02 8.737004395279923e-04
3.701661531014922e-02 3.500236958534178e-02 8.681961908495943e-04
3.716350253482994e-02 3.661344157728420e-02 8.754272463961983e-04
3.731038971072909e-02 3.631726082054060e-02 8.734674677877260e-04
3.745727683765387e-02 3.644526014687706e-02 8.995614851417087e-04
3.760416391541153e-02 3.649336206787467e-02 8.928693059446659e-04
3.775105094380928e-02 3.709190086232314e-02 8.580032885648561e-04
3.789793792265433e-02 3.936076728523812e-02 8.712294766085372e-04
3.804482485175390e-02 3.932226497479240e-02 8.627219856706618e-04
3.819171173091522e-02 4.181217617224427e-02 8.632965082455380e-04
3.833859855994550e-02 4.102069341011731e-02 8.668074151966538e-04
3.848548533865198e-02 4.060756498684373e-02 8.560073603531503e-04
3.863237206684186e-02 4.102452902485008e-02 8.551804386755653e-04
3.877925874432238e-02 4.179412224349643e-02 8.656183931889325e-04
3.892614537090076e-02 4.203269276301134e-02 8.512867902883025e-04
3.907303194638420e-02 4.089314074848636e-02 8.613941347071650e-04
3.921991847057994e-02 4.509580156407628e-02 8.564723847071345e-04
3.936680494329520e-02 4.471064889249292e-02 8.617936850454387e-04
3.951369136433722e-02 4.476316707604063e-02 8.556305751244581e-04
3.966057773351322e-02 4.510878978465559e-02 8.479942140928137e-04
3.980746405063040e-02 4.611527947448246e-02 8.565420872674313e-04
3.995435031549600e-02 4.431698087449961e-02 8.372204268359910e-04
4.010123652791726e-02 4.651846032990008e-02 8.444145093983065e-04
4.024812268770137e-02 4.885203384485014e-02 8.529393150670626e-04
4.039500879465560e-02 4.769575151167732e-02 8.452817624471131e-04
4.054189484858715e-02 4.975464477711650e-02 8.487825271182021e-04
4.068878084930326e-02 5.011949283630027e-02 8.447843560813821e-04
4.083566679661114e-02 5.079094828418849e-02 8.500848829996627e-04
4.098255269031803e-02 5.003242799083847e-02 8.492506783677870e-04
4.112943853023117e-02 5.099833711380979e-02 8.582790898673568e-04
4.127632431615776e-02 5.130972381760997e-02 8.732179435092607e-04
4.142321004790505e-02 5.223968935304541e-02 8.773388893951767e-04
4.157009572528026e-02 5.340358277126406e-02 8.897023033674749e-04
4.171698134809063e-02 5.231622834850835e-02 8.960338598560663e-04
4.186386691614337e-02 5.196106622941248e-02 8.911789829742776e-04
4.201075242924574e-02 5.393294092674906e-02 9.048376675501559e-04
4.215763788720495e-02 5.453065289759346e-02 8.980037099839555e-04
4.230452328982824e-02 5.558957614363010e-02 9.105482515500674e-04
4.245140863692285e-02 5.577713449947192e-02 9.084045226785499e-04
4.259829392829599e-02 5.796568583434648e-02 9.163183341245150e-04
4.274517916375490e-02 5.674985935477132e-02 9.095902503321638e-04
4.289206434310684e-02 5.676812179165844e-02 9.115728872843565e-04
4.303894946615900e-02 5.661998116388768e-02 9.157272764823716e-04
4.318583453271865e-02 5.814235181652892e-02 9.146479645324686e-04
4.333271954259301e-02 5.913549601335551e-02 9.254551560549715e-04
4.347960449558931e-02 5.933150187941982e-02 9.158980095232933e-04
4.362648939151479e-02 6.054938403998122e-02 9.235479932354163e-04
4.377337423017669e-02 5.972024248695136e-02 9.242856272781269e-04
4.392025901138226e-02 6.153701862782755e-02 9.323804972406754e-04
4.406714373493869e-02 6.324635167893593e-02 9.393570741704252e-04
4.421402840065326e-02 6.227742600340721e-02 9.297294517746028e-04
4.436091300833320e-02 6.306674042601487e-02 9.375300518616647e-04
4.450779755778574e-02 6.385102945204189e-02 9.344163533096464e-04
4.465468204881811e-02 6.325695870188439e-02 9.348416879576763e-04
4.480156648123757e-02 6.570586767864890e-02 9.521968480128787e-04
4.494845085485134e-02 6.485587402254105e-02 9.433412046062158e-04
4.509533516946668e-02 6.440157106801536e-02 9.475380581017920e-04
4.524221942489082e-02 6.542745722138031e-02 9.474260880673466e-04
4.538910362093100e-02 6.525529805893564e-02 9.444198886535570e-04
4.553598775739446e-02 6.602290831177335e-02 9.487231502402629e-04
4.568287183408844e-02 6.593471139594970e-02 9.427913400273441e-04
4.582975585082019e-02 6.667207479578023e-02 9.449880084639385e-04
4.597663980739693e-02 6.683302520162476e-02 9.456897656515902e-04
4.612352370362593e-02 6.798335133287903e-02 9.365927895204549e-04
4.627040753931443e-02 6.730289616519411e-02 9.373106557666558e-04
4.641729131426967e-02 6.736032657975004e-02 9.284979043767009e-04
4.656417502829888e-02 6.874243488559278e-02 9.436945838008775e-04
4.671105868120932e-02 6.902116638145421e-02 9.410590672304074e-04
4.685794227280822e-02 6.891992899743975e-02 9.411127605171584e-04
4.700482580290285e-02 6.907645946998037e-02 9.326696847727974e-04
4.715170927130044e-02 6.848346220440737e-02 9.300404410959241e-04
4.729859267780824e-02 7.083163868182488e-02 9.385749336814298e-04
4.744547602223349e-02 7.051366737579812e-02 9.419838673865948e-04
4.759235930438345e-02 7.140030794066395e-02 9.449850883650437e-04
4.773924252406536e-02 6.916907595107490e-02 9.295455957988997e-04
4.788612568108647e-02 6.945593479356342e-02 9.335763307014510e-04
4.803300877525407e-02 7.033893237316187e-02 9.358803991881661e-04
4.817989180637530e-02 6.938659607154166e-02 9.327122483601248e-04
4.832677477425752e-02 6.952915572672855e-02 9.322677563642555e-04
4.847365767870793e-02 7.190124515491463e-02 9.364968528151183e-04
4.862054051953379e-02 7.079624425027195e-02 9.334769553136316e-04
4.876742329654236e-02 7.173223339451604e-02 9.385333924415279e-04
4.891430600954088e-02 7.058390702959885e-02 9.263605381570033e-04
4.906118865833660e-02 7.223547186651481e-02 9.349328667222896e-04
4.920807124273676e-02 7.133043451226598e-02 9.295771613825777e-04
4.935495376254866e-02 7.182393997867598e-02 9.321468145006515e-04
4.950183621757952e-02 7.211238408019564e-02 9.288567047380504e-04
4.964871860763660e-02 7.103001031661442e-02 9.313770495260738e-04
4.979560093252714e-02 7.216483960022212e-02 9.271516663511257e-04
4.994248319205841e-02 7.133218276856772e-02 9.272379715280287e-04
5.008936538603768e-02 7.226975652903789e-02 9.315798090643443e-04
5.023624751427219e-02 7.152274850752964e-02 9.248785003419077e-04
5.038312957656918e-02 7.270003680890595e-02 9.369721616690387e-04
5.053001157273595e-02 7.199809381811391e-02 9.239595482281141e-04
5.067689350257971e-02 6.964034289424137e-02 9.193277060525020e-04
5.082377536590776e-02 7.088327928124322e-02 9.185912663725290e-04
5.097065716252732e-02 6.962098657800600e-02 9.113484307532980e-04
5.111753889224568e-02 7.149464598287070e-02 9.233810252118811e-04
5.126442055487009e-02 7.053802478625244e-02 9.188908306275893e-04
5.141130215020779e-02 7.008843459544976e-02 9.098405546219591e-04
5.155818367806608e-02 7.197875292466953e-02 9.233930552854974e-04
5.170506513825220e-02 7.030185587377728e-02 9.110458660047938e-04
5.185194653057341e-02 7.152055797608256e-02 9.192961534287337e-04
5.199882785483697e-02 7.017417632291220e-02 9.079360840115750e-04
5.214570911085015e-02 7.007767634146057e-02 9.106141838515044e-04
5.229259029842022e-02 6.873023877802069e-02 9.078306153362093e-04
5.243947141735442e-02 6.997100517426109e-02 9.078163285091296e-04
5.258635246746002e-02 6.999944280629641e-02 9.114932737618685e-04
5.273323344854430e-02 6.921372969905645e-02 9.033977249796260e-04
5.288011436041453e-02 6.843488334147105e-02 9.090039052924823e-04
5.302699520287798e-02 6.915475056999419e-02 8.975629383898626e-04
5.317387597574186e-02 6.849602602027111e-02 9.003020082088060e-04
5.332075667881350e-02 7.060638701036122e-02 9.055581383107892e-04
5.346763731190016e-02 6.957227948912476e-02 8.949190243403910e-04
5.361451787480907e-02 6.995658017003674e-02 9.074761801689985e-04
5.376139836734754e-02 6.821390800785609e-02 8.890819794340479e-04
5.390827878932278e-02 6.820993228761209e-02 8.876955399808685e-04
5.405515914054214e-02 6.929939385797206e-02 8.958437198011834e-04
5.420203942081284e-02 6.867148064559024e-02 8.881070291055803e-04
5.434891962994216e-02 6.804588462346244e-02 9.022374021507151e-04
5.449579976773735e-02 6.946844521395672e-02 8.782373249913730e-04
5.464267983400574e-02 6.610330596749132e-02 8.855473123002750e-04
5.478955982855453e-02 6.793144814121348e-02 8.886482461916629e-04
5.493643975119106e-02 6.637794211799158e-02 8.805653331764511e-04
5.508331960172257e-02 6.729946247679584e-02 8.821366742018582e-04
5.523019937995633e-02 6.606518269398418e-02 8.732410965606209e-04
5.537707908569962e-02 6.514749093159498e-02 8.828799070771996e-04
5.552395871875969e-02 6.510173802834900e-02 8.792629477311953e-04
5.567083827894388e-02 6.655187732063012e-02 8.770924669652489e-04
5.581771776605941e-02 6.613946030674529e-02 8.779459259330774e-04
5.596459717991355e-02 6.481162539942445e-02 8.733946571280313e-04
5.611147652031365e-02 6.559031270509072e-02 8.767314930185885e-04
5.625835578706691e-02 6.395893587517724e-02 8.755707521685673e-04
5.640523497998061e-02 6.537874219901739e-02 8.636608091123762e-04
5.655211409886209e-02 6.614052418973461e-02 8.779053496001065e-04
5.669899314351858e-02 6.428973060383239e-02 8.699237521261758e-04
5.684587211375740e-02 6.499339900523993e-02 8.644960203827208e-04
5.699275100938578e-02 6.340765907782216e-02 8.648487660678671e-04
5.713962983021098e-02 6.587414145177597e-02 8.656539680561628e-04
5.728650857604041e-02 6.468749887714229e-02 8.618418444851481e-04
5.743338724668124e-02 6.173707860878289e-02 8.512032286896303e-04
5.758026584194079e-02 6.247411138398130e-02 8.533887805733863e-04
5.772714436162631e-02 6.200360419794817e-02 8.638753453426309e-04
5.787402280554513e-02 6.243259278258158e-02 8.559860640803129e-04
5.802090117350451e-02 6.157130182292359e-02 8.563910843207368e-04
5.816777946531173e-02 6.144872372423354e-02 8.496802285339882e-04
5.831465768077408e-02 5.995478170144017e-02 8.414789769274958e-04
5.846153581969887e-02 5.989609003272165e-02 8.482806498302016e-04
5.860841388189336e-02 5.947020119263847e-02 8.423712715641004e-04
5.875529186716485e-02 5.973360086957247e-02 8.497030407054152e-04
5.890216977532061e-02 5.878204653831452e-02 8.369932423953603e-04
5.904904760616795e-02 5.963860232408186e-02 8.439508639421496e-04
5.919592535951414e-02 5.884592741482668e-02 8.340254910080247e-04
5.934280303516650e-02 6.027756798267671e-02 8.459228513095116e-04
5.948968063293228e-02 5.981786407681622e-02 8.330829077455275e-04
5.963655815261879e-02 5.710545083867528e-02 8.409524790867242e-04
5.978343559403334e-02 5.921684889067463e-02 8.578007045579514e-04
5.993031295698319e-02 5.913967655891361e-02 8.615592771477828e-04
6.007719024127564e-02 5.834961183200934e-02 8.687740730552047e-04
6.022406744671802e-02 5.892801340252620e-02 8.766592667154864e-04
6.037094457311754e-02 5.809243005799190e-02 8.830183369911323e-04
6.051782162028158e-02 5.750266724824369e-02 8.816159917287854e-04
6.066469858801743e-02 5.797218118779480e-02 8.847211452660635e-04
6.081157547613233e-02 5.477833487572002e-02 8.896093616221129e-04
6.095845228443361e-02 5.866056544836280e-02 9.012670946654034e-04
6.110532901272856e-02 5.733986838355745e-02 9.067335744384413e-04
6.125220566082447e-02 5.734712167066353e-02 9.054384216905445e-04
6.139908222852867e-02 5.713813194839977e-02 9.067897530029896e-04
6.154595871564840e-02 5.523899767444686e-02 9.146923562954999e-04
6.169283512199103e-02 5.516250695482353e-02 9.059589165238206e-04
6.183971144736379e-02 5.614119630283859e-02 9.155963151838382e-04
6.198658769157404e-02 5.558038902593959e-02 9.094983397371422e-04
6.213346385442904e-02 5.370924229998589e-02 9.214711446697673e-04
6.228033993573612e-02 5.595379207676211e-02 9.259612830195695e-04
6.242721593530259e-02 5.614852600586775e-02 9.270442495672232e-04
6.257409185293569e-02 5.507735931109959e-02 9.103460618143484e-04
6.272096768844279e-02 5.445199803289464e-02 8.959322025885181e-04
6.286784344163118e-02 5.528838138774386e-02 8.792774638162005e-04
6.301471911230812e-02 5.570875910330131e-02 8.846233846628557e-04
6.316159470028096e-02 5.482183751990900e-02 8.652287671802492e-04
6.330847020535701e-02 5.377351737979636e-02 8.708989521945305e-04
6.345534562734356e-02 5.252548871005108e-02 8.606979132780661e-04
6.360222096604792e-02 5.546973577219082e-02 8.678781170251760e-04
6.374909622127738e-02 5.341339866615380e-02 8.518903440743746e-04
6.389597139283930e-02 5.312171497924797e-02 8.540263179525206e-04
6.404284648054094e-02 5.241498691362843e-02 8.531500776755536e-04
6.418972148418961e-02 5.303295052361474e-02 8.404714499697230e-04
6.433659640359266e-02 5.272358056242749e-02 8.508874677064801e-04
6.448347123855734e-02 5.379122377877758e-02 8.354370738968745e-04
6.463034598889104e-02 5.341508266031505e-02 8.451684687994819e-04
6.477722065440102e-02 5.247179055404609e-02 8.390817659187030e-04
6.492409523489458e-02 5.280760758473080e-02 8.340739552306154e-04
6.507096973017908e-02 5.200300333394856e-02 8.325160881005927e-04
6.521784414006179e-02 5.115029958958225e-02 8.290110193648167e-04
6.536471846435006e-02 5.023927189418693e-02 8.206319393897354e-04
6.551159270285120e-02 5.199763675644488e-02 8.262171087190305e-04
6.565846685537249e-02 5.183042030267299e-02 8.196132603276005e-04
6.580534092172129e-02 5.175593782867768e-02 8.259093249125507e-04
6.595221490170489e-02 4.971947414653016e-02 8.117376712922634e-04
6.609908879513064e-02 4.998881351164648e-02 8.127153381642649e-04
6.624596260180583e-02 5.230909411727262e-02 8.162100299233530e-04
6.639283632153778e-02 5.058081782652238e-02 8.105380427137173e-04
6.653970995413383e-02 4.922561582900246e-02 8.219450439429934e-04
6.668658349940126e-02 5.057893722084237e-02 8.038820689229725e-04
6.683345695714746e-02 4.889571742541924e-02 8.044300321698023e-04
6.698033032717969e-02 5.013051498894479e-02 8.065763715854673e-04
6.712720360930530e-02 4.976950556612766e-02 8.085028499669898e-04
6.727407680333160e-02 5.111615621203281e-02 8.076870706007599e-04
6.742094990906593e-02 4.981101671689556e-02 8.031594831700336e-04
6.756782292631559e-02 4.979314004009799e-02 8.025858215675325e-04
6.771469585488793e-02 4.958126263528951e-02 7.978003476742361e-04
6.786156869459029e-02 4.771934142031178e-02 7.964448945572609e-04
6.800844144522995e-02 4.847984950673890e-02 7.956805911594148e-04
6.815531410661428e-02 4.876319335831384e-02 7.968401359392414e-04
6.830218667855054e-02 4.770741066363736e-02 7.959346020096169e-04
6.844905916084618e-02 4.750412355159276e-02 7.932745674705936e-04
6.859593155330840e-02 4.997943813985627e-02 7.986690062811407e-04
6.874280385574461e-02 4.811315916196736e-02 7.845486481028018e-04
6.888967606796213e-02 4.791262558324420e-02 7.915879056255213e-04
6.903654818976826e-02 4.931859098369801e-02 7.846326037648344e-04
6.918342022097036e-02 4.820573246357023e-02 7.794474560642458e-04
6.933029216137575e-02 4.633208157400841e-02 7.847916558956074e-04
6.947716401079176e-02 4.616592486563657e-02 7.715054421839516e-04
6.962403576902575e-02 4.694199943502263e-02 7.853481485678686e-04
6.977090743588503e-02 4.686098581159090e-02 7.778499630836285e-04
6.991777901117695e-02 4.738623798390530e-02 7.748830994696477e-04
7.006465049470884e-02 4.716894379688046e-02 7.781907038796781e-04
7.021152188628801e-02 4.591937044949383e-02 7.759240234493837e-04
7.035839318572186e-02 4.637115283049818e-02 7.764874091168043e-04
7.050526439281767e-02 4.624657487235329e-02 7.646463119692234e-04
7.065213550738278e-02 4.724684488726084e-02 7.703697331851200e-04
7.079900652922456e-02 4.572825087374963e-02 7.721272711558565e-04
7.094587745815036e-02 4.532201243092201e-02 7.587279203423617e-04
7.109274829396750e-02 4.709929077394080e-02 7.713350274054610e-04
7.123961903648333e-02 4.626451696303581e-02 7.588457691009223e-04
7.138648968550515e-02 4.653962419823347e-02 7.689701800157821e-04
7.153336024084035e-02 4.669275257180146e-02 7.731598578915086e-04
7.168023070229627e-02 4.648753034919070e-02 7.557478023635816e-04
7.182710106968025e-02 4.540967934300362e-02 7.633037711009339e-04
7.197397134279965e-02 4.527344588922837e-02 7.510758229092589e-04
7.212084152146177e-02 4.541051902969494e-02 7.578898033172112e-04
7.226771160547400e-02 4.530619154287684e-02 7.596693838355985e-04
7.241458159464363e-02 4.671941924646867e-02 7.574597709625019e-04
7.256145148877813e-02 4.686431019821849e-02 7.637519063518685e-04
7.270832128768472e-02 4.507279695648070e-02 7.543751844673345e-04
7.285519099117078e-02 4.455518813585497e-02 7.517468831603777e-04
7.300206059904372e-02 4.401524996456630e-02 7.491630004279381e-04
7.314893011111082e-02 4.364085805735871e-02 7.425448890176973e-04
7.329579952717949e-02 4.441359834446030e-02 7.502542203332204e-04
7.344266884705702e-02 4.390457852191793e-02 7.453722476350349e-04
7.358953807055085e-02 4.435084861623312e-02 7.497850387787146e-04
7.373640719746824e-02 4.409514772756093e-02 7.378401990966362e-04
7.388327622761658e-02 4.453434135606410e-02 7.431558611695792e-04
7.403014516080324e-02 4.323995745300366e-02 7.380483694667093e-04
7.417701399683559e-02 4.408742423277932e-02 7.458078213427439e-04
7.432388273552094e-02 4.449986116099693e-02 7.427903322497301e-04
7.447075137666670e-02 4.374065943523297e-02 7.295296611174614e-04
7.461761992008017e-02 4.394446720114772e-02 7.385125454174835e-04
7.476448836556873e-02 4.436152472885019e-02 7.282024133678555e-04
7.491135671293978e-02 4.389055229737795e-02 7.336509984428543e-04
7.505822496200062e-02 4.448402054345905e-02 7.282826226230993e-04
7.520509311255867e-02 4.335388071878480e-02 7.271550020864148e-04
7.535196116442125e-02 4.364893243165863e-02 7.348470191248616e-04
7.549882911739574e-02 4.291146684121890e-02 7.262412023263242e-04
7.564569697128951e-02 4.265877218024652e-02 7.291381787560639e-04
7.579256472590988e-02 4.379397884302377e-02 7.260254744833826e-04
7.593943238106428e-02 4.418278472426757e-02 7.279604832672896e-04
7.608629993656001e-02 4.365967642025159e-02 7.264405743595548e-04
7.623316739220451e-02 4.403937588295975e-02 7.184659811690864e-04
7.638003474780510e-02 4.399934843101889e-02 7.223944164433938e-04
7.652690200316913e-02 4.148314704142751e-02 7.240546893690983e-04
7.667376915810399e-02 4.335308257142274e-02 7.268164648716614e-04
7.682063621241707e-02 4.328422023163157e-02 7.268737206742818e-04
7.696750316591573e-02 4.272335964777563e-02 7.195234222467388e-04
7.711437001840733e-02 4.277132184672273e-02 7.257159415179095e-04
7.726123676969926e-02 4.366350707262404e-02 7.206545293765537e-04
7.740810341959885e-02 4.309863466553102e-02 7.199142767760618e-04
7.755496996791353e-02 4.318131975984311e-02 7.204613070109392e-04
7.770183641445062e-02 4.233641183906913e-02 7.189606419849061e-04
7.784870275901755e-02 4.225591004019694e-02 7.190416405944756e-04
7.799556900142161e-02 4.199629562185055e-02 7.114099716274224e-04
7.814243514147029e-02 4.080744064392212e-02 7.131053640860848e-04
7.828930117897089e-02 4.346767272958074e-02 7.163743627747440e-04
7.843616711373082e-02 4.145924386866639e-02 7.145814656212229e-04
7.858303294555745e-02 4.195509347454359e-02 7.121951818996224e-04
7.872989867425814e-02 4.221970378861022e-02 7.046334657272677e-04
7.887676429964030e-02 4.258012307412909e-02 7.070392166141731e-04
7.902362982151130e-02 4.161262744899270e-02 7.086538990218811e-04
7.917049523967849e-02 4.210283035763863e-02 7.131337407186302e-04
7.931736055394929e-02 4.163580715728894e-02 7.041302505586340e-04
7.946422576413109e-02 4.139936176301384e-02 7.053253857566784e-04
7.961109087003126e-02 4.142970476653014e-02 7.149517916972726e-04
7.975795587145719e-02 4.144988595571622e-02 7.025442533846388e-04
7.990482076821626e-02 4.084481535226324e-02 7.068686066711717e-04
8.005168556011584e-02 4.277461226010285e-02 7.078147980556211e-04
8.019855024696333e-02 4.130885012332670e-02 7.058855049706478e-04
8.034541482856614e-02 4.179219975418473e-02 7.078666963464688e-04
8.049227930473164e-02 4.026883238031032e-02 7.055257557334267e-04
8.063914367526719e-02 4.094078270718573e-02 7.005790308629926e-04
8.078600793998023e-02 4.155091016723032e-02 7.008088529513616e-04
8.093287209867814e-02 4.147365803574416e-02 7.025251096492530e-04
8.107973615116830e-02 4.161487368215794e-02 7.019701346990287e-04
8.122660009725811e-02 4.167150932683053e-02 6.914971249854298e-04
8.137346393675496e-02 4.243809389208944e-02 7.049891056060181e-04
8.152032766946624e-02 4.146115701906868e-02 6.975431670333056e-04
8.166719129519935e-02 4.089461581179506e-02 6.960089316339241e-04
8.181405481376169e-02 4.155275573654684e-02 6.957870825545394e-04
8.196091822496063e-02 4.085458073624739e-02 6.956579166700992e-04
8.210778152860361e-02 4.101910525103266e-02 7.025398348388651e-04
8.225464472449802e-02 4.011620914845921e-02 6.907899127219481e-04
8.240150781245126e-02 4.144322520097017e-02 6.984753642281846e-04
8.254837079227068e-02 4.152247386178901e-02 6.903319477248041e-04
8.269523366376372e-02 4.063293372314418e-02 6.980706230544857e-04
8.284209642673782e-02 4.027558463144622e-02 6.953146291775425e-04
8.298895908100032e-02 4.001290301331566e-02 6.946295493412302e-04
8.313582162635863e-02 4.083049954874629e-02 6.913470885527668e-04
8.328268406262020e-02 4.108947698571725e-02 6.869815994785376e-04
8.342954638959241e-02 3.920644510362342e-02 6.876403097575207e-04
8.357640860708263e-02 3.971632657876249e-02 6.894607443014367e-04
8.372327071489834e-02 4.072945186342165e-02 6.851228261016429e-04
8.387013271284686e-02 3.958352149085233e-02 6.877465429061194e-04
8.401699460073567e-02 4.058373967830045e-02 6.783755597869989e-04
8.416385637837218e-02 4.015858067100401e-02 6.846518504759984e-04
8.431071804556375e-02 4.049260441277550e-02 6.878097675886816e-04
8.445757960211780e-02 4.043588524841124e-02 6.867717038315769e-04
8.460444104784176e-02 4.051768001284884e-02 6.908978807731657e-04
8.475130238254304e-02 3.950809395617276e-02 6.794986304358464e-04
8.489816360602907e-02 3.973410671254658e-02 6.930727129957987e-04
8.504502471810724e-02 3.994731925039316e-02 6.792164345582925e-04
8.519188571858496e-02 3.991486311619960e-02 6.826451265068603e-04
8.533874660726967e-02 3.852087810296919e-02 6.794354367755905e-04
8.548560738396878e-02 4.035053897836012e-02 6.847987799482119e-04
8.563246804848969e-02 3.923628594838091e-02 6.775516452769366e-04
8.577932860063983e-02 4.015100467132796e-02 6.848707481132483e-04
8.592618904022660e-02 3.968042718751528e-02 6.767961613143421e-04
8.607304936705747e-02 3.982471727804933e-02 6.789753649467284e-04
8.621990958093982e-02 4.051932467637440e-02 6.760133261578437e-04
8.636676968168105e-02 3.933743367269773e-02 6.794698093449465e-04
8.651362966908867e-02 3.952057884309709e-02 6.774284319112944e-04
8.666048954297001e-02 3.901412345115541e-02 6.729221027096404e-04
8.680734930313255e-02 3.985868719825652e-02 6.769918538129942e-04
8.695420894938369e-02 3.947336248759996e-02 6.729891678680482e-04
8.710106848153085e-02 3.871272486019473e-02 6.766824682544097e-04
8.724792789938152e-02 3.960610795587653e-02 6.720332699768529e-04
8.739478720274303e-02 3.984939939763564e-02 6.747844701970235e-04
8.754164639142284e-02 3.809695068716282e-02 6.715045194594237e-04
8.768850546522844e-02 3.936832527457680e-02 6.715387386132398e-04
8.783536442396719e-02 3.901812582548036e-02 6.738793568116250e-04
8.798222326744658e-02 3.859392730339337e-02 6.707273489899443e-04
8.812908199547397e-02 3.829149107414345e-02 6.679730664492354e-04
8.827594060785686e-02 3.825513176461692e-02 6.737971577879889e-04
8.842279910440262e-02 3.809932116706680e-02 6.694378996279524e-04
8.856965748491875e-02 3.820248847815660e-02 6.658402374833676e-04
8.871651574921269e-02 3.871836371656459e-02 6.674528712389690e-04
8.886337389709180e-02 3.788502027675725e-02 6.682239425701781e-04
8.901023192836355e-02 3.843633316097626e-02 6.680228944037696e-04
8.915708984283539e-02 3.840468592760421e-02 6.682489838920634e-04
8.930394764031480e-02 3.847523421421484e-02 6.634611887440757e-04
8.945080532060913e-02 3.888753604066164e-02 6.732339871224075e-04
8.959766288352591e-02 3.918283685225468e-02 6.615814459451362e-04
8.974452032887251e-02 3.929595044166860e-02 6.674700470428936e-04
8.989137765645640e-02 3.865508228698843e-02 6.618213755294643e-04
9.003823486608507e-02 3.844642931537676e-02 6.579585141168975e-04
9.018509195756588e-02 3.832790445558701e-02 6.653048561587936e-04
9.033194893070630e-02 3.986687907825151e-02 6.623046016361224e-04
9.047880578531384e-02 3.807869557633062e-02 6.683774361801734e-04
9.062566252119587e-02 3.850095085845414e-02 6.589194412086384e-04
9.077251913815987e-02 3.690538167364483e-02 6.561438791173988e-04
9.091937563601328e-02 3.689283176229755e-02 6.598872434256222e-04
9.106623201456360e-02 3.794792245524273e-02 6.586486174384370e-04
9.121308827361818e-02 3.691106709020626e-02 6.531962296378312e-04
9.135994441298455e-02 3.860875347728945e-02 6.615756369125709e-04
9.150680043247014e-02 3.755153407972345e-02 6.522309881182539e-04
9.165365633188237e-02 3.930895738972549e-02 6.609668614986019e-04
9.180051211102878e-02 3.721688684184887e-02 6.513122363122791e-04
9.194736776971676e-02 3.798460328144627e-02 6.591687221962586e-04
9.209422330775377e-02 3.741544353912109e-02 6.565597815210133e-04
9.224107872494727e-02 3.791867493654810e-02 6.525826345907423e-04
9.238793402110473e-02 3.764366403934419e-02 6.529925419875360e-04
9.253478919603364e-02 3.785076618966146e-02 6.487277679147016e-04
9.268164424954135e-02 3.848147787076842e-02 6.569838897076673e-04
9.282849918143544e-02 3.782176226896595e-02 6.500452138424879e-04
9.297535399152332e-02 3.716362077894130e-02 6.505756909329353e-04
9.312220867961245e-02 3.751107387888665e-02 6.542157403477815e-04
9.326906324551029e-02 3.767587450530104e-02 6.479848135025348e-04
9.341591768902432e-02 3.732810545943616e-02 6.517886024964030e-04
9.356277200996202e-02 3.686253528818501e-02 6.506343497377223e-04
9.370962620813084e-02 3.778628710524529e-02 6.493570381281553e-04
9.385648028333822e-02 3.593828662446528e-02 6.490609838609485e-04
9.400333423539166e-02 3.780543710868972e-02 6.451039588766117e-04
9.415018806409861e-02 3.683587816942340e-02 6.488669450736273e-04
9.429704176926657e-02 3.752370373181146e-02 6.457318878709584e-04
9.444389535070297e-02 3.683292918800502e-02 6.413494728111613e-04
9.459074880821530e-02 3.635031677839615e-02 6.455462195992990e-04
9.473760214161106e-02 3.680614400084756e-02 6.456039192554311e-04
9.488445535069767e-02 3.575045992051219e-02 6.447097976089673e-04
9.503130843528265e-02 3.698189418283358e-02 6.432376620465039e-04
9.517816139517343e-02 3.683512153154349e-02 6.446527616756454e-04
9.532501423017756e-02 3.666754879570110e-02 6.388924742549426e-04
9.547186694010244e-02 3.516680539254990e-02 6.367090410262904e-04
9.561871952475558e-02 3.615000944260008e-02 6.405425158927945e-04
9.576557198394450e-02 3.624892061761229e-02 6.413930273058761e-04
9.591242431747660e-02 3.662574302037341e-02 6.422424055099684e-04
9.605927652515940e-02 3.563507192713135e-02 6.360200583917318e-04
9.620612860680040e-02 3.699253511902501e-02 6.368814551719377e-04
9.635298056220708e-02 3.580487341125319e-02 6.355166761487685e-04
9.649983239118688e-02 3.633203014525849e-02 6.415922098056058e-04
9.664668409354732e-02 3.571990005930383e-02 6.362717501834738e-04
9.679353566909588e-02 3.452953692952531e-02 6.301714918762643e-04
9.694038711764005e-02 3.608967608655662e-02 6.394124776790376e-04
9.708723843898734e-02 3.549676203783464e-02 6.337478767762197e-04
9.723408963294519e-02 3.590954072884647e-02 6.344572536965589e-04
9.738094069932111e-02 3.491071892170959e-02 6.331986118356999e-04
9.752779163792259e-02 3.587526974648828e-02 6.314600529479073e-04
9.767464244855714e-02 3.547472401441459e-02 6.340672495742389e-04
9.782149313103225e-02 3.465407238509149e-02 6.323866375451034e-04
9.796834368515536e-02 3.474777282012229e-02 6.305986433747281e-04
9.811519411073406e-02 3.483875826929635e-02 6.252828553087621e-04
9.826204440757576e-02 3.546135855363650e-02 6.308356170430862e-04
9.840889457548796e-02 3.543455003956505e-02 6.322058268322396e-04
9.855574461427828e-02 3.514291967130388e-02 6.266433602583575e-04
9.870259452375403e-02 3.419415245226961e-02 6.277313461739885e-04
9.884944430372282e-02 3.527848447087082e-02 6.258581030364046e-04
9.899629395399215e-02 3.509837633048428e-02 6.317793141179803e-04
9.914314347436951e-02 3.535862000263854e-02 6.310532725013752e-04
9.928999286466240e-02 3.452092040773136e-02 6.193376322316845e-04
9.943684212467831e-02 3.439066423546346e-02 6.294217220104485e-04
9.958369125422474e-02 3.469553666945117e-02 6.266097234158703e-04
9.973054025310922e-02 3.368013555778658e-02 6.245576442392565e-04
9.987738912113926e-02 3.424927212086566e-02 6.229258797192279e-04
1.000242378581224e-01 3.519588998946087e-02 6.256113975138427e-04
1.001710864638660e-01 3.441728129286008e-02 6.393212241232067e-04
1.003179349381778e-01 3.417433948579623e-02 6.407231622406384e-04
1.004647832808650e-01 3.399121131508172e-02 6.527521286139272e-04
1.006116314917355e-01 3.326562464020670e-02 6.478585782045781e-04
1.007584795705964e-01 3.361635986809351e-02 6.559722502344075e-04
1.009053275172555e-01 3.515233606174761e-02 6.713591228740809e-04
1.010521753315203e-01 3.361519305783501e-02 6.610256335798960e-04
1.011990230131982e-01 3.324771964900752e-02 6.620865771629615e-04
1.013458705620967e-01 3.244213374571805e-02 6.650252841243155e-04
1.014927179780235e-01 3.254041114267461e-02 6.727621554100462e-04
1.016395652607859e-01 3.201921793999179e-02 6.769237862341501e-04
1.017864124101916e-01 3.304670830197433e-02 6.674876521011099e-04
1.019332594260479e-01 3.368002616928625e-02 6.834580150720396e-04
1.020801063081626e-01 3.321164454682456e-02 6.776670981737188e-04
1.022269530563430e-01 3.319353418387011e-02 6.901874175653211e-04
1.023737996703967e-01 3.318435430691460e-02 6.864139527810097e-04
1.025206461501313e-01 3.414659098308709e-02 6.868699815338561e-04
1.026674924953542e-01 3.265454843488356e-02 6.915724606956692e-04
1.028143387058730e-01 3.258139231197929e-02 6.963050217532617e-04
1.029611847814952e-01 3.397689541826918e-02 6.790629791649912e-04
1.031080307220284e-01 3.291457436864444e-02 6.714372309054673e-04
1.032548765272800e-01 3.249214351480806e-02 6.678080556985058e-04
1.034017221970575e-01 3.248081901280536e-02 6.642262686802523e-04
1.035485677311687e-01 3.319402528841189e-02 6.572410093362232e-04
1.036954131294208e-01 3.226129589966548e-02 6.550588160709862e-04
1.038422583916216e-01 3.164391128549963e-02 6.538232305705334e-04
1.039891035175785e-01 3.333877355749568e-02 6.526777814113050e-04
1.041359485070990e-01 3.204656808008548e-02 6.509501106119429e-04
1.042827933599908e-01 3.198075360842286e-02 6.412580616528359e-04
1.044296380760613e-01 3.221181200888308e-02 6.455277323644798e-04
1.045764826551180e-01 3.219072453137433e-02 6.449832739194423e-04
1.047233270969686e-01 3.203694575323381e-02 6.417218974927446e-04
1.048701714014205e-01 3.145970459612103e-02 6.341323862278693e-04
1.050170155682814e-01 3.159977023145750e-02 6.404150581980567e-04
1.051638595973586e-01 3.249642318140746e-02 6.411687460983116e-04
1.053107034884598e-01 3.255354320283534e-02 6.384311869275118e-04
1.054575472413926e-01 3.138021083141257e-02 6.328203190737457e-04
1.056043908559644e-01 3.257161435924687e-02 6.345379093872454e-04
1.057512343319829e-01 3.180225107603413e-02 6.354663749076247e-04
1.058980776692555e-01 3.246176384758786e-02 6.300385703514929e-04
1.060449208675899e-01 2.976067339866249e-02 6.247921793845039e-04
1.061917639267934e-01 3.204494292266137e-02 6.264099568600675e-04
1.063386068466738e-01 3.111565097110225e-02 6.263940718527800e-04
1.064854496270386e-01 3.142763149594702e-02 6.286486433329907e-04
1.066322922676953e-01 3.167893488326250e-02 6.218913240674421e-04
1.067791347684515e-01 3.100242766258548e-02 6.247649428819547e-04
1.069259771291147e-01 3.107880069024153e-02 6.257322853538120e-04
1.070728193494925e-01 3.123207530938171e-02 6.227335114220996e-04
1.072196614293924e-01 3.116828964444052e-02 6.242124090175172e-04
1.073665033686221e-01 3.105374153637570e-02 6.157740497843842e-04
1.075133451669889e-01 3.087391598521481e-02 6.189503125294264e-04
1.076601868243007e-01 3.053660900531108e-02 6.225184718621104e-04
1.078070283403648e-01 3.045668915387976e-02 6.156602321229597e-04
1.079538697149888e-01 3.064591649342038e-02 6.178810912279243e-04
1.081007109479804e-01 2.999318913901331e-02 6.107663129038388e-04
1.082475520391470e-01 3.001813921872848e-02 6.191058028989922e-04
1.083943929882962e-01 3.072600668929928e-02 6.154898274220180e-04
1.085412337952357e-01 3.000811459949453e-02 6.057299158722970e-04
1.086880744597730e-01 2.960563126732587e-02 6.176940327912066e-04
1.088349149817155e-01 2.989658898891686e-02 6.035258071739995e-04
1.089817553608711e-01 2.985024584067185e-02 6.139087908426266e-04
1.091285955970470e-01 2.972408709984352e-02 6.084951723220094e-04
1.092754356900511e-01 2.945835731884231e-02 6.041414219994973e-04
1.094222756396908e-01 2.992015210997586e-02 6.095838766427800e-04
1.095691154457736e-01 3.005082966225482e-02 5.983239952862372e-04
1.097159551081073e-01 3.001051509227782e-02 6.028856686446298e-04
1.098627946264993e-01 3.032365221616805e-02 6.005519424647684e-04
1.100096340007572e-01 2.953177347213506e-02 6.007088132406880e-04
1.101564732306887e-01 2.867268343043016e-02 5.998365094009562e-04
1.103033123161012e-01 2.966116352123273e-02 5.977418282225490e-04
1.104501512568025e-01 2.835017016322118e-02 5.969096058953683e-04
1.105969900525999e-01 2.995598820776298e-02 5.909351635463526e-04
1.107438287033013e-01 2.835891650906424e-02 5.967286077665418e-04
1.108906672087140e-01 2.873667757778622e-02 5.960050636491044e-04
1.110375055686457e-01 2.827070402794550e-02 5.997265815663394e-04
1.111843437829041e-01 2.866254397268416e-02 6.117676017928630e-04
1.113311818512966e-01 2.880606124070988e-02 6.126287344716566e-04
1.114780197736309e-01 2.910811385145030e-02 6.247934259241813e-04
1.116248575497145e-01 2.868983548103863e-02 6.243120690999667e-04
1.117716951793551e-01 2.879163960724893e-02 6.286628275223663e-04
1.119185326623603e-01 2.842809740378691e-02 6.356598363448071e-04
1.120653699985375e-01 2.867388656338482e-02 6.313308064774763e-04
1.122122071876945e-01 2.814318759609285e-02 6.366851882346480e-04
1.123590442296388e-01 2.815976440557201e-02 6.343843888445637e-04
1.125058811241781e-01 2.756081514337374e-02 6.455005406211473e-04
1.126527178711198e-01 2.795893911940484e-02 6.458246527809451e-04
1.127995544702717e-01 2.828448093788655e-02 6.439994955639339e-04
1.129463909214413e-01 2.778711878337650e-02 6.446168648937951e-04
1.130932272244362e-01 2.737661286135136e-02 6.348615875990162e-04
1.132400633790640e-01 2.808739451969092e-02 6.403921299089024e-04
1.133868993851323e-01 2.860287770440594e-02 6.378877060368068e-04
1.135337352424488e-01 2.766162887512629e-02 6.451639107372125e-04
1.136805709508210e-01 2.787201405086678e-02 6.502912692002405e-04
1.138274065100565e-01 2.770431818666632e-02 6.389991101292832e-04
1.139742419199631e-01 2.740456692509955e-02 6.421501037729924e-04
1.141210771803480e-01 2.844353171070177e-02 6.444809139761127e-04
1.142679122910192e-01 2.682593596710613e-02 6.459614268951870e-04
1.144147472517842e-01 2.652033262622321e-02 6.447899724364881e-04
1.145615820624505e-01 2.692538135304301e-02 6.403867377571437e-04
1.147084167228259e-01 2.868082845522461e-02 6.535919322359827e-04
1.148552512327178e-01 2.721123850747887e-02 6.421600456277676e-04
1.150020855919340e-01 2.782308791476737e-02 6.463791919247535e-04
1.151489198002821e-01 2.645312233111297e-02 6.489264929217601e-04
1.152957538575695e-01 2.691878287310916e-02 6.456677223116519e-04
1.154425877636041e-01 2.657190884616313e-02 6.489041009513064e-04
1.155894215181933e-01 2.684685501921670e-02 6.381308206423171e-04
1.157362551211449e-01 2.645036275177400e-02 6.487730395438464e-04
1.158830885722664e-01 2.600392844073470e-02 6.513183450758105e-04
1.160299218713654e-01 2.437686963210997e-02 6.440182541164168e-04
1.161767550182498e-01 2.501922414836379e-02 6.498233601433893e-04
1.163235880127268e-01 2.696893267464848e-02 6.448062984068727e-04
1.164704208546044e-01 2.646039374379087e-02 6.535706717155683e-04
1.166172535436900e-01 2.550655402371409e-02 6.477737722212308e-04
1.167640860797913e-01 2.628887918535385e-02 6.461606728112685e-04
1.169109184627159e-01 2.683101958470444e-02 6.512788200753036e-04
1.170577506922715e-01 2.541732112793237e-02 6.480757185217334e-04
1.172045827682657e-01 2.602579999412249e-02 6.527684437162402e-04
1.173514146905061e-01 2.455171837018875e-02 6.435013893120220e-04
1.174982464588003e-01 2.569008141264052e-02 6.457630180595199e-04
1.176450780729561e-01 2.550441768963802e-02 6.536073599423428e-04
1.177919095327811e-01 2.482199497343644e-02 6.523430482988433e-04
1.179387408380827e-01 2.480717777313985e-02 6.488033033133656e-04
1.180855719886688e-01 2.398372438500958e-02 6.459610079494943e-04
1.182324029843469e-01 2.531027796112455e-02 6.563860766686836e-04
1.183792338249248e-01 2.534553293713682e-02 6.532874879503483e-04
1.185260645102099e-01 2.420508868689927e-02 6.471066189700552e-04
1.186728950400101e-01 2.582494231148788e-02 6.491200986293274e-04
1.188197254141328e-01 2.468839752245007e-02 6.518923045199505e-04
1.189665556323859e-01 2.414604940488321e-02 6.585541337812018e-04
1.191133856945769e-01 2.542399277587027e-02 6.523295761252186e-04
1.192602156005134e-01 2.467716583206167e-02 6.522807470664137e-04
1.194070453500032e-01 2.482501837397990e-02 6.509907673089252e-04
1.195538749428538e-01 2.595912611483421e-02 6.548623565614004e-04
1.197007043788729e-01 2.371984219932993e-02 6.549718809954644e-04
1.198475336578682e-01 2.509806781345685e-02 6.482491634904649e-04
1.199943627796474e-01 2.489660732248390e-02 6.590437632295604e-04
1.201411917440180e-01 2.378709862525915e-02 6.469302220389285e-04
1.202880205507879e-01 2.425803367975234e-02 6.529051373578682e-04
1.204348491997644e-01 2.398530873272267e-02 6.516180266549906e-04
1.205816776907555e-01 2.358325436893667e-02 6.491662481495224e-04
1.207285060235687e-01 2.391987640346781e-02 6.568631368156195e-04
1.208753341980116e-01 2.318043283907859e-02 6.502201753175737e-04
1.210221622138920e-01 2.426408300243625e-02 6.506676549213997e-04
1.211689900710175e-01 2.401493340032285e-02 6.464238774536912e-04
1.213158177691958e-01 2.492641018631656e-02 6.567425119730368e-04
1.214626453082345e-01 2.376609059216985e-02 6.582588124973228e-04
1.216094726879414e-01 2.285918176379436e-02 6.467961377305186e-04
1.217562999081240e-01 2.448157419425764e-02 6.547262751226653e-04
1.219031269685900e-01 2.262767555800733e-02 6.486761903913400e-04
1.220499538691473e-01 2.386016575730809e-02 6.561227483999130e-04
1.221967806096032e-01 2.364943198312722e-02 6.547499751866281e-04
1.223436071897657e-01 2.440497497735077e-02 6.464938182049111e-04
1.224904336094423e-01 2.370903982820197e-02 6.585221525792854e-04
1.226372598684407e-01 2.265198389357156e-02 6.523491600349991e-04
1.227840859665686e-01 2.303832548113363e-02 6.594734038824547e-04
1.229309119036337e-01 2.334994985776684e-02 6.510133922607944e-04
1.230777376794436e-01 2.352147748290810e-02 6.490875396422992e-04
1.232245632938061e-01 2.242116585744052e-02 6.578308393051547e-04
1.233713887465287e-01 2.327343620395637e-02 6.435212345435391e-04
1.235182140374194e-01 2.196255863178354e-02 6.531151901016507e-04
1.236650391662856e-01 2.241726551532471e-02 6.510049105600782e-04
1.238118641329350e-01 2.173157444135581e-02 6.493842091914022e-04
1.239586889371753e-01 2.218716160538770e-02 6.580713684421083e-04
1.241055135788144e-01 2.033372125116388e-02 6.451578765619726e-04
1.242523380576598e-01 2.153142388919280e-02 6.531245945571892e-04
1.243991623735193e-01 2.128501887958111e-02 6.451889826611388e-04
1.245459865262004e-01 2.285451676405905e-02 6.546245780080090e-04
1.246928105155109e-01 2.226251932050620e-02 6.532896469318401e-04
1.248396343412586e-01 2.159834693325986e-02 6.477263184764372e-04
1.249864580032510e-01 2.181651107499382e-02 6.506050099696420e-04
1.251332815012960e-01 2.121835617354754e-02 6.500100057661168e-04
1.252801048352011e-01 2.124709518642816e-02 6.512900880603223e-04
1.254269280047742e-01 2.080166617178827e-02 6.506033876428299e-04
1.255737510098228e-01 2.084500023554505e-02 6.483943443239779e-04
1.257205738501548e-01 2.131000106090994e-02 6.553157096922193e-04
1.258673965255777e-01 2.120414493071822e-02 6.513409571206622e-04
1.260142190358993e-01 2.153253031705065e-02 6.545725833574053e-04
1.261610413809274e-01 2.087994486295029e-02 6.532377499525259e-04
1.263078635604696e-01 2.233401292964605e-02 6.494963907010229e-04
1.264546855743336e-01 2.158695938194950e-02 6.578301932401361e-04
1.266015074223272e-01 2.213375477984983e-02 6.464643968046047e-04
1.267483291042580e-01 2.033192186987910e-02 6.451459238972210e-04
1.268951506199338e-01 2.081603969692618e-02 6.423468561577289e-04
1.270419719691622e-01 2.038773800760817e-02 6.465869799962401e-04
1.271887931517510e-01 2.105929538091123e-02 6.412367367791182e-04
1.273356141675080e-01 2.077352679518980e-02 6.452799830144393e-04
1.274824350162407e-01 2.107610855207659e-02 6.446355187954060e-04
1.276292556977570e-01 2.078652714731913e-02 6.438309495158760e-04
1.277760762118645e-01 1.933098392854848e-02 6.446641560687621e-04
1.279228965583711e-01 2.030315530550930e-02 6.405035232590022e-04
1.280697167370843e-01 2.060011801806750e-02 6.469335111231187e-04
1.282165367478119e-01 1.980599763426168e-02 6.455505379576081e-04
1.283633565903617e-01 2.154151218884407e-02 6.398225785346353e-04
1.285101762645414e-01 2.001557974145749e-02 6.437508033226157e-04
1.286569957701586e-01 2.062353712064362e-02 6.386688631428871e-04
1.288038151070212e-01 2.076142490327659e-02 6.435366728963524e-04
1.289506342749369e-01 2.083207431626410e-02 6.443237143329097e-04
1.290974532737133e-01 1.986308927939432e-02 6.380952968630246e-04
1.292442721031583e-01 2.066549420800210e-02 6.459042525249476e-04
1.293910907630794e-01 1.937031729500454e-02 6.367339818620360e-04
1.295379092532846e-01 1.888668831436640e-02 6.385606139757456e-04
1.296847275735815e-01 1.928409334895432e-02 6.399354281166983e-04
1.298315457237779e-01 1.848869348451818e-02 6.368822683847977e-04
1.299783637036815e-01 1.931036937950787e-02 6.481553688520566e-04
1.301251815131000e-01 1.920432993980979e-02 6.342456983102463e-04
1.302719991518412e-01 1.866743797492826e-02 6.394704585119887e-04
1.304188166197129e-01 1.870439109260403e-02 6.373528855676307e-04
1.305656339165226e-01 1.855183919446308e-02 6.467668187217156e-04
1.307124510420783e-01 2.022445474255693e-02 6.450813966150030e-04
1.308592679961877e-01 1.862813695676323e-02 6.408869288352654e-04
1.310060847786584e-01 1.907630751978881e-02 6.391511850687200e-04
1.311529013892983e-01 1.832600348775363e-02 6.394638774036898e-04
1.312997178279152e-01 1.886335947718738e-02 6.427267988674853e-04
1.314465340943166e-01 1.955588680685988e-02 6.414846269235750e-04
1.315933501883105e-01 1.843826500240180e-02 6.313691832683382e-04
1.317401661097045e-01 1.917571279122568e-02 6.411445330976901e-04
1.318869818583065e-01 1.819146344486862e-02 6.403465982230610e-04
1.320337974339242e-01 1.857750131887845e-02 6.444791105006773e-04
1.321806128363652e-01 1.844164129706891e-02 6.389739163015770e-04
1.323274280654375e-01 1.893486474269014e-02 6.436303872148635e-04
1.324742431209487e-01 1.920740161462530e-02 6.507497754471499e-04
1.326210580027065e-01 1.868373490673880e-02 6.354935950108725e-04
1.327678727105190e-01 1.858293760749155e-02 6.412469149308833e-04
1.329146872441935e-01 1.773010381499324e-02 6.353956871731123e-04
1.330615016035382e-01 1.887047935571044e-02 6.404586463815398e-04
1.332083157883606e-01 1.821362005593646e-02 6.361168040555046e-04
1.333551297984685e-01 1.889643333635892e-02 6.429597041076353e-04
1.335019436336697e-01 1.677893194557607e-02 6.374814549888025e-04
1.336487572937721e-01 1.702086755524665e-02 6.357211326078987e-04
1.337955707785833e-01 1.754978639681824e-02 6.462555186894305e-04
1.339423840879111e-01 1.850504294140968e-02 6.471888344170771e-04
1.340891972215633e-01 1.823883517925854e-02 6.371185116543534e-04
1.342360101793477e-01 1.883477440144652e-02 6.407773470015841e-04
1.343828229610720e-01 1.814818858191196e-02 6.313573520982579e-04
1.345296355665440e-01 1.798518855395130e-02 6.428657959683152e-04
1.346764479955716e-01 1.739145986819775e-02 6.352878239506133e-04
1.348232602479625e-01 1.728040252297183e-02 6.402856269912862e-04
1.349700723235245e-01 1.726736348427886e-02 6.376327693229010e-04
1.351168842220653e-01 1.851399152755235e-02 6.367444431457694e-04
1.352636959433928e-01 1.918882710878884e-02 6.444204447214392e-04
1.354105074873147e-01 1.829205692432591e-02 6.320621329374502e-04
1.355573188536388e-01 1.632027325640605e-02 6.382532753326527e-04
1.357041300421729e-01 1.777926641501178e-02 6.397144250066811e-04
1.358509410527249e-01 1.640264147762555e-02 6.388757756195504e-04
1.359977518851024e-01 1.669073897707156e-02 6.417422499410605e-04
1.361445625391133e-01 1.679445268758793e-02 6.297437600569229e-04
1.362913730145654e-01 1.782173227379810e-02 6.391956907089486e-04
1.364381833112665e-01 1.757676158654770e-02 6.341663142400984e-04
1.365849934290243e-01 1.692283174174039e-02 6.359126749239933e-04
1.367318033676468e-01 1.641603999636094e-02 6.425626574573274e-04
1.368786131269416e-01 1.660271874568018e-02 6.321959911237825e-04
1.370254227067166e-01 1.674150902647758e-02 6.350194035066546e-04
1.371722321067795e-01 1.683593768258228e-02 6.318668847917822e-04
1.373190413269383e-01 1.722561196997535e-02 6.370810884010539e-04
1.374658503670007e-01 1.576609203347114e-02 6.366365387796859e-04
1.376126592267744e-01 1.619100927205170e-02 6.344754010567675e-04
1.377594679060673e-01 1.578583781678079e-02 6.431546717280321e-04
1.379062764046873e-01 1.508581424970380e-02 6.261532575979597e-04
1.380530847224421e-01 1.645161032427015e-02 6.403446457503267e-04
1.381998928591395e-01 1.525062432037954e-02 6.396614360053979e-04
1.383467008145873e-01 1.502821357309416e-02 6.297723163829595e-04
1.384935085885935e-01 1.646742613272807e-02 6.399954578441894e-04
1.386403161809657e-01 1.623100775215451e-02 6.287468787738034e-04
1.387871235915119e-01 1.603696006523492e-02 6.352452967354021e-04
1.389339308200397e-01 1.560814823324161e-02 6.353531132820640e-04
1.390807378663571e-01 1.457365737301585e-02 6.271290868727057e-04
1.392275447302719e-01 1.501596608855353e-02 6.339243589439751e-04
1.393743514115918e-01 1.633712355638780e-02 6.329714491264874e-04
1.395211579101248e-01 1.474861146693969e-02 6.375089288769511e-04
1.396679642256785e-01 1.448412132351878e-02 6.340587582808643e-04
1.398147703580609e-01 1.560015085077588e-02 6.330206918956421e-04
1.399615763070799e-01 1.565936782739182e-02 6.374349503781294e-04
1.401083820725432e-01 1.472660754665195e-02 6.375801792188593e-04
1.402551876542587e-01 1.494320052806108e-02 6.394569129142013e-04
1.404019930520340e-01 1.506382486172141e-02 6.356459535711951e-04
1.405487982656773e-01 1.613420612881487e-02 6.448816920358748e-04
1.406956032949962e-01 1.327173222672460e-02 6.489810193729288e-04
1.408424081397986e-01 1.471285004184413e-02 6.684090310811229e-04
1.409892127998923e-01 1.486062515690421e-02 6.754968732508190e-04
1.411360172750852e-01 1.417618813155939e-02 6.857233017794723e-04
1.412828215651852e-01 1.529132517070909e-02 6.971981050738837e-04
1.414296256699999e-01 1.592639874674632e-02 6.950639910477361e-04
1.415764295893374e-01 1.564513492325444e-02 7.105985212320380e-04
1.417232333230055e-01 1.520036409736886e-02 7.066644097365428e-04
1.418700368708119e-01 1.493557075727074e-02 7.217293841896044e-04
1.420168402325645e-01 1.326863972107367e-02 7.266519097209241e-04
1.421636434080713e-01 1.457184286738031e-02 7.242995437500746e-04
1.423104463971400e-01 1.363738483621442e-02 7.401118553932075e-04
1.424572491995785e-01 1.447789673032936e-02 7.450462707872697e-04
1.426040518151946e-01 1.367491647431682e-02 7.561148704556917e-04
1.427508542437963e-01 1.449277289837608e-02 7.485366154849998e-04
1.428976564851913e-01 1.355096094163233e-02 7.586716815063452e-04
1.430444585391876e-01 1.535587546548360e-02 7.733475014440004e-04
1.431912604055929e-01 1.433664741850986e-02 7.759353993946805e-04
1.433380620842152e-01 1.470022854404646e-02 7.757845914314499e-04
1.434848635748623e-01 1.503761529609409e-02 7.797992701199012e-04
1.436316648773420e-01 1.297622499669077e-02 7.781106200062698e-04
1.437784659914622e-01 1.459947722739422e-02 7.991608376228501e-04
1.439252669170309e-01 1.425113368769092e-02 8.120963010895408e-04
1.440720676538558e-01 1.428195422878492e-02 7.921797405837207e-04
1.442188682017449e-01 1.411647093240993e-02 8.098172639312182e-04
1.443656685605060e-01 1.199404812924498e-02 8.102742508539832e-04
1.445124687299469e-01 1.237908859015455e-02 8.239037314661054e-04
1.446592687098756e-01 1.273974786797544e-02 8.165585477315240e-04
1.448060685000999e-01 1.214789446316070e-02 8.364089156370520e-04
1.449528681004278e-01 1.429331938106832e-02 8.343476714917838e-04
1.450996675106670e-01 1.242454723909244e-02 8.344846324547066e-04
1.452464667306255e-01 1.447462119840730e-02 8.397007578889548e-04
1.453932657601112e-01 1.279930540562773e-02 8.459039184146441e-04
1.455400645989318e-01 1.247027688245770e-02 8.529380892111263e-04
1.456868632468954e-01 1.309555427885418e-02 8.533948589864731e-04
1.458336617038097e-01 1.454395956596600e-02 8.689559982448425e-04
1.459804599694828e-01 1.366529482162262e-02 8.629989885396478e-04
1.461272580437224e-01 1.229750306254015e-02 8.773238820800830e-04
1.462740559263364e-01 1.312623005876223e-02 8.805086155291992e-04
1.464208536171328e-01 1.195484366466542e-02 8.893005444303727e-04
1.465676511159195e-01 1.195449072548556e-02 8.886657746117793e-04
1.467144484225043e-01 1.199751050517578e-02 8.868003004517586e-04
1.468612455366952e-01 1.210648870678433e-02 8.932889753550157e-04
1.470080424582999e-01 1.207262168608944e-02 9.074264096764368e-04
1.471548391871265e-01 1.207630937153800e-02 8.899699972867988e-04
1.473016357229828e-01 1.208971821601486e-02 9.222589939709242e-04
1.474484320656767e-01 1.219889140309545e-02 9.068850058117328e-04
1.475952282150162e-01 1.269732754280793e-02 9.213357584386813e-04
1.477420241708091e-01 1.210008108215387e-02 9.151402869647021e-04
1.478888199328633e-01 1.311724622542793e-02 9.272016284254192e-04
1.480356155009868e-01 1.270939417816685e-02 9.322986833210080e-04
1.481824108749874e-01 1.176246069740839e-02 9.153993104037712e-04
1.483292060546731e-01 1.211541637249265e-02 9.433713567914594e-04
1.484760010398518e-01 1.258617160084593e-02 9.175042272626380e-04
1.486227958303313e-01 9.550951505088952e-03 9.334963266161969e-04
1.487695904259196e-01 1.237776010164504e-02 9.588657963143190e-04
1.489163848264247e-01 1.339281985331636e-02 9.291315466992763e-04
1.490631790316544e-01 1.077360819089244e-02 9.577012542069712e-04
1.492099730414167e-01 1.207564915399277e-02 9.880323127129833e-04
1.493567668555194e-01 1.105544099849355e-02 9.613182456748374e-04
1.495035604737705e-01 1.189870489389589e-02 9.609687476778442e-04
1.496503538959780e-01 1.342589946666431e-02 9.453322734777827e-04
1.497971471219496e-01 1.208207423348358e-02 9.679866365809286e-04
1.499439401514935e-01 1.062139846691449e-02 9.301166630427987e-04
1.500907329844174e-01 1.124419766935650e-02 9.678173222395566e-04
1.502375256205293e-01 1.103421604000662e-02 9.450072216733076e-04
1.503843180596373e-01 1.052214887732366e-02 9.483061277849732e-04
1.505311103015491e-01 9.903067940578242e-03 9.735848012685286e-04
1.506779023460727e-01 1.179613601380842e-02 9.502978804720815e-04
1.508246941930161e-01 1.262935778103589e-02 9.781710351951466e-04
1.509714858421872e-01 1.111457424118401e-02 9.532507306113075e-04
1.511182772933938e-01 1.285846213302365e-02 9.677263824933845e-04
1.512650685464441e-01 1.026137860275255e-02 9.775688605816182e-04
1.514118596011459e-01 1.048751992131518e-02 9.548677988409847e-04
1.515586504573071e-01 1.259650974492204e-02 9.840625088672460e-04
1.517054411147357e-01 1.075850540704080e-02 9.643308554657833e-04
1.518522315732397e-01 1.102756706469128e-02 9.819093409774171e-04
1.519990218326269e-01 1.074701113155876e-02 9.788825689008521e-04
1.521458118927054e-01 1.076054662867080e-02 9.651216697093255e-04
1.522926017532831e-01 1.073403582061151e-02 9.954421632666337e-04
1.524393914141679e-01 9.158433288560648e-03 9.654194393946595e-04
1.525861808751677e-01 9.571973695435498e-03 9.963364828690410e-04
1.527329701360906e-01 9.094101070858259e-03 9.798777653400783e-04
1.528797591967446e-01 1.147772734185790e-02 9.922051781384707e-04
1.530265480569374e-01 1.085793854291154e-02 1.023541412157054e-03
1.531733367164773e-01 1.185325649746612e-02 9.713413832754070e-04
1.533201251751719e-01 1.050695396844975e-02 1.012185414724024e-03
1.534669134328294e-01 1.054940478380247e-02 9.878922206569226e-04
1.536137014892578e-01 1.009496281093609e-02 1.017411161776314e-03
1.537604893442648e-01 1.095262025454883e-02 1.031525292958183e-03
1.539072769976586e-01 1.026945761056064e-02 1.007394296253451e-03
1.540540644492471e-01 1.053433301949708e-02 1.039466859247413e-03
1.542008516988383e-01 9.096718181526183e-03 1.011377350936208e-03
1.543476387462401e-01 9.122064364656951e-03 1.041245615185369e-03
1.544944255912605e-01 1.066481871591403e-02 1.031619286301029e-03
1.546412122337075e-01 9.506330175810351e-03 1.032618532713341e-03
1.547879986733890e-01 1.162563288448796e-02 1.046747064144757e-03
1.549347849101131e-01 8.629936401403793e-03 1.024004596160328e-03
1.550815709436878e-01 1.159739213096378e-02 1.053709116921441e-03
1.552283567739209e-01 9.002652259181192e-03 1.033624159624915e-03
1.553751424006205e-01 8.874286605981311e-03 1.046192482344692e-03
1.555219278235946e-01 1.028812502810131e-02 1.063648322973270e-03
1.556687130426511e-01 9.647449434912003e-03 1.054243895225650e-03
1.558154980575980e-01 8.318024491735181e-03 1.055519003643755e-03
1.559622828682433e-01 9.542417383053042e-03 1.056185606437245e-03
1.561090674743951e-01 1.041586468439761e-02 1.076437653011969e-03
1.562558518758612e-01 8.649713146502983e-03 1.059954077948080e-03
1.564026360724498e-01 8.098690696354039e-03 1.071399694646816e-03
1.565494200639687e-01 1.082524269165444e-02 1.068981305075372e-03
1.566962038502260e-01 1.002713313345089e-02 1.082989381559528e-03
1.568429874310297e-01 1.054418016916444e-02 1.099512938496728e-03
1.569897708061878e-01 9.148828432355699e-03 1.093583704021526e-03
1.571365539755082e-01 9.046469937194939e-03 1.090950173357759e-03
1.572833369387990e-01 7.644202842301951e-03 1.081311118361949e-03
1.574301196958682e-01 9.990464567385346e-03 1.084644126417312e-03
1.575769022465238e-01 9.776596961217464e-03 1.115827722307086e-03
1.577236845905738e-01 1.003924321565503e-02 1.075517887116834e-03
1.578704667278262e-01 8.675585987590573e-03 1.107359644876183e-03
1.580172486580890e-01 8.388430098363502e-03 1.104023304308640e-03
1.581640303811701e-01 8.334249051221265e-03 1.097972026297796e-03
1.583108118968778e-01 8.947406955851502e-03 1.123378527520904e-03
1.584575932050198e-01 7.505559684198274e-03 1.117935395375104e-03
1.586043743054044e-01 8.852054532789809e-03 1.152535722746508e-03
1.587511551978395e-01 8.562421583417943e-03 1.147342953775786e-03
1.588979358821330e-01 7.211989902180269e-03 1.125210499544336e-03
1.590447163580930e-01 9.194562360397781e-03 1.149574332838319e-03
1.591914966255276e-01 9.450791153776852e-03 1.152071688282562e-03
1.593382766842448e-01 1.117952176261952e-02 1.170074052201621e-03
1.594850565340525e-01 9.413819879174416e-03 1.164139036443730e-03
1.596318361747588e-01 8.930882628508226e-03 1.153729074791752e-03
1.597786156061718e-01 7.300274985670971e-03 1.169037581239701e-03
1.599253948280995e-01 8.203274863904909e-03 1.159281222418551e-03
1.600721738403499e-01 9.292683193122509e-03 1.197192845569093e-03
1.602189526427309e-01 8.980005244954816e-03 1.184487391904697e-03
1.603657312350509e-01 7.202091812991973e-03 1.199880150342113e-03
1.605125096171175e-01 8.261054534974418e-03 1.180835930512198e-03
1.606592877887390e-01 6.944439054086139e-03 1.177202458203753e-03
1.608060657497234e-01 7.835663080691746e-03 1.209347661708770e-03
1.609528434998787e-01 8.422557747590459e-03 1.204296576350449e-03
1.610996210390131e-01 7.094772443489918e-03 1.191604467240789e-03
1.612463983669344e-01 1.141085959810718e-02 1.249445771481276e-03
1.613931754834508e-01 7.296377234268683e-03 1.204062872756910e-03
1.615399523883702e-01 6.552102645301922e-03 1.221984369070745e-03
1.616867290815008e-01 7.993293847689653e-03 1.219129278289055e-03
1.618335055626506e-01 9.610164135775760e-03 1.262378114123467e-03
1.619802818316277e-01 9.664529089909796e-03 1.259738242138545e-03
1.621270578882401e-01 7.601015430225242e-03 1.237096629352729e-03
1.622738337322958e-01 7.584975284910485e-03 1.242964936032428e-03
1.624206093636030e-01 8.721879358691415e-03 1.252763415402920e-03
1.625673847819697e-01 6.041051237415005e-03 1.262065603270146e-03
1.627141599872038e-01 9.114759447903418e-03 1.281482743627659e-03
1.628609349791136e-01 5.776664998112250e-03 1.277526156448094e-03
1.630077097575070e-01 7.948590212572857e-03 1.276121653018836e-03
1.631544843221922e-01 8.752472283143138e-03 1.256654823681597e-03
1.633012586729772e-01 8.283496821517364e-03 1.291820776334841e-03
1.634480328096700e-01 8.055051860970362e-03 1.307458828580319e-03
1.635948067320787e-01 8.571636467984079e-03 1.307221257111436e-03
1.637415804400115e-01 7.116775293422705e-03 1.281830580834921e-03
1.638883539332764e-01 8.703290564427821e-03 1.328453748540478e-03
1.640351272116813e-01 6.539397055753099e-03 1.309842220313986e-03
1.641819002750345e-01 7.889514699239075e-03 1.349251746830210e-03
1.643286731231440e-01 5.589031647570661e-03 1.311542881912322e-03
1.644754457558179e-01 8.406918889858041e-03 1.335778409113536e-03
1.646222181728642e-01 9.591899933397562e-03 1.361898348843390e-03
1.647689903740911e-01 8.344849938873635e-03 1.360588674844413e-03
1.649157623593066e-01 6.501607136082911e-03 1.412375238655695e-03
1.650625341283188e-01 8.377329494473108e-03 1.363891437790876e-03
1.652093056809359e-01 7.142041900739148e-03 1.360186683107522e-03
1.653560770169658e-01 7.134023296537283e-03 1.406850169758634e-03
1.655028481362167e-01 5.143303760447845e-03 1.380453400162611e-03
1.656496190384967e-01 7.091596707575601e-03 1.400585555716239e-03
1.657963897236138e-01 7.117049298859967e-03 1.404466167773497e-03
1.659431601913762e-01 6.670536290743009e-03 1.385863376503046e-03
1.660899304415920e-01 7.954496262203367e-03 1.426865288341801e-03
1.662367004740692e-01 5.335610746727709e-03 1.436239362308812e-03
1.663834702886159e-01 7.578520582238229e-03 1.451617838068173e-03
1.665302398850404e-01 6.144035942729101e-03 1.447169397555450e-03
1.666770092631506e-01 6.578212961181974e-03 1.456596559746787e-03
1.668237784227546e-01 8.017090490494426e-03 1.476016691462999e-03
1.669705473636607e-01 8.370741663125871e-03 1.469195339796795e-03
1.671173160856769e-01 8.406973352845272e-03 1.500496412052852e-03
1.672640845886112e-01 8.692683218905387e-03 1.493764667908257e-03
1.674108528722718e-01 7.362334198448453e-03 1.493098469787462e-03
1.675576209364669e-01 4.725962978965982e-03 1.531912009210851e-03
1.677043887810044e-01 9.669251099755392e-03 1.516502221201783e-03
1.678511564056927e-01 5.943931638383131e-03 1.537695135611421e-03
1.679979238103397e-01 6.245998626856530e-03 1.588301992946646e-03
1.681446909947535e-01 7.316138199254474e-03 1.549800304034542e-03
1.682914579587425e-01 5.719466409164329e-03 1.573267402589046e-03
1.684382247021145e-01 4.988429417059179e-03 1.530238714783803e-03
1.685849912246778e-01 8.340793868275199e-03 1.599270823760676e-03
1.687317575262405e-01 6.205505429536711e-03 1.612304603231174e-03
1.688785236066107e-01 5.602117303716297e-03 1.618818023874548e-03
1.690252894655966e-01 5.997553674529650e-03 1.626735774462995e-03
1.691720551030063e-01 5.705743056612638e-03 1.608690874487655e-03
1.693188205186478e-01 7.144115771901471e-03 1.669511666680763e-03
1.694655857123294e-01 8.540482574872504e-03 1.682165532875768e-03
1.696123506838591e-01 4.240729359698444e-03 1.678753055345746e-03
1.697591154330453e-01 9.105448527101875e-03 1.721246846893991e-03
1.699058799596958e-01 5.437057060084368e-03 1.692862275547076e-03
1.700526442636189e-01 3.615273971407024e-03 1.695010022337027e-03
1.701994083446229e-01 5.682570471897731e-03 1.657231156609565e-03
1.703461722025157e-01 6.039824518176468e-03 1.792753928129102e-03
1.704929358371055e-01 8.767217142943828e-03 1.735526626689022e-03
1.706396992482005e-01 6.744490549493066e-03 1.772401348797975e-03
1.707864624356089e-01 8.302086594229520e-03 1.801330689482770e-03
1.709332253991387e-01 7.510803142375789e-03 1.801626108226614e-03
1.710799881385982e-01 4.974806347708102e-03 1.827194614985151e-03
1.712267506537955e-01 4.586529338169955e-03 1.865112248382904e-03
1.713735129445388e-01 4.446775326986894e-03 1.848515002199984e-03
1.715202750106361e-01 5.704655571995582e-03 1.893847491911338e-03
1.716670368518958e-01 5.676036792935624e-03 1.891915555690269e-03
1.718137984681258e-01 5.343404875987346e-03 1.916660827917466e-03
1.719605598591345e-01 5.986123692277172e-03 1.899588907518286e-03
1.721073210247299e-01 6.359053636316093e-03 1.896524884387358e-03
1.722540819647203e-01 4.100749881456126e-03 1.963709789560430e-03
1.724008426789137e-01 3.048472532000256e-03 1.980590082510350e-03
1.725476031671185e-01 5.813348033759478e-03 1.978081462935146e-03
1.726943634291426e-01 4.537871813059362e-03 2.122798444376361e-03
1.728411234647944e-01 4.930823633388595e-03 2.108325174019929e-03
1.729878832738820e-01 8.476102700163099e-03 2.046584426803071e-03
1.731346428562135e-01 5.827893331766924e-03 2.171455541914895e-03
1.732814022115972e-01 6.074275589306801e-03 2.111707477709251e-03
1.734281613398412e-01 4.568111149393923e-03 2.191245198240509e-03
1.735749202407538e-01 4.933333917882118e-03 2.196366941773287e-03
1.737216789141430e-01 5.610360476897997e-03 2.245658570460169e-03
1.738684373598171e-01 7.191108158094961e-03 2.277877099789123e-03
1.740151955775843e-01 4.156253865280454e-03 2.211510455749970e-03
1.741619535672527e-01 4.895767894352039e-03 2.337352910146260e-03
1.743087113286306e-01 2.189595464669548e-03 2.362680020029294e-03
1.744554688615261e-01 5.419054954876630e-03 2.382659248097495e-03
1.746022261657475e-01 5.426931639259306e-03 2.456547770950400e-03
1.747489832411029e-01 2.982275834512244e-03 2.471717915507519e-03
1.748957400874005e-01 4.951423111306918e-03 2.486984286951508e-03
1.750424967044485e-01 5.137504785810143e-03 2.536093720836510e-03
1.751892530920552e-01 1.144980809626973e-03 2.660394664935325e-03
1.753360092500287e-01 2.463424421613512e-03 2.666614416968734e-03
1.754827651781772e-01 6.240231731252153e-03 2.678948110371055e-03
1.756295208763090e-01 9.113241805307591e-03 2.739483454352491e-03
1.757762763442323e-01 6.306352625629250e-03 2.821715164627802e-03
1.759230315817552e-01 2.631227255425269e-03 2.880950831383742e-03
1.760697865886859e-01 1.601040912580602e-03 2.979906249724952e-03
1.762165413648328e-01 8.396938659064584e-03 2.964845992413457e-03
1.763632959100039e-01 1.198751464207441e-03 3.010756144311846e-03
1.765100502240076e-01 5.871187904733734e-03 3.230606834008042e-03
1.766568043066521e-01 4.883918457785411e-03 3.372363160826043e-03
1.768035581577454e-01 2.786203441905357e-03 3.417810848800958e-03
1.769503117770959e-01 2.171511269399156e-03 3.575823465516726e-03
1.770970651645119e-01 7.799024859586065e-03 3.596932341010619e-03
1.772438183198014e-01 5.730812847896000e-03 3.594531174794719e-03
1.773905712427729e-01 7.751780866484680e-03 4.138126282476769e-03
1.775373239332344e-01 1.091673464737213e-02 4.015886184140724e-03
1.776840763909942e-01 3.796591453969013e-03 4.387163096315982e-03
1.778308286158606e-01 8.145585633348473e-03 4.757126846530755e-03
1.779775806076418e-01 4.467421669657817e-03 4.991306128133127e-03
1.781243323661459e-01 7.743550962387206e-03 5.292796443971803e-03
1.782710838911813e-01 2.267582634746024e-03 5.733001361074744e-03
1.784178351825563e-01 -7.912098941687997e-04 6.394129108549540e-03
1.785645862400790e-01 4.285676837446761e-03 7.993558932576264e-03
1.787113370635576e-01 4.264540312355022e-03 7.925546119113086e-03
1.788580876528005e-01 5.017744862623820e-03 1.122801442970589e-02
1.790048380076158e-01 2.585558851143254e-02 1.436868887033822e-02
