<X> <Y> <dY>
8.813602216919226e-04 -1.863707629944387e+01 2.782833300391161e+00
1.028253589049351e-03 -3.361459241586515e+01 1.514547882078803e+00
1.175146955056984e-03 -1.492551441954592e+01 1.150915755342233e+00
1.322040319521992e-03 -1.058919449685817e+01 7.064700122870646e-01
1.468933682251548e-03 -6.087247350167030e+00 5.128008408220543e-01
1.615827043052824e-03 -3.179685415397658e+00 3.615537997596869e-01
1.762720401732992e-03 -1.884208781365338e+00 3.132406838082451e-01
1.909613758099223e-03 -1.980014702050832e+00 2.685160636176752e-01
2.056507111958691e-03 -1.483848794119758e+00 2.262647097960443e-01
2.203400463118568e-03 -2.138325364554937e-01 1.989328552431312e-01
2.350293811386024e-03 -4.161990941255878e-01 1.668829528402667e-01
2.497187156568232e-03 1.096146428415141e-02 1.501036586703644e-01
2.644080498472365e-03 -2.069428288576117e-01 1.310842936193119e-01
2.790973836905595e-03 -1.466303983424348e-01 1.154171521590426e-01
2.937867171675094e-03 1.168747527044719e-01 1.067128124371559e-01
3.084760502588034e-03 1.205353197627005e-01 9.456091643513174e-02
3.231653829451588e-03 1.030647732352903e-01 8.649255816345626e-02
3.378547152072927e-03 1.199305197180053e-01 7.928328071337350e-02
3.525440470259224e-03 1.469844526496620e-01 7.152700242127225e-02
3.672333783817651e-03 6.226828801717938e-02 6.668486909629752e-02
3.819227092555382e-03 7.207230848191344e-02 6.007529453931689e-02
3.966120396279587e-03 1.319780851785082e-01 5.735541903835460e-02
4.113013694797441e-03 -2.014653125184532e-02 5.180466366232102e-02
4.259906987916115e-03 9.213503484187154e-02 4.798318485424239e-02
4.406800275442781e-03 1.671339429786090e-02 4.534313908160922e-02
4.553693557184614e-03 7.113133267592020e-02 4.190760767116315e-02
4.700586832948783e-03 6.428789209129575e-02 3.922855510646623e-02
4.847480102542463e-03 1.621839218903540e-01 3.653654874411828e-02
4.994373365772829e-03 1.350636175011836e-01 3.456386338121579e-02
5.141266622447048e-03 8.027756149961519e-02 3.247085777145737e-02
5.288159872372297e-03 4.540103908581080e-02 3.005265884634900e-02
5.435053115355749e-03 5.821619953861324e-02 2.867712871353253e-02
5.581946351204576e-03 -2.684923651781036e-03 2.699925734789880e-02
5.728839579725948e-03 7.062104587731886e-02 2.523733371456933e-02
5.875732800727044e-03 5.480648396260883e-02 2.408767249339829e-02
6.022626014015034e-03 1.055107503658136e-02 2.281462926202940e-02
6.169519219397089e-03 4.961356760042211e-02 2.164584008807459e-02
6.316412416680385e-03 2.930053885554214e-02 2.069788288934245e-02
6.463305605672094e-03 6.060922737288298e-02 1.941822541934714e-02
6.610198786179393e-03 3.435736964610656e-02 1.843079475686336e-02
6.757091958009447e-03 4.264153389105135e-02 1.750656592834037e-02
6.903985120969439e-03 4.990827356768963e-02 1.672569450930304e-02
7.050878274866538e-03 1.495745621105580e-02 1.606489951798067e-02
7.197771419507919e-03 4.199359388983642e-02 1.506595294693264e-02
7.344664554700750e-03 4.117478497768590e-02 1.450437160126430e-02
7.491557680252214e-03 3.330014404602783e-02 1.399209302033610e-02
7.638450795969478e-03 3.825774719533806e-02 1.325302593334141e-02
7.785343901659718e-03 3.983519769598981e-02 1.277263201986755e-02
7.932236997130110e-03 2.687768406043789e-02 1.210009092311682e-02
8.079130082187821e-03 3.096225249753504e-02 1.172996389718218e-02
8.226023156640037e-03 3.054962517381093e-02 1.126792340271975e-02
8.372916220293923e-03 4.338770916404151e-02 1.067443852530996e-02
8.519809272956652e-03 4.691964284976054e-02 1.034515342585701e-02
8.666702314435403e-03 2.646388368161995e-02 9.939575136634026e-03
8.813595344537354e-03 3.187674454343535e-02 9.599383366904413e-03
8.960488363069672e-03 2.409550689877201e-02 9.238017006670336e-03
9.107381369839535e-03 2.271076834818843e-02 8.766762976241500e-03
9.254274364654119e-03 7.949691555253905e-03 8.555649296784764e-03
9.401167347320593e-03 2.111970320151916e-02 8.202399921043622e-03
9.548060317646137e-03 2.413512952801887e-02 8.006799584696800e-03
9.694953275437929e-03 2.056302004013378e-02 7.713959530860105e-03
9.841846220503138e-03 7.205028232670094e-03 7.360571886451006e-03
9.988739152648940e-03 1.444150139730889e-02 7.218794504152084e-03
1.013563207168251e-02 1.094421842619229e-02 6.898614327897815e-03
1.028252497741103e-02 3.385385253845315e-02 6.664865860958887e-03
1.042941786964167e-02 2.429355864140850e-02 6.480702286173629e-03
1.057631074818160e-02 9.765176131592331e-03 6.274692280789716e-03
1.072320361283801e-02 2.438781383226007e-02 6.158518544741460e-03
1.087009646341806e-02 2.933684248627140e-02 5.831031341149195e-03
1.101698929972894e-02 2.428299676392025e-02 5.692205657624875e-03
1.116388212157781e-02 1.560950412946622e-02 5.548804610469368e-03
1.131077492877186e-02 1.661858402908790e-02 5.380519984114154e-03
1.145766772111827e-02 1.704236998856877e-02 5.253105750259700e-03
1.160456049842420e-02 2.489257687050441e-02 5.060721787918401e-03
1.175145326049683e-02 1.951423560716882e-02 4.925292602482453e-03
1.189834600714335e-02 2.347811495396466e-02 4.784285196913166e-03
1.204523873817092e-02 1.045560007639097e-02 4.653523661322755e-03
1.219213145338673e-02 9.254515511972157e-03 4.499127931440834e-03
1.233902415259795e-02 2.290200939285992e-02 4.419624180987047e-03
1.248591683561175e-02 1.671144336481495e-02 4.309220178700729e-03
1.263280950223533e-02 1.507467124687664e-02 4.201734691373352e-03
1.277970215227585e-02 1.800139183430454e-02 4.014165785079748e-03
1.292659478554047e-02 1.836137425199557e-02 3.955468394013084e-03
1.307348740183641e-02 1.565217843886979e-02 3.873022851474104e-03
1.322038000097082e-02 2.069361766582797e-02 3.759698577395831e-03
1.336727258275089e-02 1.363026716861217e-02 3.656676653720553e-03
1.351416514698378e-02 1.483853917136979e-02 3.583718884734911e-03
1.366105769347668e-02 1.427445490373225e-02 3.490654080691612e-03
1.380795022203677e-02 1.330770175465639e-02 3.424176888096905e-03
1.395484273247122e-02 2.627031786646386e-02 3.320955335350281e-03
1.410173522458722e-02 1.803308710316196e-02 3.251016639343240e-03
1.424862769819194e-02 2.049964863065156e-02 3.189613599492199e-03
1.439552015309257e-02 1.348926619416676e-02 3.110645294012880e-03
1.454241258909627e-02 1.807921102582769e-02 3.051352991879417e-03
1.468930500601023e-02 1.946704820884234e-02 2.950449360282156e-03
1.483619740364163e-02 1.902311559660025e-02 2.888439998530469e-03
1.498308978179765e-02 1.934418007108311e-02 2.856320727356862e-03
1.512998214028546e-02 2.251358563069356e-02 2.779122500635337e-03
1.527687447891225e-02 1.971855776896790e-02 2.723316129520943e-03
1.542376679748520e-02 1.677428162394697e-02 2.667880921296387e-03
1.557065909581149e-02 1.853437546535927e-02 2.615218380753553e-03
1.571755137369829e-02 1.898896391128128e-02 2.560290654617910e-03
1.586444363095279e-02 1.809299439854793e-02 2.498912633080534e-03
1.601133586738216e-02 1.579904692278086e-02 2.463993965552090e-03
1.615822808279360e-02 1.096132628415889e-02 2.403687834020057e-03
1.630512027699426e-02 1.866457139417448e-02 2.366793837181240e-03
1.645201244979136e-02 1.722737382556001e-02 2.303504637972154e-03
1.659890460099205e-02 1.767068523318911e-02 2.256906109780661e-03
1.674579673040351e-02 1.670824828507908e-02 2.243708689134413e-03
1.689268883783294e-02 1.914711247943644e-02 2.197073453433930e-03
1.703958092308753e-02 1.346686387680600e-02 2.153565903138199e-03
1.718647298597442e-02 1.880448319766787e-02 2.086790098266230e-03
1.733336502630083e-02 1.272557154243158e-02 2.055798163180973e-03
1.748025704387393e-02 1.873221069115863e-02 2.051220874687310e-03
1.762714903850091e-02 1.973474444150702e-02 2.002463850372429e-03
1.777404100998893e-02 1.887363790770872e-02 1.981870338787863e-03
1.792093295814520e-02 1.838815818102888e-02 1.931245196847545e-03
1.806782488277687e-02 1.633582170168847e-02 1.915032760132066e-03
1.821471678369116e-02 1.956940489787832e-02 1.883411627767136e-03
1.836160866069522e-02 1.502975066774676e-02 1.827572383979285e-03
1.850850051359626e-02 1.657092185547722e-02 1.860543606513136e-03
1.865539234220144e-02 1.722655233319440e-02 1.837904884948296e-03
1.880228414631796e-02 1.631927077702590e-02 1.801724812096674e-03
1.894917592575301e-02 1.479405446865432e-02 1.803923725440107e-03
1.909606768031375e-02 1.659495845153925e-02 1.781944669713000e-03
1.924295940980738e-02 1.643654498653493e-02 1.803068331010254e-03
1.938985111404109e-02 1.946370072320901e-02 1.797704476832992e-03
1.953674279282204e-02 1.527515986178611e-02 1.802308264905173e-03
1.968363444595744e-02 1.705809269991241e-02 1.788033469323084e-03
1.983052607325447e-02 1.816314786287995e-02 1.772859332042435e-03
1.997741767452030e-02 1.720203212285024e-02 1.781380763913318e-03
2.012430924956213e-02 1.501650905301720e-02 1.768881892647287e-03
2.027120079818715e-02 1.743116442394176e-02 1.738538596804617e-03
2.041809232020253e-02 1.632837220596823e-02 1.746472622856801e-03
2.056498381541546e-02 1.731580192972973e-02 1.740029886214792e-03
2.071187528363314e-02 2.076357375044467e-02 1.717958380960752e-03
2.085876672466273e-02 1.826643515718225e-02 1.708206383527890e-03
2.100565813831145e-02 1.899633461490163e-02 1.708412917060390e-03
2.115254952438645e-02 1.845109454070899e-02 1.682537563273734e-03
2.129944088269494e-02 1.457962332830639e-02 1.676681846795127e-03
2.144633221304411e-02 1.502252506122614e-02 1.661811241611124e-03
2.159322351524114e-02 1.668671676481263e-02 1.663332566575813e-03
2.174011478909322e-02 1.652823506347579e-02 1.642399325920637e-03
2.188700603440753e-02 1.672277107954793e-02 1.624538041544219e-03
2.203389725099126e-02 1.857088943031820e-02 1.603700681545766e-03
2.218078843865161e-02 1.511924481567140e-02 1.556899126544910e-03
2.232767959719575e-02 1.778723080600447e-02 1.552937157236859e-03
2.247457072643089e-02 1.784944735216621e-02 1.516665867396886e-03
2.262146182616420e-02 1.800441747907461e-02 1.489758089682398e-03
2.276835289620287e-02 1.926966552349433e-02 1.470611178274024e-03
2.291524393635411e-02 1.732727438162470e-02 1.448734126540286e-03
2.306213494642509e-02 1.468508077474262e-02 1.444837957725470e-03
2.320902592622301e-02 1.874529097976901e-02 1.417241191516214e-03
2.335591687555505e-02 1.731407964733800e-02 1.416237121903084e-03
2.350280779422841e-02 1.655572605159649e-02 1.391253005801744e-03
2.364969868205026e-02 1.964182600157462e-02 1.375143335168329e-03
2.379658953882782e-02 1.723464322881383e-02 1.373983617328309e-03
2.394348036436827e-02 1.723650600008683e-02 1.351635782220558e-03
2.409037115847880e-02 1.958636842100787e-02 1.347912904585644e-03
2.423726192096658e-02 1.671047843877883e-02 1.325675350577065e-03
2.438415265163884e-02 1.841612506417646e-02 1.302183295017190e-03
2.453104335030275e-02 1.839888875975636e-02 1.312485279214873e-03
2.467793401676551e-02 1.843398484599013e-02 1.288025725471054e-03
2.482482465083430e-02 1.672017611807061e-02 1.278349527777320e-03
2.497171525231632e-02 1.689430459788055e-02 1.268104375937115e-03
2.511860582101877e-02 1.609499858987248e-02 1.250855189229957e-03
2.526549635674884e-02 1.972144886086030e-02 1.242121207531299e-03
2.541238685931370e-02 1.903941681901363e-02 1.231454329169964e-03
2.555927732852058e-02 2.114167630712005e-02 1.230207156175389e-03
2.570616776417666e-02 1.749530885435382e-02 1.213813818166174e-03
2.585305816608912e-02 1.759044245345947e-02 1.201549017691953e-03
2.599994853406517e-02 1.855423830101155e-02 1.196417260338859e-03
2.614683886791200e-02 1.850478021813041e-02 1.185793045310781e-03
2.629372916743681e-02 2.021886559580690e-02 1.183933395800404e-03
2.644061943244679e-02 1.805487667488128e-02 1.164359046528206e-03
2.658750966274912e-02 1.925732906262525e-02 1.155093001118527e-03
2.673439985815102e-02 1.579279710958873e-02 1.160142120675580e-03
2.688129001845969e-02 1.970224143062644e-02 1.138827863303581e-03
2.702818014348229e-02 1.804517894675731e-02 1.132092030096569e-03
2.717507023302605e-02 1.819496957478476e-02 1.121769249237360e-03
2.732196028689816e-02 1.890004039487571e-02 1.123105106563140e-03
2.746885030490582e-02 1.807212201347999e-02 1.111368646289380e-03
2.761574028685621e-02 1.783407900631538e-02 1.106264320001623e-03
2.776263023255653e-02 1.871647562469077e-02 1.091442376203145e-03
2.790952014181400e-02 2.100993066183319e-02 1.091165179350235e-03
2.805641001443581e-02 1.916584490940413e-02 1.081850333048365e-03
2.820329985022913e-02 1.797594931079810e-02 1.083438346472252e-03
2.835018964900120e-02 2.121775262682773e-02 1.071189650822362e-03
2.849707941055920e-02 1.871865677545356e-02 1.055539641361716e-03
2.864396913471031e-02 1.744339719001875e-02 1.059575107352812e-03
2.879085882126178e-02 1.986866088238780e-02 1.046388657181333e-03
2.893774847002075e-02 1.900431467603390e-02 1.034523565513666e-03
2.908463808079444e-02 2.013110933368462e-02 1.037526862710006e-03
2.923152765339008e-02 1.969230081074099e-02 1.030091858818554e-03
2.937841718761485e-02 2.080922564646831e-02 1.021066727095225e-03
2.952530668327594e-02 1.762144283890586e-02 1.017974836828350e-03
2.967219614018056e-02 2.012615834795460e-02 1.018934376274646e-03
2.981908555813591e-02 1.926159852224856e-02 1.011453003713140e-03
2.996597493694921e-02 1.993430668750111e-02 1.002657245849666e-03
3.011286427642763e-02 2.164772954375985e-02 9.956962069576319e-04
3.025975357637840e-02 1.970953140701059e-02 9.808316300685927e-04
3.040664283660871e-02 1.989580511963077e-02 9.851989679832615e-04
3.055353205692574e-02 2.045795564179079e-02 9.860045741316556e-04
3.070042123713675e-02 2.069460694057577e-02 9.775939347552933e-04
3.084731037704891e-02 2.011162847249667e-02 9.670304939548780e-04
3.099419947646940e-02 1.862189434355871e-02 9.604573951551453e-04
3.114108853520547e-02 1.955462108510950e-02 9.591875245155877e-04
3.128797755306430e-02 2.242980351778141e-02 9.619959912955210e-04
3.143486652985308e-02 2.260995991831241e-02 9.422937016216341e-04
3.158175546537905e-02 1.899819942788129e-02 9.452599540436841e-04
3.172864435944940e-02 1.965531833753400e-02 9.483886771357308e-04
3.187553321187133e-02 2.066244598085915e-02 9.303996938825460e-04
3.202242202245206e-02 2.135924729124647e-02 9.305146820660196e-04
3.216931079099877e-02 2.031945727328240e-02 9.244972349774174e-04
3.231619951731869e-02 2.052981464316715e-02 9.291110115091718e-04
3.246308820121902e-02 2.073897769969045e-02 9.212914871970354e-04
3.260997684250697e-02 2.193414752231217e-02 9.118695340608047e-04
3.275686544098974e-02 2.105816401107272e-02 9.129777264328462e-04
3.290375399647455e-02 2.157810592345050e-02 9.015107107121205e-04
3.305064250876859e-02 2.167819079460455e-02 9.143081380278381e-04
3.319753097767910e-02 2.114899019532865e-02 8.986234453314067e-04
3.334441940301325e-02 2.070340874372915e-02 8.968363026433608e-04
3.349130778457828e-02 2.005814514675655e-02 8.925215095535197e-04
3.363819612218139e-02 2.176196155830841e-02 8.952671689261344e-04
3.378508441562977e-02 2.067165771687718e-02 8.807304432897544e-04
3.393197266473066e-02 2.090525882686372e-02 8.761787444105786e-04
3.407886086929125e-02 2.234249295997863e-02 8.807273096051879e-04
3.422574902911878e-02 2.245392270785698e-02 8.815636042808606e-04
3.437263714402042e-02 2.226813707496291e-02 8.740743631353489e-04
3.451952521380341e-02 2.194555713898793e-02 8.678073985205487e-04
3.466641323827495e-02 2.233540070122922e-02 8.755244518060535e-04
3.481330121724226e-02 2.282822452370840e-02 8.899333175274881e-04
3.496018915051253e-02 1.994106847014585e-02 8.943250988818653e-04
3.510707703789302e-02 2.187600285914757e-02 8.983791245007816e-04
3.525396487919091e-02 2.324318220004643e-02 8.992362860533454e-04
3.540085267421340e-02 2.265800469826935e-02 8.852042835517401e-04
3.554774042276775e-02 2.303239339745812e-02 8.861563062733013e-04
3.569462812466112e-02 2.395869498325705e-02 8.727356424574764e-04
3.584151577970077e-02 2.361757470275175e-02 8.678821797859500e-04
3.598840338769389e-02 2.280783249401319e-02 8.651796294197498e-04
3.613529094844770e-02 2.317221536726395e-02 8.533669961095647e-04
3.628217846176941e-02 2.334552010505579e-02 8.588632161492101e-04
3.642906592746626e-02 2.234174898093173e-02 8.489662175315888e-04
3.657595334534545e-02 2.412035477928586e-02 8.549178080341351e-04
3.672284071521419e-02 2.248837395605776e-02 8.449735423881818e-04
3.686972803687972e-02 2.249835325753941e-02 8.426567728261729e-04
3.701661531014922e-02 2.241924851958609e-02 8.305614032028703e-04
3.716350253482994e-02 2.473404065935153e-02 8.409029864984126e-04
3.731038971072909e-02 2.347441837008632e-02 8.352195572650358e-04
3.745727683765387e-02 2.308039303395870e-02 8.616188024814809e-04
3.760416391541153e-02 2.372711833787795e-02 8.566527055143405e-04
3.775105094380928e-02 2.389286226385193e-02 8.189194828569431e-04
3.789793792265433e-02 2.372435874098046e-02 8.232350744762667e-04
3.804482485175390e-02 2.561569591614367e-02 8.216839931227257e-04
3.819171173091522e-02 2.406779927473472e-02 8.082177427336825e-04
3.833859855994550e-02 2.497462966983471e-02 8.177337408416131e-04
3.848548533865198e-02 2.507888155505931e-02 8.087769064278325e-04
3.863237206684186e-02 2.557516325470447e-02 8.079343995752193e-04
3.877925874432238e-02 2.448989122498423e-02 8.122579442554763e-04
3.892614537090076e-02 2.577676251220476e-02 8.020940764072245e-04
3.907303194638420e-02 2.429371839282782e-02 8.107660746910128e-04
3.921991847057994e-02 2.641772497187956e-02 7.992665637936186e-04
3.936680494329520e-02 2.489498689810129e-02 8.001284604180829e-04
3.951369136433722e-02 2.429712204627339e-02 7.916640516124115e-04
3.966057773351322e-02 2.708591943556042e-02 7.933023665254087e-04
3.980746405063040e-02 2.601431732566126e-02 7.941793958442216e-04
3.995435031549600e-02 2.506312162673786e-02 7.782506833052491e-04
4.010123652791726e-02 2.517755230861165e-02 7.784296406331923e-04
4.024812268770137e-02 2.662062359963032e-02 7.844653203344193e-04
4.039500879465560e-02 2.506372403575042e-02 7.749880667463489e-04
4.054189484858715e-02 2.562535885153243e-02 7.733703956732656e-04
4.068878084930326e-02 2.771358584372668e-02 7.761576938965694e-04
4.083566679661114e-02 2.664638076143804e-02 7.757217209463285e-04
4.098255269031803e-02 2.579609850183694e-02 7.747412296712737e-04
4.112943853023117e-02 2.731003048285260e-02 7.841738215908639e-04
4.127632431615776e-02 2.705324200809198e-02 7.957751358176582e-04
4.142321004790505e-02 2.727620025941685e-02 7.972925704053070e-04
4.157009572528026e-02 2.693533482272090e-02 8.035302884460083e-04
4.171698134809063e-02 2.724764731865961e-02 8.151505747176807e-04
4.186386691614337e-02 2.776232954000635e-02 8.131444358975224e-04
4.201075242924574e-02 2.621811147042707e-02 8.132498309214787e-04
4.215763788720495e-02 2.882124883107013e-02 8.142386310645210e-04
4.230452328982824e-02 2.707344852056909e-02 8.164773446997351e-04
4.245140863692285e-02 2.659586472502275e-02 8.115693032114999e-04
4.259829392829599e-02 2.688926353580452e-02 8.129572330658853e-04
4.274517916375490e-02 2.851996139349141e-02 8.174759012341677e-04
4.289206434310684e-02 2.707566703416849e-02 8.131294115194484e-04
4.303894946615900e-02 2.692839186192645e-02 8.174926476493588e-04
4.318583453271865e-02 2.859787774441148e-02 8.164595233640777e-04
4.333271954259301e-02 2.869960606925385e-02 8.247376959795498e-04
4.347960449558931e-02 2.941620368127840e-02 8.162564095665268e-04
4.362648939151479e-02 2.888143470438840e-02 8.184503011300241e-04
4.377337423017669e-02 2.857294096181530e-02 8.210256835848401e-04
4.392025901138226e-02 2.800815518333715e-02 8.197566801330368e-04
4.406714373493869e-02 3.087532290457972e-02 8.309774911787341e-04
4.421402840065326e-02 3.125236241259883e-02 8.266236559976891e-04
4.436091300833320e-02 3.105435802389553e-02 8.300138541609416e-04
4.450779755778574e-02 3.070159150158528e-02 8.231962245262889e-04
4.465468204881811e-02 3.052109174669527e-02 8.248677960802856e-04
4.480156648123757e-02 3.089431137485088e-02 8.341001205723882e-04
4.494845085485134e-02 3.035277932372478e-02 8.272170944534362e-04
4.509533516946668e-02 3.171986686899326e-02 8.377060780844382e-04
4.524221942489082e-02 2.921882967666615e-02 8.252212448813225e-04
4.538910362093100e-02 3.016852608736430e-02 8.261838153947291e-04
4.553598775739446e-02 3.070845298009628e-02 8.298734089338007e-04
4.568287183408844e-02 3.096696944042355e-02 8.263969562372727e-04
4.582975585082019e-02 3.178729162355370e-02 8.266973951172992e-04
4.597663980739693e-02 2.955325807590283e-02 8.207280434765222e-04
4.612352370362593e-02 3.219569590594613e-02 8.172604609385671e-04
4.627040753931443e-02 3.126759353309028e-02 8.169227205431907e-04
4.641729131426967e-02 3.346174143192362e-02 8.167778492862943e-04
4.656417502829888e-02 3.268274004465522e-02 8.236256554431850e-04
4.671105868120932e-02 3.248155340515793e-02 8.204621326632804e-04
4.685794227280822e-02 3.154222475434749e-02 8.166350562106305e-04
4.700482580290285e-02 3.345825233084747e-02 8.145776767595430e-04
4.715170927130044e-02 3.428517714567388e-02 8.171914175107212e-04
4.729859267780824e-02 3.260180102141491e-02 8.110408163473793e-04
4.744547602223349e-02 3.313255383669514e-02 8.189550530447165e-04
4.759235930438345e-02 3.339878847350934e-02 8.191864754825684e-04
4.773924252406536e-02 3.415935791600226e-02 8.143221583442970e-04
4.788612568108647e-02 3.401907282387959e-02 8.167967906342732e-04
4.803300877525407e-02 3.538246678692419e-02 8.216636121090869e-04
4.817989180637530e-02 3.376319802529421e-02 8.164659757550194e-04
4.832677477425752e-02 3.501580684969121e-02 8.192853687586717e-04
4.847365767870793e-02 3.437142261541495e-02 8.127739007831061e-04
4.862054051953379e-02 3.482805628131960e-02 8.151302827942412e-04
4.876742329654236e-02 3.474709572457559e-02 8.168238876626800e-04
4.891430600954088e-02 3.622330559331721e-02 8.145872290386634e-04
4.906118865833660e-02 3.508778122194862e-02 8.139225746107037e-04
4.920807124273676e-02 3.515185042635027e-02 8.105094031551144e-04
4.935495376254866e-02 3.628985004302958e-02 8.153312202786791e-04
4.950183621757952e-02 3.620925262714835e-02 8.119104703768668e-04
4.964871860763660e-02 3.546950779888881e-02 8.156791259055327e-04
4.979560093252714e-02 3.670854127957221e-02 8.120679064639926e-04
4.994248319205841e-02 3.728634484726803e-02 8.167276453299378e-04
5.008936538603768e-02 3.570940973934829e-02 8.128476742870963e-04
5.023624751427219e-02 3.603634118092711e-02 8.094073719942241e-04
5.038312957656918e-02 3.735865225100378e-02 8.220008430815701e-04
5.053001157273595e-02 3.767824359729521e-02 8.140203708028226e-04
5.067689350257971e-02 3.735139535352264e-02 8.153972551675901e-04
5.082377536590776e-02 3.923670961321586e-02 8.168365256472544e-04
5.097065716252732e-02 3.871764869772179e-02 8.124961074840628e-04
5.111753889224568e-02 3.938402252469250e-02 8.196087707415885e-04
5.126442055487009e-02 3.845675392066573e-02 8.164635365776022e-04
5.141130215020779e-02 3.958127476528749e-02 8.128832291817510e-04
5.155818367806608e-02 3.897098963525780e-02 8.177160141087354e-04
5.170506513825220e-02 3.943650483563321e-02 8.125775801890963e-04
5.185194653057341e-02 4.114076567902808e-02 8.221488567244990e-04
5.199882785483697e-02 3.983048962432417e-02 8.119021277887993e-04
5.214570911085015e-02 4.040383398260147e-02 8.167905775367129e-04
5.229259029842022e-02 4.061849421962591e-02 8.193218840438789e-04
5.243947141735442e-02 4.109833048388248e-02 8.170575432929490e-04
5.258635246746002e-02 4.125726992582406e-02 8.209404866963836e-04
5.273323344854430e-02 3.940916913597966e-02 8.092714716031024e-04
5.288011436041453e-02 4.108327330962927e-02 8.226646049443744e-04
5.302699520287798e-02 4.273029619217453e-02 8.158899042250889e-04
5.317387597574186e-02 4.259828099255723e-02 8.199273434225414e-04
5.332075667881350e-02 4.214511261829355e-02 8.164968608237874e-04
5.346763731190016e-02 4.376791017908675e-02 8.151644247150151e-04
5.361451787480907e-02 4.348776044805207e-02 8.254335491864575e-04
5.376139836734754e-02 4.491895986754031e-02 8.176436668704428e-04
5.390827878932278e-02 4.479833821070808e-02 8.165033411757467e-04
5.405515914054214e-02 4.591164963594493e-02 8.242474875056699e-04
5.420203942081284e-02 4.465146984743110e-02 8.148336943155279e-04
5.434891962994216e-02 4.591069673730358e-02 8.349483506370697e-04
5.449579976773735e-02 4.562162795006187e-02 8.059938659837327e-04
5.464267983400574e-02 4.455765904899257e-02 8.203246140617164e-04
5.478955982855453e-02 4.595410239633196e-02 8.220964235534414e-04
5.493643975119106e-02 4.533886682805773e-02 8.178510039353629e-04
5.508331960172257e-02 4.703975471997585e-02 8.214023388178143e-04
5.523019937995633e-02 4.677327722163541e-02 8.164730150350307e-04
5.537707908569962e-02 4.397782246315163e-02 8.188826288059793e-04
5.552395871875969e-02 4.766076741457678e-02 8.290102586579428e-04
5.567083827894388e-02 4.662439874709606e-02 8.187254409711790e-04
5.581771776605941e-02 4.709450791173652e-02 8.219632334599731e-04
5.596459717991355e-02 4.707860203904595e-02 8.221498204610564e-04
5.611147652031365e-02 4.762725358824729e-02 8.247239840082237e-04
5.625835578706691e-02 4.810459666427028e-02 8.307047449338975e-04
5.640523497998061e-02 4.845686814682731e-02 8.156299549415716e-04
5.655211409886209e-02 4.852076401572213e-02 8.274304035609906e-04
5.669899314351858e-02 4.955190399210670e-02 8.290572548339415e-04
5.684587211375740e-02 4.938396535831279e-02 8.207802396689698e-04
5.699275100938578e-02 5.042843907509206e-02 8.301746250886372e-04
5.713962983021098e-02 5.161701727568887e-02 8.269237094311317e-04
5.728650857604041e-02 5.092273776109971e-02 8.244800410422480e-04
5.743338724668124e-02 5.223586969622818e-02 8.284238480863880e-04
5.758026584194079e-02 5.234100525466213e-02 8.286430637181172e-04
5.772714436162631e-02 5.127536205016360e-02 8.371222686921488e-04
5.787402280554513e-02 5.181527015488360e-02 8.294327336260370e-04
5.802090117350451e-02 5.246196745352967e-02 8.351455863161435e-04
5.816777946531173e-02 5.182806809340459e-02 8.267735897444743e-04
5.831465768077408e-02 5.435665482046768e-02 8.321511424484652e-04
5.846153581969887e-02 5.406489034677132e-02 8.382346152723724e-04
5.860841388189336e-02 5.513375487100326e-02 8.373837412110592e-04
5.875529186716485e-02 5.407493896669512e-02 8.403651824500539e-04
5.890216977532061e-02 5.425612594054868e-02 8.312852564747640e-04
5.904904760616795e-02 5.564246868231825e-02 8.402821714092107e-04
5.919592535951414e-02 5.687727808260572e-02 8.371220983405994e-04
5.934280303516650e-02 5.583518505093387e-02 8.407437915726088e-04
5.948968063293228e-02 5.803341574321864e-02 8.368993812994963e-04
5.963655815261879e-02 5.705319681000032e-02 8.505889776063466e-04
5.978343559403334e-02 5.644947090745839e-02 8.583006434454574e-04
5.993031295698319e-02 5.817705959790102e-02 8.683689517104640e-04
6.007719024127564e-02 5.813868665774401e-02 8.782456645802312e-04
6.022406744671802e-02 5.936690574899753e-02 8.885876690483921e-04
6.037094457311754e-02 6.287094535099749e-02 9.106905123000789e-04
6.051782162028158e-02 6.140735899466535e-02 9.062368445100190e-04
6.066469858801743e-02 6.238501211197858e-02 9.112591379841499e-04
6.081157547613233e-02 6.092975799440018e-02 9.224626506736859e-04
6.095845228443361e-02 6.251550122431600e-02 9.259072144890786e-04
6.110532901272856e-02 6.152226035391831e-02 9.330018870508932e-04
6.125220566082447e-02 6.345854065200118e-02 9.387502600474130e-04
6.139908222852867e-02 6.299680265402452e-02 9.392574000116002e-04
6.154595871564840e-02 6.211587710407413e-02 9.511995456454406e-04
6.169283512199103e-02 6.220275421013644e-02 9.430663043252956e-04
6.183971144736379e-02 6.591178758705780e-02 9.635001183798705e-04
6.198658769157404e-02 6.406430575292903e-02 9.519964572113460e-04
6.213346385442904e-02 6.543043590587307e-02 9.769517211336907e-04
6.228033993573612e-02 6.761204043640241e-02 9.810948524632606e-04
6.242721593530259e-02 6.690230431459626e-02 9.789908453098112e-04
6.257409185293569e-02 6.750825339156441e-02 9.675195240913659e-04
6.272096768844279e-02 6.912888166411169e-02 9.600665085984998e-04
6.286784344163118e-02 7.004618265715368e-02 9.437432868427253e-04
6.301471911230812e-02 6.865875482891051e-02 9.418618680272732e-04
6.316159470028096e-02 7.020401081605612e-02 9.309043419333244e-04
6.330847020535701e-02 6.855553702181373e-02 9.345961619776924e-04
6.345534562734356e-02 6.998314729804590e-02 9.325603040685565e-04
6.360222096604792e-02 7.095963871464933e-02 9.332707424391091e-04
6.374909622127738e-02 7.096007376085701e-02 9.237876063858685e-04
6.389597139283930e-02 7.198290707515451e-02 9.305268331721989e-04
6.404284648054094e-02 7.122178631002496e-02 9.298424651865330e-04
6.418972148418961e-02 7.384194350537768e-02 9.226192159093795e-04
6.433659640359266e-02 7.368840709670960e-02 9.341175538755431e-04
6.448347123855734e-02 7.435700885438778e-02 9.165276273480335e-04
6.463034598889104e-02 7.647167786541148e-02 9.349974557452414e-04
6.477722065440102e-02 7.565399489261157e-02 9.295402575901982e-04
6.492409523489458e-02 7.621194932849695e-02 9.248024288266393e-04
6.507096973017908e-02 7.706551706057604e-02 9.288166675669592e-04
6.521784414006179e-02 7.803071285302011e-02 9.303849359800934e-04
6.536471846435006e-02 7.986018646387134e-02 9.320785251968425e-04
6.551159270285120e-02 8.026941432834975e-02 9.336627310014907e-04
6.565846685537249e-02 7.878626581243703e-02 9.208082050150938e-04
6.580534092172129e-02 8.038306844929670e-02 9.337574472398905e-04
6.595221490170489e-02 8.088746717718766e-02 9.272122180012524e-04
6.609908879513064e-02 8.219312259718804e-02 9.317229801781864e-04
6.624596260180583e-02 8.321216943050939e-02 9.299746694918254e-04
6.639283632153778e-02 8.273325987095312e-02 9.288262061494233e-04
6.653970995413383e-02 8.312654605464655e-02 9.470158835593444e-04
6.668658349940126e-02 8.483891168943272e-02 9.281526354053892e-04
6.683345695714746e-02 8.708105802303372e-02 9.420063342259834e-04
6.698033032717969e-02 8.572098518227421e-02 9.346676912813256e-04
6.712720360930530e-02 8.570538018444496e-02 9.382004269828222e-04
6.727407680333160e-02 8.983530312931881e-02 9.455298338416588e-04
6.742094990906593e-02 8.715175218425519e-02 9.375979925218214e-04
6.756782292631559e-02 8.966354959623518e-02 9.440020296760897e-04
6.771469585488793e-02 8.930451823865404e-02 9.384403542088545e-04
6.786156869459029e-02 9.032613674276564e-02 9.473064381956218e-04
6.800844144522995e-02 9.087672512566169e-02 9.437612914905048e-04
6.815531410661428e-02 9.099984457543271e-02 9.461741005714458e-04
6.830218667855054e-02 9.142936346693503e-02 9.486088430118876e-04
6.844905916084618e-02 9.174217915568779e-02 9.480269970219786e-04
6.859593155330840e-02 9.489499623070026e-02 9.541225996384543e-04
6.874280385574461e-02 9.581287341857486e-02 9.488429899512827e-04
6.888967606796213e-02 9.639086254199021e-02 9.598588552002904e-04
6.903654818976826e-02 9.723176391440275e-02 9.490621681741186e-04
6.918342022097036e-02 9.937822989935195e-02 9.556695339660525e-04
6.933029216137575e-02 9.811485462674258e-02 9.621106025068551e-04
6.947716401079176e-02 1.000906590619234e-01 9.530200795028737e-04
6.962403576902575e-02 1.014824452682671e-01 9.705926058631981e-04
6.977090743588503e-02 1.027312603023918e-01 9.644986874942020e-04
6.991777901117695e-02 1.034213093755571e-01 9.639534389559192e-04
7.006465049470884e-02 1.032152278270936e-01 9.660695337747594e-04
7.021152188628801e-02 1.046755393456177e-01 9.705694055872871e-04
7.035839318572186e-02 1.070807055338888e-01 9.782307468229673e-04
7.050526439281767e-02 1.081066835298309e-01 9.698759384466945e-04
7.065213550738278e-02 1.073779599947554e-01 9.705426407804247e-04
7.079900652922456e-02 1.072550715866689e-01 9.763778574108459e-04
7.094587745815036e-02 1.098782883264841e-01 9.704370824297601e-04
7.109274829396750e-02 1.109391982721013e-01 9.841149852862446e-04
7.123961903648333e-02 1.113227053791486e-01 9.698269822108357e-04
7.138648968550515e-02 1.126898211198811e-01 9.851365165551497e-04
7.153336024084035e-02 1.130689192881337e-01 9.903103077455757e-04
7.168023070229627e-02 1.155030606812346e-01 9.794049623262594e-04
7.182710106968025e-02 1.161203678991246e-01 9.953879083559024e-04
7.197397134279965e-02 1.185069740830643e-01 9.866328206743643e-04
7.212084152146177e-02 1.191897385636765e-01 9.974846239121267e-04
7.226771160547400e-02 1.192471072024917e-01 9.985539820341999e-04
7.241458159464363e-02 1.226277443775895e-01 1.000611182303697e-03
7.256145148877813e-02 1.230784606803987e-01 1.007621580118292e-03
7.270832128768472e-02 1.218468346625465e-01 9.976941169779435e-04
7.285519099117078e-02 1.237908893500396e-01 1.003636230129597e-03
7.300206059904372e-02 1.250128050821202e-01 1.007195423155752e-03
7.314893011111082e-02 1.269366111080010e-01 1.003782174764862e-03
7.329579952717949e-02 1.290729554180211e-01 1.016232687395476e-03
7.344266884705702e-02 1.310269210240798e-01 1.015810154928756e-03
7.358953807055085e-02 1.321576601675789e-01 1.022748918583032e-03
7.373640719746824e-02 1.338831782548420e-01 1.014100407381711e-03
7.388327622761658e-02 1.356509616012355e-01 1.022720509773675e-03
7.403014516080324e-02 1.355516945500824e-01 1.020946404682145e-03
7.417701399683559e-02 1.374447511207020e-01 1.030210495303649e-03
7.432388273552094e-02 1.380849781613906e-01 1.029017077255239e-03
7.447075137666670e-02 1.403480180452801e-01 1.020251129095365e-03
7.461761992008017e-02 1.412031958968118e-01 1.033750794722429e-03
7.476448836556873e-02 1.426627610818557e-01 1.022731960363416e-03
7.491135671293978e-02 1.457804787139160e-01 1.039733209060177e-03
7.505822496200062e-02 1.464639657577496e-01 1.032831880450144e-03
7.520509311255867e-02 1.488055909157570e-01 1.041711777670528e-03
7.535196116442125e-02 1.501264445618812e-01 1.049942293422022e-03
7.549882911739574e-02 1.505688608840364e-01 1.044680356227146e-03
7.564569697128951e-02 1.527676378989583e-01 1.053625735103726e-03
7.579256472590988e-02 1.547584736738274e-01 1.051728412845896e-03
7.593943238106428e-02 1.572954005817305e-01 1.060171531863828e-03
7.608629993656001e-02 1.605145043428874e-01 1.069119241265453e-03
7.623316739220451e-02 1.595523661571258e-01 1.052568003364321e-03
7.638003474780510e-02 1.614947226457061e-01 1.065217804281552e-03
7.652690200316913e-02 1.607821975459976e-01 1.068890782650803e-03
7.667376915810399e-02 1.653583237610948e-01 1.078493407541140e-03
7.682063621241707e-02 1.657370542988187e-01 1.080329867225562e-03
7.696750316591573e-02 1.674991659239273e-01 1.076083057857948e-03
7.711437001840733e-02 1.716162392073105e-01 1.094053975171798e-03
7.726123676969926e-02 1.732864582226042e-01 1.087163423829407e-03
7.740810341959885e-02 1.731598673921031e-01 1.090442920825954e-03
7.755496996791353e-02 1.745424146183261e-01 1.091526300959488e-03
7.770183641445062e-02 1.762588144427634e-01 1.096122428763493e-03
7.784870275901755e-02 1.809538818899392e-01 1.110527259521927e-03
7.799556900142161e-02 1.817410698333923e-01 1.102827774597622e-03
7.814243514147029e-02 1.841154327419116e-01 1.111936681569527e-03
7.828930117897089e-02 1.875897017988411e-01 1.116256175417581e-03
7.843616711373082e-02 1.900032969278769e-01 1.126278647156666e-03
7.858303294555745e-02 1.909306743702120e-01 1.127122777430784e-03
7.872989867425814e-02 1.932563616563493e-01 1.119927512336046e-03
7.887676429964030e-02 1.955047853183635e-01 1.128421887607506e-03
7.902362982151130e-02 1.961534727376829e-01 1.132130660285244e-03
7.917049523967849e-02 2.005330539907826e-01 1.145496655923862e-03
7.931736055394929e-02 2.036819092795878e-01 1.145660180215496e-03
7.946422576413109e-02 2.049749208940716e-01 1.146508915473666e-03
7.961109087003126e-02 2.063502552867162e-01 1.160983546830030e-03
7.975795587145719e-02 2.103697692358261e-01 1.154447310748854e-03
7.990482076821626e-02 2.126609100006028e-01 1.167108981232955e-03
8.005168556011584e-02 2.169827419570456e-01 1.170705925805410e-03
8.019855024696333e-02 2.190730018619989e-01 1.176627541291800e-03
8.034541482856614e-02 2.217985485033072e-01 1.185002729894838e-03
8.049227930473164e-02 2.196642099518124e-01 1.177957110958120e-03
8.063914367526719e-02 2.240284896558157e-01 1.183568710282689e-03
8.078600793998023e-02 2.284044590573250e-01 1.188703542704933e-03
8.093287209867814e-02 2.323243974594520e-01 1.200103074755330e-03
8.107973615116830e-02 2.357991300717829e-01 1.208186845476348e-03
8.122660009725811e-02 2.389946217847278e-01 1.199397324772716e-03
8.137346393675496e-02 2.421988070116872e-01 1.222941797573429e-03
8.152032766946624e-02 2.438862546234318e-01 1.217649487497783e-03
8.166719129519935e-02 2.472215705542757e-01 1.224183318749349e-03
8.181405481376169e-02 2.512306251681369e-01 1.227716948596869e-03
8.196091822496063e-02 2.539412340445948e-01 1.237672140956811e-03
8.210778152860361e-02 2.551484117033452e-01 1.247081405621726e-03
8.225464472449802e-02 2.589013177299738e-01 1.238886668370403e-03
8.240150781245126e-02 2.629576704063529e-01 1.255393859913375e-03
8.254837079227068e-02 2.674713863962322e-01 1.249357446402206e-03
8.269523366376372e-02 2.706690659813064e-01 1.271897539583516e-03
8.284209642673782e-02 2.721491994014334e-01 1.272433409741802e-03
8.298895908100032e-02 2.721677352375156e-01 1.268681857959667e-03
8.313582162635863e-02 2.791734168264866e-01 1.276793690533600e-03
8.328268406262020e-02 2.828484349447913e-01 1.280085432359054e-03
8.342954638959241e-02 2.862657022284884e-01 1.292807200012199e-03
8.357640860708263e-02 2.913044841141579e-01 1.299974406481480e-03
8.372327071489834e-02 2.942351689002603e-01 1.298612093260432e-03
8.387013271284686e-02 2.976291720539653e-01 1.313142066047218e-03
8.401699460073567e-02 3.039451893265453e-01 1.309613553317440e-03
8.416385637837218e-02 3.084280814569604e-01 1.329359029824545e-03
8.431071804556375e-02 3.125120470201415e-01 1.330447014851251e-03
8.445757960211780e-02 3.147498416964934e-01 1.333977591011021e-03
8.460444104784176e-02 3.185801053017932e-01 1.348592900424073e-03
8.475130238254304e-02 3.255972252617755e-01 1.348966013298510e-03
8.489816360602907e-02 3.264374082478643e-01 1.364937982338020e-03
8.504502471810724e-02 3.338070795763222e-01 1.359562987299627e-03
8.519188571858496e-02 3.389479142254467e-01 1.377025848740546e-03
8.533874660726967e-02 3.417339798170704e-01 1.376062278419702e-03
8.548560738396878e-02 3.470245339986414e-01 1.387525371641688e-03
8.563246804848969e-02 3.507089417948756e-01 1.391200884488799e-03
8.577932860063983e-02 3.569352410715097e-01 1.401313171642581e-03
8.592618904022660e-02 3.628497096664038e-01 1.409230076038567e-03
8.607304936705747e-02 3.664004467668649e-01 1.419360530304772e-03
8.621990958093982e-02 3.743429947496874e-01 1.417208138791577e-03
8.636676968168105e-02 3.766396079331679e-01 1.432142763861006e-03
8.651362966908867e-02 3.818185504658061e-01 1.441918929184480e-03
8.666048954297001e-02 3.851303453954346e-01 1.439877698261379e-03
8.680734930313255e-02 3.928548823158062e-01 1.452453737440415e-03
8.695420894938369e-02 3.976924420228477e-01 1.455389812759443e-03
8.710106848153085e-02 4.027037394352234e-01 1.474252693797242e-03
8.724792789938152e-02 4.105666282847767e-01 1.474591417136594e-03
8.739478720274303e-02 4.106384014910182e-01 1.478284701734634e-03
8.754164639142284e-02 4.168618665706948e-01 1.490104633249955e-03
8.768850546522844e-02 4.293494103629911e-01 1.503385299457834e-03
8.783536442396719e-02 4.294334316139883e-01 1.506948310300620e-03
8.798222326744658e-02 4.391203483024633e-01 1.520497479958359e-03
8.812908199547397e-02 4.441225837459300e-01 1.520756446571359e-03
8.827594060785686e-02 4.493873553618178e-01 1.537422474905397e-03
8.842279910440262e-02 4.564922738671515e-01 1.542070059440300e-03
8.856965748491875e-02 4.636869486685574e-01 1.551982108906832e-03
8.871651574921269e-02 4.678506220943295e-01 1.554237532465445e-03
8.886337389709180e-02 4.730347654012624e-01 1.565788325761275e-03
8.901023192836355e-02 4.810497846363498e-01 1.576604974788942e-03
8.915708984283539e-02 4.877051675484934e-01 1.586396859565561e-03
8.930394764031480e-02 4.954969653024009e-01 1.586087604571088e-03
8.945080532060913e-02 5.034508314179275e-01 1.608916042986703e-03
8.959766288352591e-02 5.111240115597923e-01 1.608939713152513e-03
8.974452032887251e-02 5.183626543505745e-01 1.628544255141754e-03
8.989137765645640e-02 5.236945710493693e-01 1.628922665524430e-03
9.003823486608507e-02 5.306149594874551e-01 1.627054330512963e-03
9.018509195756588e-02 5.396230800963877e-01 1.659697009267992e-03
9.033194893070630e-02 5.463409450209673e-01 1.648426868977141e-03
9.047880578531384e-02 5.578623174241986e-01 1.684156648573337e-03
9.062566252119587e-02 5.618655514396472e-01 1.671397941700267e-03
9.077251913815987e-02 5.678972029918031e-01 1.677314138674277e-03
9.091937563601328e-02 5.798419528632813e-01 1.705953846457830e-03
9.106623201456360e-02 5.828473389076483e-01 1.699424148887161e-03
9.121308827361818e-02 5.947317767130654e-01 1.714254011800733e-03
9.135994441298455e-02 6.022837496348934e-01 1.731786026710538e-03
9.150680043247014e-02 6.115606874099492e-01 1.726185569141836e-03
9.165365633188237e-02 6.190719999068744e-01 1.753033807239577e-03
9.180051211102878e-02 6.259838666179474e-01 1.740295275079347e-03
9.194736776971676e-02 6.356435329518079e-01 1.768461022214754e-03
9.209422330775377e-02 6.436150602348363e-01 1.780567483888987e-03
9.224107872494727e-02 6.556899397056917e-01 1.782776866990891e-03
9.238793402110473e-02 6.603894236098208e-01 1.795416714814870e-03
9.253478919603364e-02 6.697132604993535e-01 1.790265995579825e-03
9.268164424954135e-02 6.786333429127129e-01 1.818463811263183e-03
9.282849918143544e-02 6.870296576072205e-01 1.820581237479603e-03
9.297535399152332e-02 6.984121185178152e-01 1.832443496671725e-03
9.312220867961245e-02 7.061287722655895e-01 1.844999271080649e-03
9.326906324551029e-02 7.186782529052289e-01 1.849880793640536e-03
9.341591768902432e-02 7.231185467255693e-01 1.865872881897355e-03
9.356277200996202e-02 7.318651117022522e-01 1.869160311087347e-03
9.370962620813084e-02 7.422581495849795e-01 1.876240174814430e-03
9.385648028333822e-02 7.489122026330309e-01 1.895758820070848e-03
9.400333423539166e-02 7.601838203922610e-01 1.894363223740248e-03
9.415018806409861e-02 7.697852269159525e-01 1.916450351848006e-03
9.429704176926657e-02 7.758023541013034e-01 1.903111386905135e-03
9.444389535070297e-02 7.877832513901606e-01 1.927058432267575e-03
9.459074880821530e-02 8.006055871667895e-01 1.944164654743519e-03
9.473760214161106e-02 8.038603395880186e-01 1.947348791175921e-03
9.488445535069767e-02 8.202488249422112e-01 1.962776981227937e-03
9.503130843528265e-02 8.222295737373752e-01 1.954961010701832e-03
9.517816139517343e-02 8.357428807045792e-01 1.983894716115343e-03
9.532501423017756e-02 8.474621274625388e-01 1.984157144014193e-03
9.547186694010244e-02 8.564598174559334e-01 1.989103507830712e-03
9.561871952475558e-02 8.639615342769709e-01 2.005809558354419e-03
9.576557198394450e-02 8.716132784529451e-01 2.009713642298405e-03
9.591242431747660e-02 8.821403809464421e-01 2.027462548871320e-03
9.605927652515940e-02 8.868130848192655e-01 2.024957599256260e-03
9.620612860680040e-02 9.005933114800443e-01 2.029978337050951e-03
9.635298056220708e-02 9.092404042994378e-01 2.043174078247076e-03
9.649983239118688e-02 9.172851843444101e-01 2.061670491723667e-03
9.664668409354732e-02 9.227956635131762e-01 2.061737054511344e-03
9.679353566909588e-02 9.310264758887670e-01 2.056371164011469e-03
9.694038711764005e-02 9.421618939374037e-01 2.079184990001806e-03
9.708723843898734e-02 9.485974776649224e-01 2.071988414980985e-03
9.723408963294519e-02 9.593224083019911e-01 2.099643523351459e-03
9.738094069932111e-02 9.659770479515321e-01 2.100282833025816e-03
9.752779163792259e-02 9.723616880242711e-01 2.092478250726899e-03
9.767464244855714e-02 9.816301419517662e-01 2.117310953567193e-03
9.782149313103225e-02 9.876971607943165e-01 2.114190360224448e-03
9.796834368515536e-02 9.942615856051020e-01 2.126334999807218e-03
9.811519411073406e-02 9.991727239614591e-01 2.113897611724213e-03
9.826204440757576e-02 1.006402752520044e+00 2.133762490787107e-03
9.840889457548796e-02 1.013270657571961e+00 2.144530817676600e-03
9.855574461427828e-02 1.021484590197599e+00 2.138208730931049e-03
9.870259452375403e-02 1.030206864880037e+00 2.154976699945170e-03
9.884944430372282e-02 1.033577023407485e+00 2.140870106177652e-03
9.899629395399215e-02 1.037273307262840e+00 2.162272924625518e-03
9.914314347436951e-02 1.042091736177609e+00 2.168651411748161e-03
9.928999286466240e-02 1.049787405506501e+00 2.145272147661021e-03
9.943684212467831e-02 1.054071345991723e+00 2.181566454540624e-03
9.958369125422474e-02 1.050048638041409e+00 2.158401067523808e-03
9.973054025310922e-02 1.055560381176196e+00 2.170351602539851e-03
9.987738912113926e-02 1.061350282944600e+00 2.172165457954369e-03
1.000242378581224e-01 1.067212795290347e+00 2.163937538395479e-03
1.001710864638660e-01 1.071680241898034e+00 2.227806385402757e-03
1.003179349381778e-01 1.070321876158741e+00 2.237585009593386e-03
1.004647832808650e-01 1.078305606326521e+00 2.285646585079517e-03
1.006116314917355e-01 1.078724754592521e+00 2.285374397983120e-03
1.007584795705964e-01 1.079344469045797e+00 2.302515901701325e-03
1.009053275172555e-01 1.082810128312852e+00 2.346643395609977e-03
1.010521753315203e-01 1.078691468520195e+00 2.329046404796785e-03
1.011990230131982e-01 1.080541666805382e+00 2.340984910971101e-03
1.013458705620967e-01 1.081917139622967e+00 2.360557003415875e-03
1.014927179780235e-01 1.085325881371511e+00 2.377721649113682e-03
1.016395652607859e-01 1.080398012356635e+00 2.404385113118594e-03
1.017864124101916e-01 1.080525729642401e+00 2.359212976194202e-03
1.019332594260479e-01 1.075888435050636e+00 2.405362302546241e-03
1.020801063081626e-01 1.077385049048844e+00 2.405771849386676e-03
1.022269530563430e-01 1.077851694674626e+00 2.426905678458176e-03
1.023737996703967e-01 1.068961073563792e+00 2.412534775970743e-03
1.025206461501313e-01 1.072307010025738e+00 2.406746330253708e-03
1.026674924953542e-01 1.067145555630244e+00 2.442581274030719e-03
1.028143387058730e-01 1.061914298153085e+00 2.436392996254604e-03
1.029611847814952e-01 1.059918278461845e+00 2.388671823969114e-03
1.031080307220284e-01 1.062689170595477e+00 2.355150483967439e-03
1.032548765272800e-01 1.063453639472424e+00 2.342165544805523e-03
1.034017221970575e-01 1.052268458630749e+00 2.317451627605415e-03
1.035485677311687e-01 1.050105470318606e+00 2.297314100674544e-03
1.036954131294208e-01 1.049462614373037e+00 2.283788181661283e-03
1.038422583916216e-01 1.039169894004371e+00 2.271016796317000e-03
1.039891035175785e-01 1.040048894175353e+00 2.266646810789670e-03
1.041359485070990e-01 1.034537171222323e+00 2.260968824012775e-03
1.042827933599908e-01 1.025102662185412e+00 2.221059564493677e-03
1.044296380760613e-01 1.018917289768241e+00 2.229636567760603e-03
1.045764826551180e-01 1.009982582995232e+00 2.211001759754594e-03
1.047233270969686e-01 1.009381177351051e+00 2.217272994220457e-03
1.048701714014205e-01 9.991705440341554e-01 2.170496763103436e-03
1.050170155682814e-01 9.931089118312231e-01 2.188231333984408e-03
1.051638595973586e-01 9.852948055864162e-01 2.169732715707382e-03
1.053107034884598e-01 9.879914765442083e-01 2.162109037047484e-03
1.054575472413926e-01 9.771270029913242e-01 2.154035026073959e-03
1.056043908559644e-01 9.755719612353692e-01 2.137317481239544e-03
1.057512343319829e-01 9.598587633824444e-01 2.141464946535485e-03
1.058980776692555e-01 9.548433472567743e-01 2.120946881677594e-03
1.060449208675899e-01 9.483057600803231e-01 2.100575154164893e-03
1.061917639267934e-01 9.418152168024158e-01 2.091268742583253e-03
1.063386068466738e-01 9.343349568147481e-01 2.083715038605539e-03
1.064854496270386e-01 9.297310675053784e-01 2.091674661166979e-03
1.066322922676953e-01 9.187523165155669e-01 2.058616145437209e-03
1.067791347684515e-01 9.084874510268055e-01 2.044072699216207e-03
1.069259771291147e-01 9.005591868765750e-01 2.049227891819203e-03
1.070728193494925e-01 8.932481212858436e-01 2.021860078978665e-03
1.072196614293924e-01 8.903066463818460e-01 2.035029978215168e-03
1.073665033686221e-01 8.780675649435445e-01 1.998600358960773e-03
1.075133451669889e-01 8.724283928913360e-01 2.000801754393970e-03
1.076601868243007e-01 8.632984158012786e-01 2.002794382331391e-03
1.078070283403648e-01 8.564866995000023e-01 1.975440419222909e-03
1.079538697149888e-01 8.459734055454103e-01 1.968348802784632e-03
1.081007109479804e-01 8.373173350399441e-01 1.941336307187818e-03
1.082475520391470e-01 8.295346035463967e-01 1.953987432856759e-03
1.083943929882962e-01 8.223377728477710e-01 1.939817718017185e-03
1.085412337952357e-01 8.154164703135556e-01 1.912891378508798e-03
1.086880744597730e-01 8.063429485747324e-01 1.918636346616123e-03
1.088349149817155e-01 7.991002099801532e-01 1.887354616243345e-03
1.089817553608711e-01 7.908255144348083e-01 1.896932328085229e-03
1.091285955970470e-01 7.846187828197186e-01 1.879566032622798e-03
1.092754356900511e-01 7.778686755282630e-01 1.861145448646706e-03
1.094222756396908e-01 7.683307535440309e-01 1.859799790720490e-03
1.095691154457736e-01 7.570354175857348e-01 1.826940177263582e-03
1.097159551081073e-01 7.517422134088941e-01 1.832008661557301e-03
1.098627946264993e-01 7.439221552753594e-01 1.803451858190215e-03
1.100096340007572e-01 7.327177915526141e-01 1.806915425648599e-03
1.101564732306887e-01 7.280785099182803e-01 1.799020360611221e-03
1.103033123161012e-01 7.225480366882743e-01 1.776488140032449e-03
1.104501512568025e-01 7.140350786078067e-01 1.775364274456479e-03
1.105969900525999e-01 7.042121732351989e-01 1.745700858166907e-03
1.107438287033013e-01 6.983772311152925e-01 1.751550737943017e-03
1.108906672087140e-01 6.882194033551654e-01 1.737586511849581e-03
1.110375055686457e-01 6.849173721319571e-01 1.749550921261757e-03
1.111843437829041e-01 6.749662826276390e-01 1.770478545302118e-03
1.113311818512966e-01 6.721653310540230e-01 1.775531607522749e-03
1.114780197736309e-01 6.590361999019821e-01 1.789471950127515e-03
1.116248575497145e-01 6.547211284515612e-01 1.782136284091251e-03
1.117716951793551e-01 6.460445747842853e-01 1.782512891992115e-03
1.119185326623603e-01 6.394919745003207e-01 1.797819721565206e-03
1.120653699985375e-01 6.330871275330286e-01 1.780590524042313e-03
1.122122071876945e-01 6.303002580448431e-01 1.800004265050428e-03
1.123590442296388e-01 6.190330305423719e-01 1.777185808885671e-03
1.125058811241781e-01 6.124698800614778e-01 1.790308091715158e-03
1.126527178711198e-01 6.053400679901922e-01 1.785295076251986e-03
1.127995544702717e-01 5.982379655716592e-01 1.767397240600028e-03
1.129463909214413e-01 5.927881720643839e-01 1.766981154980680e-03
1.130932272244362e-01 5.892069715687649e-01 1.745371151193905e-03
1.132400633790640e-01 5.832050962897813e-01 1.748419989863975e-03
1.133868993851323e-01 5.772975383203038e-01 1.731695238655090e-03
1.135337352424488e-01 5.713985557397092e-01 1.738213793866587e-03
1.136805709508210e-01 5.612634283313670e-01 1.732983730704760e-03
1.138274065100565e-01 5.563699987841859e-01 1.707529752651036e-03
1.139742419199631e-01 5.506037372140750e-01 1.717991053872668e-03
1.141210771803480e-01 5.441364465315182e-01 1.704799447939875e-03
1.142679122910192e-01 5.401612463691322e-01 1.696816257509697e-03
1.144147472517842e-01 5.359133237859026e-01 1.700024856491243e-03
1.145615820624505e-01 5.281131555059783e-01 1.682003513642215e-03
1.147084167228259e-01 5.215958132976054e-01 1.691480285968354e-03
1.148552512327178e-01 5.182498070266435e-01 1.662520985800116e-03
1.150020855919340e-01 5.129787466564815e-01 1.667528445342029e-03
1.151489198002821e-01 5.082365318099735e-01 1.669862266564479e-03
1.152957538575695e-01 5.022447801123089e-01 1.657950311776851e-03
1.154425877636041e-01 4.949694490739228e-01 1.653522067575440e-03
1.155894215181933e-01 4.940451620520894e-01 1.632903495622976e-03
1.157362551211449e-01 4.868582021927076e-01 1.644935432136755e-03
1.158830885722664e-01 4.805915064245254e-01 1.635492153286579e-03
1.160299218713654e-01 4.755383450473776e-01 1.620671470918923e-03
1.161767550182498e-01 4.731066968274708e-01 1.629516460445130e-03
1.163235880127268e-01 4.667025822947877e-01 1.603742333620331e-03
1.164704208546044e-01 4.609178265413578e-01 1.611305400136359e-03
1.166172535436900e-01 4.544223755893296e-01 1.593222067033843e-03
1.167640860797913e-01 4.544707173692801e-01 1.592529037962987e-03
1.169109184627159e-01 4.453640014142102e-01 1.588866077041928e-03
1.170577506922715e-01 4.413410670946423e-01 1.580670298204159e-03
1.172045827682657e-01 4.367392702635662e-01 1.579293969151907e-03
1.173514146905061e-01 4.335223188932126e-01 1.558212188333837e-03
1.174982464588003e-01 4.302327892721486e-01 1.562223129991967e-03
1.176450780729561e-01 4.268299716270104e-01 1.567352124079230e-03
1.177919095327811e-01 4.217876474577025e-01 1.556579847395946e-03
1.179387408380827e-01 4.151198667173424e-01 1.540137903198370e-03
1.180855719886688e-01 4.111386499837090e-01 1.530167796048400e-03
1.182324029843469e-01 4.086504446663309e-01 1.544139965832420e-03
1.183792338249248e-01 4.058687616383607e-01 1.536584438574047e-03
1.185260645102099e-01 4.009002364870941e-01 1.520295832051333e-03
1.186728950400101e-01 3.990576222972004e-01 1.515512865539221e-03
1.188197254141328e-01 3.950244577445706e-01 1.516514388918077e-03
1.189665556323859e-01 3.901873893469194e-01 1.517944307511939e-03
1.191133856945769e-01 3.852748563828953e-01 1.496185328727984e-03
1.192602156005134e-01 3.824595800131323e-01 1.498726546568572e-03
1.194070453500032e-01 3.787681592962921e-01 1.486640985843712e-03
1.195538749428538e-01 3.764895599109678e-01 1.491144048971865e-03
1.197007043788729e-01 3.721575362938087e-01 1.487555696951612e-03
1.198475336578682e-01 3.692766339422368e-01 1.465412601957339e-03
1.199943627796474e-01 3.650822813730771e-01 1.481247579835642e-03
1.201411917440180e-01 3.631392531076865e-01 1.462374453355742e-03
1.202880205507879e-01 3.597787382861950e-01 1.470329172897398e-03
1.204348491997644e-01 3.564002442810613e-01 1.452497682269474e-03
1.205816776907555e-01 3.515410872954012e-01 1.445048190598029e-03
1.207285060235687e-01 3.506595688759750e-01 1.459148142615833e-03
1.208753341980116e-01 3.460601749800558e-01 1.441418594240178e-03
1.210221622138920e-01 3.431742994920347e-01 1.437511532198416e-03
1.211689900710175e-01 3.418549512217200e-01 1.424571720353195e-03
1.213158177691958e-01 3.372241934666880e-01 1.432361144132391e-03
1.214626453082345e-01 3.323926420714878e-01 1.429291558006318e-03
1.216094726879414e-01 3.289977376642473e-01 1.406166229163247e-03
1.217562999081240e-01 3.299643864206472e-01 1.416702818316894e-03
1.219031269685900e-01 3.232295658378521e-01 1.401187467876633e-03
1.220499538691473e-01 3.201867082709814e-01 1.407678538893185e-03
1.221967806096032e-01 3.181743465845411e-01 1.406535858305878e-03
1.223436071897657e-01 3.175225131555956e-01 1.377936169411007e-03
1.224904336094423e-01 3.115707784121119e-01 1.394025988450796e-03
1.226372598684407e-01 3.114775978988412e-01 1.384067909007397e-03
1.227840859665686e-01 3.087080959695573e-01 1.390358422857036e-03
1.229309119036337e-01 3.050809824379373e-01 1.371136578098726e-03
1.230777376794436e-01 3.039622033266186e-01 1.369142564241337e-03
1.232245632938061e-01 3.020819802704336e-01 1.382376901371469e-03
1.233713887465287e-01 2.988329117675520e-01 1.351907374019645e-03
1.235182140374194e-01 2.954046465011304e-01 1.360063947424480e-03
1.236650391662856e-01 2.908697872148846e-01 1.352179815289262e-03
1.238118641329350e-01 2.904599933016729e-01 1.347906859044308e-03
1.239586889371753e-01 2.876844416663474e-01 1.360294478420557e-03
1.241055135788144e-01 2.824018146288816e-01 1.326514392973030e-03
1.242523380576598e-01 2.811487959646305e-01 1.335677393518247e-03
1.243991623735193e-01 2.808971946306989e-01 1.333930483864426e-03
1.245459865262004e-01 2.792228983406531e-01 1.332739567398588e-03
1.246928105155109e-01 2.788478421703431e-01 1.334671396026904e-03
1.248396343412586e-01 2.728821764112510e-01 1.313688517565634e-03
1.249864580032510e-01 2.743584198409309e-01 1.323612189955271e-03
1.251332815012960e-01 2.702445678047138e-01 1.314622058934791e-03
1.252801048352011e-01 2.669274015740103e-01 1.311598443094688e-03
1.254269280047742e-01 2.664306354656943e-01 1.309432182939477e-03
1.255737510098228e-01 2.600393284310952e-01 1.294161375989257e-03
1.257205738501548e-01 2.612975110270822e-01 1.308613314627081e-03
1.258673965255777e-01 2.597460231448230e-01 1.294781158042019e-03
1.260142190358993e-01 2.575136003078538e-01 1.290873214295666e-03
1.261610413809274e-01 2.533938879197278e-01 1.285198133656300e-03
1.263078635604696e-01 2.549583928473412e-01 1.284371041713449e-03
1.264546855743336e-01 2.508280448737445e-01 1.284616961993189e-03
1.266015074223272e-01 2.516029200738731e-01 1.270659983071939e-03
1.267483291042580e-01 2.475446850731430e-01 1.268936193549435e-03
1.268951506199338e-01 2.438623141992600e-01 1.251387645611434e-03
1.270419719691622e-01 2.456044557951755e-01 1.268815373997049e-03
1.271887931517510e-01 2.409280606242621e-01 1.247786817619833e-03
1.273356141675080e-01 2.402539293943732e-01 1.249869643293344e-03
1.274824350162407e-01 2.388357143993731e-01 1.244423539470748e-03
1.276292556977570e-01 2.360860091749704e-01 1.236947621585032e-03
1.277760762118645e-01 2.343924179843766e-01 1.245386580191210e-03
1.279228965583711e-01 2.312812138319666e-01 1.222769914765474e-03
1.280697167370843e-01 2.313670141782113e-01 1.236785259530575e-03
1.282165367478119e-01 2.320823838342257e-01 1.239990843966348e-03
1.283633565903617e-01 2.313342799072184e-01 1.223337469502623e-03
1.285101762645414e-01 2.286832589991941e-01 1.229080400386312e-03
1.286569957701586e-01 2.267868277744575e-01 1.216535352846106e-03
1.288038151070212e-01 2.243292718135682e-01 1.217759457107177e-03
1.289506342749369e-01 2.220443162636473e-01 1.215008813849655e-03
1.290974532737133e-01 2.222278893268357e-01 1.209238350492662e-03
1.292442721031583e-01 2.172512476481264e-01 1.208843994345363e-03
1.293910907630794e-01 2.195712123699360e-01 1.203855721684454e-03
1.295379092532846e-01 2.159196294461962e-01 1.202049474636125e-03
1.296847275735815e-01 2.142062306794030e-01 1.194554478645051e-03
1.298315457237779e-01 2.108631712715740e-01 1.187692195598447e-03
1.299783637036815e-01 2.135667126715423e-01 1.209826135247781e-03
1.301251815131000e-01 2.070494657918183e-01 1.174217677434457e-03
1.302719991518412e-01 2.076129173956821e-01 1.188858248037777e-03
1.304188166197129e-01 2.061478498062995e-01 1.177865432725223e-03
1.305656339165226e-01 2.060365163325318e-01 1.187089623005540e-03
1.307124510420783e-01 2.043437185510324e-01 1.180901971743545e-03
1.308592679961877e-01 2.014504053651410e-01 1.172409088330730e-03
1.310060847786584e-01 2.022153012127194e-01 1.172174347644996e-03
1.311529013892983e-01 2.003651438481200e-01 1.166709246350309e-03
1.312997178279152e-01 1.987589313975597e-01 1.172936401822034e-03
1.314465340943166e-01 2.004500791260321e-01 1.171304133696148e-03
1.315933501883105e-01 1.952085682290556e-01 1.151783429460742e-03
1.317401661097045e-01 1.939400436698953e-01 1.157242241765225e-03
1.318869818583065e-01 1.943752533924816e-01 1.158592209120958e-03
1.320337974339242e-01 1.917444811257673e-01 1.157552205691378e-03
1.321806128363652e-01 1.925828639787466e-01 1.153193436706204e-03
1.323274280654375e-01 1.913390827991823e-01 1.150867374195395e-03
1.324742431209487e-01 1.906652496605154e-01 1.158274430726439e-03
1.326210580027065e-01 1.879573392511043e-01 1.140447124590751e-03
1.327678727105190e-01 1.884698131237947e-01 1.148548551524156e-03
1.329146872441935e-01 1.872971422222553e-01 1.140355480170382e-03
1.330615016035382e-01 1.864304821035760e-01 1.142724877673143e-03
1.332083157883606e-01 1.833743836835338e-01 1.131946197000506e-03
1.333551297984685e-01 1.826748042689049e-01 1.134021694547184e-03
1.335019436336697e-01 1.804004404408658e-01 1.132119080212014e-03
1.336487572937721e-01 1.791359961266360e-01 1.122603416693616e-03
1.337955707785833e-01 1.789710230946229e-01 1.134391376713038e-03
1.339423840879111e-01 1.767703186433073e-01 1.125548788164132e-03
1.340891972215633e-01 1.762778135598183e-01 1.115216657993095e-03
1.342360101793477e-01 1.779412571326283e-01 1.126145066852919e-03
1.343828229610720e-01 1.742466424390551e-01 1.104086478618063e-03
1.345296355665440e-01 1.750991524568732e-01 1.125262743472239e-03
1.346764479955716e-01 1.717951769982091e-01 1.104568017836251e-03
1.348232602479625e-01 1.708688142917946e-01 1.111332620442033e-03
1.349700723235245e-01 1.708079904330638e-01 1.110331602543309e-03
1.351168842220653e-01 1.714507044505025e-01 1.104219027864681e-03
1.352636959433928e-01 1.703096254255806e-01 1.110192877849059e-03
1.354105074873147e-01 1.700066961118164e-01 1.094753159008562e-03
1.355573188536388e-01 1.683172649400042e-01 1.110868424753615e-03
1.357041300421729e-01 1.664286262075775e-01 1.098504776066541e-03
1.358509410527249e-01 1.647874409447495e-01 1.097001749790300e-03
1.359977518851024e-01 1.635443128100364e-01 1.097217185125680e-03
1.361445625391133e-01 1.630892792009947e-01 1.084045058497967e-03
1.362913730145654e-01 1.626726966639857e-01 1.093389071927444e-03
1.364381833112665e-01 1.635239839438064e-01 1.086781201811578e-03
1.365849934290243e-01 1.620813272965226e-01 1.088682460792749e-03
1.367318033676468e-01 1.606781925478229e-01 1.095481339107515e-03
1.368786131269416e-01 1.583630638951481e-01 1.073820933006086e-03
1.370254227067166e-01 1.577206252138848e-01 1.082867635550500e-03
1.371722321067795e-01 1.567493904799341e-01 1.067300406777917e-03
1.373190413269383e-01 1.574129103264870e-01 1.078406377746832e-03
1.374658503670007e-01 1.561193287313343e-01 1.080039495823485e-03
1.376126592267744e-01 1.533662994237850e-01 1.068696434852272e-03
1.377594679060673e-01 1.543408340441285e-01 1.081968020807623e-03
1.379062764046873e-01 1.532255974545651e-01 1.059142224645530e-03
1.380530847224421e-01 1.526261923698942e-01 1.073102307418385e-03
1.381998928591395e-01 1.520536081044985e-01 1.072687433445285e-03
1.383467008145873e-01 1.510120816559911e-01 1.061629760575957e-03
1.384935085885935e-01 1.477165710401169e-01 1.063770702791895e-03
1.386403161809657e-01 1.494486351140856e-01 1.049415110164771e-03
1.387871235915119e-01 1.490726198582224e-01 1.064506968985318e-03
1.389339308200397e-01 1.468271674784341e-01 1.055425338391393e-03
1.390807378663571e-01 1.465421029909331e-01 1.048724159690076e-03
1.392275447302719e-01 1.453774852256483e-01 1.055320770784181e-03
1.393743514115918e-01 1.459067359025006e-01 1.050101800060715e-03
1.395211579101248e-01 1.432108459587177e-01 1.053829142976987e-03
1.396679642256785e-01 1.445324540294983e-01 1.048978164679564e-03
1.398147703580609e-01 1.456369818994730e-01 1.050699550861036e-03
1.399615763070799e-01 1.417907339213642e-01 1.045472118008734e-03
1.401083820725432e-01 1.420784457171064e-01 1.047497445271152e-03
1.402551876542587e-01 1.409845247149625e-01 1.048216438540908e-03
1.404019930520340e-01 1.387537029388765e-01 1.034622350260403e-03
1.405487982656773e-01 1.409421576432972e-01 1.046160314692436e-03
1.406956032949962e-01 1.379047908721324e-01 1.063600129305869e-03
1.408424081397986e-01 1.377542105225822e-01 1.090719068106256e-03
1.409892127998923e-01 1.371063621098770e-01 1.100746349611702e-03
1.411360172750852e-01 1.361295202158589e-01 1.114331668562503e-03
1.412828215651852e-01 1.354326945668848e-01 1.128416847815818e-03
1.414296256699999e-01 1.357758501870599e-01 1.129257110510713e-03
1.415764295893374e-01 1.330622363657574e-01 1.140679569334911e-03
1.417232333230055e-01 1.336641930410943e-01 1.146730743898879e-03
1.418700368708119e-01 1.340780418322609e-01 1.172117540383177e-03
1.420168402325645e-01 1.338848426707057e-01 1.182546930835304e-03
1.421636434080713e-01 1.306743689740260e-01 1.167440521590245e-03
1.423104463971400e-01 1.308241483643123e-01 1.191912956364759e-03
1.424572491995785e-01 1.308385782015607e-01 1.196969163459873e-03
1.426040518151946e-01 1.321678388805891e-01 1.221661309450391e-03
1.427508542437963e-01 1.294970323564781e-01 1.203107136260662e-03
1.428976564851913e-01 1.300095313608690e-01 1.224016057212321e-03
1.430444585391876e-01 1.296343419672089e-01 1.232730554257802e-03
1.431912604055929e-01 1.277758209153435e-01 1.237016160080470e-03
1.433380620842152e-01 1.261841072251893e-01 1.234504214811586e-03
1.434848635748623e-01 1.251390072705114e-01 1.239567902645794e-03
1.436316648773420e-01 1.255802958700544e-01 1.247285685737105e-03
1.437784659914622e-01 1.248919786860428e-01 1.265185983839951e-03
1.439252669170309e-01 1.232931483668112e-01 1.278467202623121e-03
1.440720676538558e-01 1.265011993847800e-01 1.269460705770215e-03
1.442188682017449e-01 1.235038605214930e-01 1.281531447891835e-03
1.443656685605060e-01 1.221399721706094e-01 1.285480872666646e-03
1.445124687299469e-01 1.218001147817985e-01 1.312941797074665e-03
1.446592687098756e-01 1.208681790155656e-01 1.292831738933855e-03
1.448060685000999e-01 1.205233621985890e-01 1.319630976637870e-03
1.449528681004278e-01 1.213861303887463e-01 1.312598970695731e-03
1.450996675106670e-01 1.208170067491601e-01 1.325989134431518e-03
1.452464667306255e-01 1.213627305397087e-01 1.327127876208496e-03
1.453932657601112e-01 1.192809662842489e-01 1.333366692993844e-03
1.455400645989318e-01 1.212168743002239e-01 1.363082647773058e-03
1.456868632468954e-01 1.204659738133279e-01 1.351376942831169e-03
1.458336617038097e-01 1.199384206219205e-01 1.362895515907810e-03
1.459804599694828e-01 1.185727296930351e-01 1.355766015398364e-03
1.461272580437224e-01 1.167175928442083e-01 1.378484541209898e-03
1.462740559263364e-01 1.183282569120531e-01 1.390944905603776e-03
1.464208536171328e-01 1.131131893894401e-01 1.382158094185501e-03
1.465676511159195e-01 1.141373511974514e-01 1.390204933895589e-03
1.467144484225043e-01 1.125527920940024e-01 1.379583659448695e-03
1.468612455366952e-01 1.142726940277905e-01 1.403029098661404e-03
1.470080424582999e-01 1.142918175441629e-01 1.422621409823512e-03
1.471548391871265e-01 1.127365183521617e-01 1.381349150724353e-03
1.473016357229828e-01 1.107749826661617e-01 1.421831826575786e-03
1.474484320656767e-01 1.131590404939856e-01 1.410092377173189e-03
1.475952282150162e-01 1.137519813922450e-01 1.435046628732373e-03
1.477420241708091e-01 1.095676775224650e-01 1.404379030236766e-03
1.478888199328633e-01 1.101982698491968e-01 1.417782921554928e-03
1.480356155009868e-01 1.111858834015119e-01 1.444753749860846e-03
1.481824108749874e-01 1.079894690593859e-01 1.405561192198609e-03
1.483292060546731e-01 1.073838463004439e-01 1.437634842867300e-03
1.484760010398518e-01 1.091607659196128e-01 1.417938119840762e-03
1.486227958303313e-01 1.083449447135879e-01 1.449220234560744e-03
1.487695904259196e-01 1.090818051202821e-01 1.468417942939540e-03
1.489163848264247e-01 1.080339754729129e-01 1.421539195784506e-03
1.490631790316544e-01 1.042451839581047e-01 1.452736376259181e-03
1.492099730414167e-01 1.076204798328867e-01 1.471360323554966e-03
1.493567668555194e-01 1.077768598240604e-01 1.477989097994758e-03
1.495035604737705e-01 1.061793017881240e-01 1.470732241189907e-03
1.496503538959780e-01 1.053561785144786e-01 1.431301476729494e-03
1.497971471219496e-01 1.049533595653495e-01 1.472757508697546e-03
1.499439401514935e-01 1.069853226260157e-01 1.446160618534920e-03
1.500907329844174e-01 1.034184302676852e-01 1.473097112735404e-03
1.502375256205293e-01 1.047736413590222e-01 1.448029465277191e-03
1.503843180596373e-01 1.036969540356203e-01 1.453805442893309e-03
1.505311103015491e-01 1.041919030341305e-01 1.490890118049705e-03
1.506779023460727e-01 1.022521511253383e-01 1.438049333960829e-03
1.508246941930161e-01 1.024288482185070e-01 1.470385418986534e-03
1.509714858421872e-01 1.010389390739255e-01 1.440163035068148e-03
1.511182772933938e-01 1.023361860685166e-01 1.462793226881983e-03
1.512650685464441e-01 1.011512167297432e-01 1.483825820150789e-03
1.514118596011459e-01 1.022612460189029e-01 1.452840710686205e-03
1.515586504573071e-01 1.009934324108763e-01 1.475178156373267e-03
1.517054411147357e-01 1.004291102667248e-01 1.456806164355409e-03
1.518522315732397e-01 1.004671575302508e-01 1.482037041536551e-03
1.519990218326269e-01 9.999700842572354e-02 1.486608808483952e-03
1.521458118927054e-01 9.832591538902649e-02 1.449574678853568e-03
1.522926017532831e-01 9.937120722214150e-02 1.507486738240311e-03
1.524393914141679e-01 9.934558315524372e-02 1.471494896627510e-03
1.525861808751677e-01 1.012347905459132e-01 1.524263905269456e-03
1.527329701360906e-01 9.752066929835813e-02 1.483335275106044e-03
1.528797591967446e-01 9.811668720492592e-02 1.485362506779459e-03
1.530265480569374e-01 9.791468850027334e-02 1.539273211533059e-03
1.531733367164773e-01 9.811813353594799e-02 1.467666463964343e-03
1.533201251751719e-01 9.500344561287126e-02 1.513924605823729e-03
1.534669134328294e-01 9.592168901738084e-02 1.484912530369008e-03
1.536137014892578e-01 9.436076713259575e-02 1.516327188173670e-03
1.537604893442648e-01 9.379838240611141e-02 1.527227867912491e-03
1.539072769976586e-01 9.514115458530618e-02 1.508456904537001e-03
1.540540644492471e-01 9.426607383424704e-02 1.544298597461954e-03
1.542008516988383e-01 9.387396676702142e-02 1.512614925830361e-03
1.543476387462401e-01 9.342591519937259e-02 1.552556505816412e-03
1.544944255912605e-01 9.278955077021697e-02 1.530941622141876e-03
1.546412122337075e-01 9.128952387479027e-02 1.522608752192067e-03
1.547879986733890e-01 9.289103658666951e-02 1.553163150399421e-03
1.549347849101131e-01 9.218176479800996e-02 1.533790613373382e-03
1.550815709436878e-01 9.288225633148697e-02 1.562490567857800e-03
1.552283567739209e-01 9.006436348028914e-02 1.528945601613935e-03
1.553751424006205e-01 9.192276567888839e-02 1.562843451502985e-03
1.555219278235946e-01 9.419427681833992e-02 1.586083033818487e-03
1.556687130426511e-01 9.107090765105298e-02 1.569099919435901e-03
1.558154980575980e-01 9.281065468969350e-02 1.585752732607374e-03
1.559622828682433e-01 9.086497704624068e-02 1.565341306284499e-03
1.561090674743951e-01 9.053786763283862e-02 1.592801353414315e-03
1.562558518758612e-01 9.046682751920546e-02 1.582001689580375e-03
1.564026360724498e-01 8.922355515142301e-02 1.595702964583171e-03
1.565494200639687e-01 9.043002787671431e-02 1.584964276664288e-03
1.566962038502260e-01 8.753477314608543e-02 1.583371575534395e-03
1.568429874310297e-01 8.963264125212399e-02 1.620350457334782e-03
1.569897708061878e-01 8.772312985953996e-02 1.603468201149548e-03
1.571365539755082e-01 8.901180535685664e-02 1.616560234340995e-03
1.572833369387990e-01 8.777683453757640e-02 1.612036022222271e-03
1.574301196958682e-01 9.271468393951303e-02 1.631199339276995e-03
1.575769022465238e-01 8.673085309295078e-02 1.636509891097884e-03
1.577236845905738e-01 9.138113443335216e-02 1.617497742463740e-03
1.578704667278262e-01 8.464038854863257e-02 1.624979381792761e-03
1.580172486580890e-01 8.699271009700239e-02 1.642901461083313e-03
1.581640303811701e-01 8.569751870283590e-02 1.625046591999853e-03
1.583108118968778e-01 8.599651439618028e-02 1.657024247527624e-03
1.584575932050198e-01 8.549965604789304e-02 1.644904133235846e-03
1.586043743054044e-01 8.447285462154083e-02 1.676005550822089e-03
1.587511551978395e-01 8.361066633842398e-02 1.667683343397051e-03
1.588979358821330e-01 8.354229711690687e-02 1.655409941034614e-03
1.590447163580930e-01 8.412550732992997e-02 1.677015755693580e-03
1.591914966255276e-01 8.354037798707360e-02 1.668303709923303e-03
1.593382766842448e-01 8.180207950688674e-02 1.676076503424798e-03
1.594850565340525e-01 8.450577661943803e-02 1.702727327607255e-03
1.596318361747588e-01 8.422381186687510e-02 1.684875120241842e-03
1.597786156061718e-01 8.153034390590197e-02 1.705293390262722e-03
1.599253948280995e-01 8.320755105921579e-02 1.700231613652915e-03
1.600721738403499e-01 7.937338327180760e-02 1.704799612708056e-03
1.602189526427309e-01 8.185380357531918e-02 1.714161373170980e-03
1.603657312350509e-01 7.965098790740156e-02 1.733024112267236e-03
1.605125096171175e-01 8.190191563752591e-02 1.727126082858891e-03
1.606592877887390e-01 8.034195254170577e-02 1.716680829318195e-03
1.608060657497234e-01 8.245115457735727e-02 1.764312022724038e-03
1.609528434998787e-01 8.242879731474909e-02 1.760451722687573e-03
1.610996210390131e-01 8.122475580885404e-02 1.753959257958401e-03
1.612463983669344e-01 8.137377007983206e-02 1.773907093522577e-03
1.613931754834508e-01 7.759324644113499e-02 1.741796031198909e-03
1.615399523883702e-01 7.683577527184167e-02 1.762599425438738e-03
1.616867290815008e-01 7.693655362853609e-02 1.752094222732009e-03
1.618335055626506e-01 7.845860186304365e-02 1.790839185423679e-03
1.619802818316277e-01 8.051372283241916e-02 1.812376135392718e-03
1.621270578882401e-01 7.781686149568090e-02 1.786729842365415e-03
1.622738337322958e-01 7.929063246602078e-02 1.809637710422553e-03
1.624206093636030e-01 7.716196571889786e-02 1.793350478270697e-03
1.625673847819697e-01 7.389243302515278e-02 1.806566677837777e-03
1.627141599872038e-01 7.449629109394305e-02 1.806012796710737e-03
1.628609349791136e-01 7.204814528595341e-02 1.812405724168157e-03
1.630077097575070e-01 7.713662434826046e-02 1.842831110358181e-03
1.631544843221922e-01 8.049378753850203e-02 1.840676419646615e-03
1.633012586729772e-01 7.621384392054235e-02 1.849278900813301e-03
1.634480328096700e-01 7.535197131099018e-02 1.863920430434135e-03
1.635948067320787e-01 7.425595319420115e-02 1.848762174604664e-03
1.637415804400115e-01 7.842726989330878e-02 1.877694536484163e-03
1.638883539332764e-01 7.642530506805262e-02 1.898298023497217e-03
1.640351272116813e-01 7.613591955945941e-02 1.893800429216599e-03
1.641819002750345e-01 7.703988043864474e-02 1.940564963606786e-03
1.643286731231440e-01 7.438271616569909e-02 1.893550672223148e-03
1.644754457558179e-01 7.433498596172282e-02 1.903572552304729e-03
1.646222181728642e-01 7.519389318896674e-02 1.933190945792385e-03
1.647689903740911e-01 7.615703402479791e-02 1.943597021714458e-03
1.649157623593066e-01 7.540728671054094e-02 2.011626649516185e-03
1.650625341283188e-01 7.289028016769973e-02 1.926519150927305e-03
1.652093056809359e-01 7.294765505414602e-02 1.949339481972995e-03
1.653560770169658e-01 7.128750284216141e-02 1.977505383646829e-03
1.655028481362167e-01 6.661403864405110e-02 1.942583148803325e-03
1.656496190384967e-01 6.954735465087560e-02 1.972043498545137e-03
1.657963897236138e-01 7.195306132972820e-02 1.988126019911925e-03
1.659431601913762e-01 7.357801764053849e-02 2.005883084885244e-03
1.660899304415920e-01 6.933128685598509e-02 2.000033039761625e-03
1.662367004740692e-01 6.724986677881488e-02 2.013281536223915e-03
1.663834702886159e-01 7.037062271517104e-02 2.036695661814958e-03
1.665302398850404e-01 7.017258038341730e-02 2.051028485245463e-03
1.666770092631506e-01 6.841287944919767e-02 2.048556270294920e-03
1.668237784227546e-01 7.076292149971164e-02 2.075606367744942e-03
1.669705473636607e-01 6.960528089835033e-02 2.061287633034299e-03
1.671173160856769e-01 6.983246609508065e-02 2.093950054411992e-03
1.672640845886112e-01 6.844698977652684e-02 2.081039697898733e-03
1.674108528722718e-01 7.328094774712715e-02 2.133884031955011e-03
1.675576209364669e-01 6.595458415076121e-02 2.147380665967127e-03
1.677043887810044e-01 6.637733573223199e-02 2.080905599900108e-03
1.678511564056927e-01 6.619158804437754e-02 2.149663076773071e-03
1.679979238103397e-01 6.590742733530704e-02 2.188037339286374e-03
1.681446909947535e-01 6.707256119817312e-02 2.157619439252040e-03
1.682914579587425e-01 6.751933248969540e-02 2.215197715811948e-03
1.684382247021145e-01 6.984907922143631e-02 2.193474118516892e-03
1.685849912246778e-01 6.725023029918238e-02 2.219369606666777e-03
1.687317575262405e-01 6.397784108842394e-02 2.228802035409936e-03
1.688785236066107e-01 6.408748113591767e-02 2.236464218793516e-03
1.690252894655966e-01 6.378129064285028e-02 2.253709921903821e-03
1.691720551030063e-01 6.586269726562033e-02 2.251129510901800e-03
1.693188205186478e-01 6.722968807033800e-02 2.325181050810716e-03
1.694655857123294e-01 7.192228130120788e-02 2.368740450585266e-03
1.696123506838591e-01 6.985582085611876e-02 2.390192958626163e-03
1.697591154330453e-01 6.414087504896195e-02 2.335954441566638e-03
1.699058799596958e-01 6.796410636104508e-02 2.384966088092996e-03
1.700526442636189e-01 6.319492054355222e-02 2.384440410477383e-03
1.701994083446229e-01 6.803013178046671e-02 2.380023093768434e-03
1.703461722025157e-01 6.004029590091865e-02 2.419619690928797e-03
1.704929358371055e-01 6.470708934538633e-02 2.392292607959430e-03
1.706396992482005e-01 6.244143229111224e-02 2.430157035044667e-03
1.707864624356089e-01 6.584641255173046e-02 2.493879663222737e-03
1.709332253991387e-01 6.433226520592213e-02 2.486607578789661e-03
1.710799881385982e-01 6.399969764967678e-02 2.547811013239438e-03
1.712267506537955e-01 6.244568046708839e-02 2.563643249036793e-03
1.713735129445388e-01 6.092133566266030e-02 2.542238368047597e-03
1.715202750106361e-01 5.655350928970194e-02 2.542123882010441e-03
1.716670368518958e-01 6.335064599405561e-02 2.625340820795183e-03
1.718137984681258e-01 5.926892882074991e-02 2.614261426674584e-03
1.719605598591345e-01 6.034462470025324e-02 2.612236451858181e-03
1.721073210247299e-01 5.920173398732721e-02 2.604721422847100e-03
1.722540819647203e-01 6.329167179258212e-02 2.750296997237918e-03
1.724008426789137e-01 6.202649700329257e-02 2.766857894655431e-03
1.725476031671185e-01 6.063104824972807e-02 2.731500634006028e-03
1.726943634291426e-01 5.895083947796873e-02 2.861663508842890e-03
1.728411234647944e-01 5.451443809494802e-02 2.787815537990607e-03
1.729878832738820e-01 6.471972629956899e-02 2.849368163202662e-03
1.731346428562135e-01 5.952022282898853e-02 2.933666147757397e-03
1.732814022115972e-01 6.460735912845733e-02 2.947910146605350e-03
1.734281613398412e-01 6.005770476791651e-02 3.002503798674550e-03
1.735749202407538e-01 5.748008606125404e-02 2.977926358297326e-03
1.737216789141430e-01 6.205808304852792e-02 3.090548975196240e-03
1.738684373598171e-01 5.822589511292554e-02 3.063389572889664e-03
1.740151955775843e-01 5.541810491193949e-02 3.025246679651828e-03
1.741619535672527e-01 6.194389002966878e-02 3.236165792443602e-03
1.743087113286306e-01 5.773881141968495e-02 3.234161373667836e-03
1.744554688615261e-01 5.902137902698783e-02 3.255766110908783e-03
1.746022261657475e-01 6.504334830435413e-02 3.441803388008530e-03
1.747489832411029e-01 5.769520386627201e-02 3.383696527555517e-03
1.748957400874005e-01 5.905379738857088e-02 3.411778778306365e-03
1.750424967044485e-01 5.706516328039586e-02 3.442541636136867e-03
1.751892530920552e-01 5.321853717835501e-02 3.592063132694267e-03
1.753360092500287e-01 5.884381318829209e-02 3.693944481740822e-03
1.754827651781772e-01 6.052196308342631e-02 3.671416036033788e-03
1.756295208763090e-01 6.491899694023276e-02 3.809381324651076e-03
1.757762763442323e-01 5.732005033641097e-02 3.792075271397787e-03
1.759230315817552e-01 6.360071980045441e-02 4.075403813128494e-03
1.760697865886859e-01 5.391184369993408e-02 4.066579194619463e-03
1.762165413648328e-01 6.048303710738993e-02 4.031751231880019e-03
1.763632959100039e-01 5.306572573332476e-02 4.151349263950924e-03
1.765100502240076e-01 5.739020302522414e-02 4.360766311248693e-03
1.766568043066521e-01 5.302587532458047e-02 4.484135914035861e-03
1.768035581577454e-01 5.464282761608177e-02 4.590555209935830e-03
1.769503117770959e-01 5.853235584222738e-02 4.894933648726655e-03
1.770970651645119e-01 5.717086322640534e-02 4.879212331245305e-03
1.772438183198014e-01 6.195669015856500e-02 5.070279757488548e-03
1.773905712427729e-01 5.151574663795304e-02 5.290252653675104e-03
1.775373239332344e-01 6.114742680451657e-02 5.495951093113410e-03
1.776840763909942e-01 5.005650089470620e-02 5.732218306441277e-03
1.778308286158606e-01 4.590971946102615e-02 5.973835991815597e-03
1.779775806076418e-01 4.827185385784673e-02 6.393500666874953e-03
1.781243323661459e-01 5.804725660825420e-02 7.083919838464962e-03
1.782710838911813e-01 6.269127260180253e-02 7.986228369932262e-03
1.784178351825563e-01 4.046318243715707e-02 8.009805128039928e-03
1.785645862400790e-01 5.900689221360405e-02 1.058921524118292e-02
1.787113370635576e-01 5.058664728929975e-02 1.050886880761011e-02
1.788580876528005e-01 3.361603319388446e-02 1.308878732587125e-02
1.790048380076158e-01 5.152010282460593e-02 1.698084533319313e-02
