<X> <Y> <dY>
8.813602216919226e-04 -8.133289749348098e+01 2.729878650979937e+00
1.028253589049351e-03 -7.134592460196596e+01 1.487501094845097e+00
1.175146955056984e-03 -3.716419398397526e+01 1.131136879411729e+00
1.322040319521992e-03 -2.705910557603733e+01 6.943752189369624e-01
1.468933682251548e-03 -1.912232153557104e+01 5.040090635629102e-01
1.615827043052824e-03 -1.270319711672802e+01 3.554289463782285e-01
1.762720401732992e-03 -9.129288858257187e+00 3.079568916253924e-01
1.909613758099223e-03 -7.660623049293406e+00 2.640065949480556e-01
2.056507111958691e-03 -5.405247388281166e+00 2.225867953062541e-01
2.203400463118568e-03 -3.158264897078158e+00 1.957502475877806e-01
2.350293811386024e-03 -3.322484789939010e+00 1.641145006660457e-01
2.497187156568232e-03 -2.341450658840907e+00 1.476225332304043e-01
2.644080498472365e-03 -2.047502125090526e+00 1.289478162096112e-01
2.790973836905595e-03 -1.632343467545727e+00 1.135518915521019e-01
2.937867171675094e-03 -1.373796001003524e+00 1.049315403955264e-01
3.084760502588034e-03 -9.475386916952938e-01 9.303643334218600e-02
3.231653829451588e-03 -8.872574979020803e-01 8.508218230529160e-02
3.378547152072927e-03 -7.943756371636821e-01 7.797638561099619e-02
3.525440470259224e-03 -6.614678411519407e-01 7.034575790284101e-02
3.672333783817651e-03 -4.952222114816567e-01 6.563202531491732e-02
3.819227092555382e-03 -4.438033185248090e-01 5.911879941959532e-02
3.966120396279587e-03 -3.544254100665890e-01 5.643302155576126e-02
4.113013694797441e-03 -4.350593642624577e-01 5.098019876532603e-02
4.259906987916115e-03 -2.581035862409268e-01 4.722503283942692e-02
4.406800275442781e-03 -3.391019549661632e-01 4.461126718645775e-02
4.553693557184614e-03 -1.906110714856833e-01 4.125352952947516e-02
4.700586832948783e-03 -2.531313910954166e-01 3.858448549645260e-02
4.847480102542463e-03 -1.727104587056594e-01 3.591607076149394e-02
4.994373365772829e-03 -1.050345097455919e-01 3.400426648159622e-02
5.141266622447048e-03 -1.382597170281200e-01 3.194459443930883e-02
5.288159872372297e-03 -1.477333240713481e-01 2.956867781117561e-02
5.435053115355749e-03 -1.050401279224053e-01 2.822135155441320e-02
5.581946351204576e-03 -7.147684762158837e-02 2.660987762500036e-02
5.728839579725948e-03 -6.835375957106932e-02 2.483524490463238e-02
5.875732800727044e-03 -7.959688050951069e-02 2.370034272954181e-02
6.022626014015034e-03 -1.149468243848852e-01 2.244736253680258e-02
6.169519219397089e-03 -7.754000463370178e-02 2.129065019241911e-02
6.316412416680385e-03 -1.114154933614021e-01 2.034562270368561e-02
6.463305605672094e-03 -5.966140928608747e-02 1.909237028436497e-02
6.610198786179393e-03 -3.705518667586161e-02 1.814516178753939e-02
6.757091958009447e-03 -6.973385966237028e-02 1.720753292047790e-02
6.903985120969439e-03 -3.739398772238168e-02 1.644997892204133e-02
7.050878274866538e-03 -5.205631167891966e-02 1.580965165078256e-02
7.197771419507919e-03 -2.084549545150564e-02 1.482572033712238e-02
7.344664554700750e-03 -3.960556317239598e-02 1.425828926758056e-02
7.491557680252214e-03 -5.239011850409160e-02 1.374772944884467e-02
7.638450795969478e-03 -1.625014728431884e-02 1.303911401935626e-02
7.785343901659718e-03 -1.765873280922370e-02 1.256179404191397e-02
7.932236997130110e-03 -3.976199667269224e-02 1.189111703126903e-02
8.079130082187821e-03 -3.221959512149320e-02 1.152669517332463e-02
8.226023156640037e-03 -2.065024874303124e-02 1.107893406870584e-02
8.372916220293923e-03 -1.153104688120271e-02 1.048982796955242e-02
8.519809272956652e-03 -8.323113437340124e-03 1.016304064202210e-02
8.666702314435403e-03 -1.905313747179998e-02 9.770345881078512e-03
8.813595344537354e-03 -5.474791361262515e-03 9.440406894428856e-03
8.960488363069672e-03 -1.559415569961372e-02 9.081370696721752e-03
9.107381369839535e-03 -1.425124185018157e-02 8.618389978284168e-03
9.254274364654119e-03 -2.383695912590154e-02 8.413931860864454e-03
9.401167347320593e-03 -1.743886891441196e-02 8.058516564531139e-03
9.548060317646137e-03 -1.404772882629172e-02 7.864727298044770e-03
9.694953275437929e-03 -1.013481482243610e-02 7.582361124279065e-03
9.841846220503138e-03 -1.958333535487172e-02 7.237538854928099e-03
9.988739152648940e-03 -1.034828902300668e-02 7.098445405812127e-03
1.013563207168251e-02 -1.577637655334853e-02 6.780497405524584e-03
1.028252497741103e-02 1.594093776311315e-03 6.543031975033572e-03
1.042941786964167e-02 -1.407115968053193e-02 6.354483747549297e-03
1.057631074818160e-02 -1.453814683952706e-02 6.165740641396416e-03
1.072320361283801e-02 -8.869359362134172e-03 6.040197619482103e-03
1.087009646341806e-02 -3.263196464801137e-03 5.717650713798684e-03
1.101698929972894e-02 -1.642570754415193e-03 5.587399234965182e-03
1.116388212157781e-02 -5.334351167081565e-03 5.451207589005010e-03
1.131077492877186e-02 -9.185514788159587e-03 5.279220141493062e-03
1.145766772111827e-02 -5.747715152028139e-03 5.156296958373951e-03
1.160456049842420e-02 2.926991316417695e-03 4.966964924671674e-03
1.175145326049683e-02 -7.753964285852984e-03 4.826475460103999e-03
1.189834600714335e-02 5.603526980183319e-03 4.698211178544827e-03
1.204523873817092e-02 -7.581001010314003e-03 4.569183859373820e-03
1.219213145338673e-02 -4.958218548451071e-03 4.421418017007368e-03
1.233902415259795e-02 -3.795205882471193e-03 4.325922450056066e-03
1.248591683561175e-02 -2.379492298738434e-03 4.226609489217870e-03
1.263280950223533e-02 -8.880381996212156e-03 4.113804418323539e-03
1.277970215227585e-02 1.418193259445772e-04 3.936641522117448e-03
1.292659478554047e-02 -1.027613292235239e-02 3.863430515619906e-03
1.307348740183641e-02 -3.224353941121256e-03 3.794987745180617e-03
1.322038000097082e-02 3.181932839755284e-03 3.684443165768229e-03
1.336727258275089e-02 3.579588366974048e-03 3.593537572861111e-03
1.351416514698378e-02 -1.953823686589031e-03 3.511467378795567e-03
1.366105769347668e-02 -3.471438081264396e-03 3.417992224131824e-03
1.380795022203677e-02 -4.895458943949347e-03 3.351323976961406e-03
1.395484273247122e-02 5.929665661539121e-03 3.245374048407660e-03
1.410173522458722e-02 1.422598709821273e-03 3.182053887739786e-03
1.424862769819194e-02 1.471043450752580e-03 3.117130737002077e-03
1.439552015309257e-02 -3.062170988016105e-03 3.043189090233368e-03
1.454241258909627e-02 1.888107593450744e-03 2.984582235161294e-03
1.468930500601023e-02 -1.434794047519992e-03 2.877345303419875e-03
1.483619740364163e-02 2.759357820676991e-03 2.823062139719335e-03
1.498308978179765e-02 1.082738506670709e-03 2.787389809734579e-03
1.512998214028546e-02 1.217914737250556e-03 2.706096402921613e-03
1.527687447891225e-02 3.090549763872526e-03 2.658485320851402e-03
1.542376679748520e-02 2.622530734662190e-03 2.607777122884282e-03
1.557065909581149e-02 1.922715174856396e-03 2.551211920942305e-03
1.571755137369829e-02 5.711243450661262e-03 2.502526739269065e-03
1.586444363095279e-02 3.297098810877766e-03 2.439193456605712e-03
1.601133586738216e-02 3.896234552446991e-03 2.409418970918922e-03
1.615822808279360e-02 -3.787645284338130e-04 2.351047242883500e-03
1.630512027699426e-02 1.430922888088977e-03 2.303386298773890e-03
1.645201244979136e-02 4.112566956011888e-03 2.248257813293710e-03
1.659890460099205e-02 5.662121235884247e-03 2.203947798068561e-03
1.674579673040351e-02 4.924270189970311e-03 2.190948824922493e-03
1.689268883783294e-02 4.075876351367740e-03 2.138662882540861e-03
1.703958092308753e-02 3.601305680467212e-03 2.105516718002534e-03
1.718647298597442e-02 6.889909789732855e-03 2.035366530094600e-03
1.733336502630083e-02 1.132453402576506e-03 2.005407227348949e-03
1.748025704387393e-02 3.822286738803811e-03 1.993744846513285e-03
1.762714903850091e-02 6.509039826438926e-03 1.948887194376587e-03
1.777404100998893e-02 3.122297227246414e-03 1.923125495807076e-03
1.792093295814520e-02 4.160687426679997e-03 1.876136519396265e-03
1.806782488277687e-02 2.598579376889341e-03 1.860994036181921e-03
1.821471678369116e-02 6.089658135288363e-03 1.829847564874328e-03
1.836160866069522e-02 6.139734567442930e-03 1.784515490773272e-03
1.850850051359626e-02 2.602639993292942e-03 1.805259770935549e-03
1.865539234220144e-02 5.939721235388486e-03 1.788176466032651e-03
1.880228414631796e-02 5.301182636024949e-03 1.752883341344380e-03
1.894917592575301e-02 4.196477569450147e-03 1.755770604716333e-03
1.909606768031375e-02 4.085769665917025e-03 1.729386758829141e-03
1.924295940980738e-02 4.012989534601571e-03 1.749675451087621e-03
1.938985111404109e-02 3.902851994492905e-03 1.735811334206742e-03
1.953674279282204e-02 2.108723842437427e-03 1.745763687954459e-03
1.968363444595744e-02 5.492223814531790e-03 1.734852169296913e-03
1.983052607325447e-02 7.329809704731527e-03 1.721174068400753e-03
1.997741767452030e-02 2.626654747179944e-03 1.719560031244387e-03
2.012430924956213e-02 3.103777225161452e-03 1.713951038757738e-03
2.027120079818715e-02 5.971531942933500e-03 1.684552585220173e-03
2.041809232020253e-02 4.980044485711441e-03 1.691966954971091e-03
2.056498381541546e-02 4.484343238361118e-03 1.681234319091215e-03
2.071187528363314e-02 8.587781687175720e-03 1.660474743882578e-03
2.085876672466273e-02 5.480823952244192e-03 1.649082567465594e-03
2.100565813831145e-02 6.103609207869799e-03 1.648272116620639e-03
2.115254952438645e-02 7.043315612979853e-03 1.626396587310963e-03
2.129944088269494e-02 3.883187257138530e-03 1.622800121298590e-03
2.144633221304411e-02 4.261567436177353e-03 1.607667565120749e-03
2.159322351524114e-02 6.875216992591093e-03 1.611025020618936e-03
2.174011478909322e-02 6.919422905445173e-03 1.590953321439663e-03
2.188700603440753e-02 7.946220263585895e-03 1.575356026904035e-03
2.203389725099126e-02 7.404860199355135e-03 1.547561779956232e-03
2.218078843865161e-02 6.953147749224387e-03 1.511148359213707e-03
2.232767959719575e-02 5.937186983876116e-03 1.495741517582191e-03
2.247457072643089e-02 6.428734255866981e-03 1.461171050232696e-03
2.262146182616420e-02 7.179956905589777e-03 1.436248771672404e-03
2.276835289620287e-02 1.066848075257426e-02 1.423732077369535e-03
2.291524393635411e-02 7.071294856116602e-03 1.397600014331652e-03
2.306213494642509e-02 7.820150687059687e-03 1.403647269702460e-03
2.320902592622301e-02 9.642833628650451e-03 1.369492472687433e-03
2.335591687555505e-02 6.120990320206538e-03 1.362302126961137e-03
2.350280779422841e-02 9.786172102445168e-03 1.350937579694978e-03
2.364969868205026e-02 9.180413455387504e-03 1.323427203945383e-03
2.379658953882782e-02 7.476335961421453e-03 1.324354114697551e-03
2.394348036436827e-02 8.466599025104033e-03 1.305268689961707e-03
2.409037115847880e-02 1.016789651973875e-02 1.298925273147936e-03
2.423726192096658e-02 7.803994443893624e-03 1.278941436683085e-03
2.438415265163884e-02 1.080695367779197e-02 1.259740644579650e-03
2.453104335030275e-02 8.240258278770663e-03 1.261531519488839e-03
2.467793401676551e-02 7.825383585778372e-03 1.236310181989778e-03
2.482482465083430e-02 8.651661290177526e-03 1.234418701448573e-03
2.497171525231632e-02 8.283166144402745e-03 1.222477737875973e-03
2.511860582101877e-02 1.001231861119017e-02 1.213375259919135e-03
2.526549635674884e-02 1.165776797015851e-02 1.198068471639485e-03
2.541238685931370e-02 8.549737248566357e-03 1.179626530981432e-03
2.555927732852058e-02 1.114216757147343e-02 1.179636639850903e-03
2.570616776417666e-02 9.640773469372916e-03 1.170715637881537e-03
2.585305816608912e-02 1.032339449292967e-02 1.160605891942951e-03
2.599994853406517e-02 1.108298189911107e-02 1.154433496378383e-03
2.614683886791200e-02 1.048528857220916e-02 1.142176338710907e-03
2.629372916743681e-02 1.099562127494876e-02 1.136135822494155e-03
2.644061943244679e-02 1.103108410325368e-02 1.124240339864789e-03
2.658750966274912e-02 1.232979455577694e-02 1.115136677387627e-03
2.673439985815102e-02 8.567233117476692e-03 1.119350836525383e-03
2.688129001845969e-02 1.261919514708610e-02 1.098425375427611e-03
2.702818014348229e-02 9.354037533280596e-03 1.086269618786082e-03
2.717507023302605e-02 1.240570017453473e-02 1.085888673585519e-03
2.732196028689816e-02 1.176982381915797e-02 1.082694247629938e-03
2.746885030490582e-02 1.327096251459387e-02 1.078830789598841e-03
2.761574028685621e-02 1.110946749008805e-02 1.067231102892753e-03
2.776263023255653e-02 1.149926903046340e-02 1.050946758462585e-03
2.790952014181400e-02 1.400908723180292e-02 1.050960321022501e-03
2.805641001443581e-02 1.397593230217304e-02 1.048042883006788e-03
2.820329985022913e-02 1.192108028495118e-02 1.046855318655964e-03
2.835018964900120e-02 1.331488846990325e-02 1.028338834225020e-03
2.849707941055920e-02 1.433733169347173e-02 1.024846168467870e-03
2.864396913471031e-02 1.292136755466310e-02 1.028379755097102e-03
2.879085882126178e-02 1.505614826318342e-02 1.014034409793250e-03
2.893774847002075e-02 1.368260734273224e-02 1.000719452096772e-03
2.908463808079444e-02 1.490277375936785e-02 1.003841191141221e-03
2.923152765339008e-02 1.292664292226641e-02 9.911573259932846e-04
2.937841718761485e-02 1.376430821507323e-02 9.809000845516116e-04
2.952530668327594e-02 1.280687838588418e-02 9.861411711487740e-04
2.967219614018056e-02 1.453452039000906e-02 9.842736873273716e-04
2.981908555813591e-02 1.393800925105916e-02 9.776558394382498e-04
2.996597493694921e-02 1.362397039951627e-02 9.654964315972244e-04
3.011286427642763e-02 1.693546911067821e-02 9.638862731383377e-04
3.025975357637840e-02 1.640476059530923e-02 9.544035628605497e-04
3.040664283660871e-02 1.482925455085141e-02 9.523743342058481e-04
3.055353205692574e-02 1.433095241097188e-02 9.494568714468584e-04
3.070042123713675e-02 1.640311399317568e-02 9.475633923013039e-04
3.084731037704891e-02 1.561491625943767e-02 9.364953286550994e-04
3.099419947646940e-02 1.553694394886965e-02 9.350828816320071e-04
3.114108853520547e-02 1.775048165783668e-02 9.382684769100209e-04
3.128797755306430e-02 1.917677575940285e-02 9.355338749211671e-04
3.143486652985308e-02 1.801725035292581e-02 9.114079729956075e-04
3.158175546537905e-02 1.610135008778534e-02 9.205982704057423e-04
3.172864435944940e-02 1.738517760670497e-02 9.258960077212052e-04
3.187553321187133e-02 1.917090732329749e-02 9.108291384919563e-04
3.202242202245206e-02 1.801710740261249e-02 9.042448788389338e-04
3.216931079099877e-02 1.840914470940164e-02 9.035736531857514e-04
3.231619951731869e-02 1.933817147483002e-02 9.105229937189358e-04
3.246308820121902e-02 1.828915839678479e-02 8.983526804917352e-04
3.260997684250697e-02 2.107225818405971e-02 8.945975570973310e-04
3.275686544098974e-02 1.985901325234272e-02 8.946157492193640e-04
3.290375399647455e-02 2.116071234833776e-02 8.859980538489409e-04
3.305064250876859e-02 1.969367375202612e-02 8.929814738757485e-04
3.319753097767910e-02 2.202882827812643e-02 8.878312764868251e-04
3.334441940301325e-02 1.955683501844216e-02 8.789285177996602e-04
3.349130778457828e-02 2.092499198413681e-02 8.818697467437184e-04
3.363819612218139e-02 2.049961847683970e-02 8.768200299593481e-04
3.378508441562977e-02 2.210079573595694e-02 8.721985439225910e-04
3.393197266473066e-02 2.256544896857162e-02 8.684738102492190e-04
3.407886086929125e-02 2.372260145920745e-02 8.718674557642617e-04
3.422574902911878e-02 2.191207991452196e-02 8.657843229745958e-04
3.437263714402042e-02 2.240030381433010e-02 8.608236084119977e-04
3.451952521380341e-02 2.283644977270913e-02 8.573760339052707e-04
3.466641323827495e-02 2.390749453867477e-02 8.674194961644426e-04
3.481330121724226e-02 2.477010153721593e-02 8.830497801583632e-04
3.496018915051253e-02 2.327198005571110e-02 8.928982299639197e-04
3.510707703789302e-02 2.318557605941532e-02 8.891461445024359e-04
3.525396487919091e-02 2.549176161345307e-02 8.934201839054718e-04
3.540085267421340e-02 2.621466600520285e-02 8.844482621922883e-04
3.554774042276775e-02 2.672448644626767e-02 8.856806312331329e-04
3.569462812466112e-02 2.722628379071911e-02 8.707453947488395e-04
3.584151577970077e-02 2.765247261702317e-02 8.686610161381206e-04
3.598840338769389e-02 2.734369576810520e-02 8.679627560984171e-04
3.613529094844770e-02 2.994270030039270e-02 8.644326645205530e-04
3.628217846176941e-02 2.767050422955695e-02 8.608151983575434e-04
3.642906592746626e-02 2.797994287419549e-02 8.557259884185928e-04
3.657595334534545e-02 2.887783639207649e-02 8.583791855247055e-04
3.672284071521419e-02 2.928836864209338e-02 8.559720634832132e-04
3.686972803687972e-02 3.019525898393708e-02 8.567848942660084e-04
3.701661531014922e-02 2.943486451627246e-02 8.426698153004180e-04
3.716350253482994e-02 3.013756800084776e-02 8.467211694230454e-04
3.731038971072909e-02 3.039353853235458e-02 8.467102472440696e-04
3.745727683765387e-02 3.138802334161982e-02 8.765369841472533e-04
3.760416391541153e-02 3.086778747212384e-02 8.677803162125974e-04
3.775105094380928e-02 3.259134996102037e-02 8.365469235227684e-04
3.789793792265433e-02 3.298324805295377e-02 8.430693147960982e-04
3.804482485175390e-02 3.395082093409239e-02 8.380251708969995e-04
3.819171173091522e-02 3.466279303185404e-02 8.327284203616408e-04
3.833859855994550e-02 3.471396324436325e-02 8.390236330849441e-04
3.848548533865198e-02 3.543225853153107e-02 8.322246750500070e-04
3.863237206684186e-02 3.562496388025697e-02 8.304962594707617e-04
3.877925874432238e-02 3.566461928361431e-02 8.385806619983060e-04
3.892614537090076e-02 3.686767578990052e-02 8.277583780473958e-04
3.907303194638420e-02 3.577862413395005e-02 8.379605962067858e-04
3.921991847057994e-02 3.820022988544819e-02 8.271692741857193e-04
3.936680494329520e-02 3.759485083604468e-02 8.316329889428767e-04
3.951369136433722e-02 3.848118194461409e-02 8.284044647971191e-04
3.966057773351322e-02 3.935855773304067e-02 8.226765779327736e-04
3.980746405063040e-02 3.964489740144195e-02 8.286703767031470e-04
3.995435031549600e-02 4.076440130543674e-02 8.194514327418670e-04
4.010123652791726e-02 3.938963443663032e-02 8.147337819584654e-04
4.024812268770137e-02 4.054519411663313e-02 8.193977308197307e-04
4.039500879465560e-02 4.182192515749307e-02 8.198482173029165e-04
4.054189484858715e-02 4.297758985234738e-02 8.203269588755372e-04
4.068878084930326e-02 4.484083733576869e-02 8.213972063216988e-04
4.083566679661114e-02 4.413772441878783e-02 8.222828174166663e-04
4.098255269031803e-02 4.251033060869078e-02 8.187159566628139e-04
4.112943853023117e-02 4.377950077815994e-02 8.281090213039253e-04
4.127632431615776e-02 4.618981616204106e-02 8.496373304743869e-04
4.142321004790505e-02 4.711114934431131e-02 8.536695374827106e-04
4.157009572528026e-02 4.716521159330685e-02 8.620337688203828e-04
4.171698134809063e-02 4.547755128302051e-02 8.662987448792062e-04
4.186386691614337e-02 4.890585232018336e-02 8.742598341583785e-04
4.201075242924574e-02 5.010506383254655e-02 8.851061153727560e-04
4.215763788720495e-02 4.960816159743091e-02 8.745812644386569e-04
4.230452328982824e-02 5.009989788445008e-02 8.851558127299054e-04
4.245140863692285e-02 5.067324982987902e-02 8.843018440754926e-04
4.259829392829599e-02 5.287486526236628e-02 8.922458797948412e-04
4.274517916375490e-02 5.113671726265788e-02 8.838966815695331e-04
4.289206434310684e-02 5.219572041814807e-02 8.892650063928787e-04
4.303894946615900e-02 5.366197480434302e-02 8.988836079839254e-04
4.318583453271865e-02 5.553102097546386e-02 8.988566764427678e-04
4.333271954259301e-02 5.457872127006743e-02 9.030859549752639e-04
4.347960449558931e-02 5.662593823760849e-02 8.997278500645758e-04
4.362648939151479e-02 5.652340631111637e-02 9.029811983169532e-04
4.377337423017669e-02 5.747029352355948e-02 9.096831848323098e-04
4.392025901138226e-02 5.875427141840392e-02 9.158702476670253e-04
4.406714373493869e-02 6.095442794462475e-02 9.243438490326684e-04
4.421402840065326e-02 6.018699616253825e-02 9.154903968044869e-04
4.436091300833320e-02 6.267066445207549e-02 9.288840946644251e-04
4.450779755778574e-02 6.317602287028892e-02 9.248446603491980e-04
4.465468204881811e-02 6.343829186037581e-02 9.281358714845507e-04
4.480156648123757e-02 6.373619019232296e-02 9.380817371378961e-04
4.494845085485134e-02 6.489150120998372e-02 9.360551892732431e-04
4.509533516946668e-02 6.541309360314974e-02 9.434950457828914e-04
4.524221942489082e-02 6.356489354456785e-02 9.338044121793179e-04
4.538910362093100e-02 6.709132220383865e-02 9.430865889053924e-04
4.553598775739446e-02 6.521543383714334e-02 9.385658679935677e-04
4.568287183408844e-02 6.847629659070367e-02 9.437010889220293e-04
4.582975585082019e-02 7.119259008248120e-02 9.525051260574779e-04
4.597663980739693e-02 6.784978472397755e-02 9.415700629840804e-04
4.612352370362593e-02 6.990861887091993e-02 9.354452860673571e-04
4.627040753931443e-02 7.051892735454095e-02 9.403762650714391e-04
4.641729131426967e-02 7.246524584878324e-02 9.376803013367641e-04
4.656417502829888e-02 7.368262572407502e-02 9.522502545606234e-04
4.671105868120932e-02 7.246622917778243e-02 9.446948519322607e-04
4.685794227280822e-02 7.510519543740406e-02 9.535734996298312e-04
4.700482580290285e-02 7.606891749339319e-02 9.477875776832841e-04
4.715170927130044e-02 7.607469267348527e-02 9.471497950198283e-04
4.729859267780824e-02 7.786372583303629e-02 9.536446315106251e-04
4.744547602223349e-02 7.682528973658070e-02 9.546261545294095e-04
4.759235930438345e-02 7.925727400570928e-02 9.625240169693749e-04
4.773924252406536e-02 7.997335850800184e-02 9.566440627251520e-04
4.788612568108647e-02 8.082087369001890e-02 9.623898586620829e-04
4.803300877525407e-02 8.040373770800392e-02 9.604380641729378e-04
4.817989180637530e-02 8.204234520093816e-02 9.652183562489745e-04
4.832677477425752e-02 8.256974066533959e-02 9.662552786829858e-04
4.847365767870793e-02 8.390669178109579e-02 9.669650707775805e-04
4.862054051953379e-02 8.483597197895287e-02 9.704682446574073e-04
4.876742329654236e-02 8.676505816229102e-02 9.783977840857664e-04
4.891430600954088e-02 8.535183203401100e-02 9.654683451825837e-04
4.906118865833660e-02 8.730462256121577e-02 9.744799783162933e-04
4.920807124273676e-02 8.793224123194102e-02 9.744154549111601e-04
4.935495376254866e-02 8.754555372375990e-02 9.743678678623497e-04
4.950183621757952e-02 8.834649161581237e-02 9.721774625254341e-04
4.964871860763660e-02 9.026557357642091e-02 9.838675451106168e-04
4.979560093252714e-02 9.149476173618171e-02 9.798085778327565e-04
4.994248319205841e-02 9.042759444622737e-02 9.795513450022793e-04
5.008936538603768e-02 9.246673914849192e-02 9.866152905067846e-04
5.023624751427219e-02 9.214642000784738e-02 9.815383004141524e-04
5.038312957656918e-02 9.126291508762314e-02 9.874719614722575e-04
5.053001157273595e-02 9.205004157495147e-02 9.784099218162570e-04
5.067689350257971e-02 9.531275943819921e-02 9.914204790391196e-04
5.082377536590776e-02 9.622152840906668e-02 9.898605514314718e-04
5.097065716252732e-02 9.552143600704675e-02 9.841678435311969e-04
5.111753889224568e-02 9.672801757558068e-02 9.945404116228102e-04
5.126442055487009e-02 9.639112303971024e-02 9.910717258084791e-04
5.141130215020779e-02 9.689884352528730e-02 9.850881146271130e-04
5.155818367806608e-02 9.762314951042912e-02 9.948419558965939e-04
5.170506513825220e-02 9.914993100311759e-02 9.924305797991413e-04
5.185194653057341e-02 1.003216445224666e-01 1.001010645385643e-03
5.199882785483697e-02 1.002199365515838e-01 9.924316079216804e-04
5.214570911085015e-02 9.907751337991057e-02 9.923195036035189e-04
5.229259029842022e-02 1.004589822292569e-01 9.979127376149232e-04
5.243947141735442e-02 9.948820276582690e-02 9.909504057513464e-04
5.258635246746002e-02 9.991056293138971e-02 9.960349841708518e-04
5.273323344854430e-02 1.016578731345837e-01 9.948848194118835e-04
5.288011436041453e-02 1.015005034443411e-01 1.003642956197907e-03
5.302699520287798e-02 1.021857084907332e-01 9.907911693053594e-04
5.317387597574186e-02 1.020094862216351e-01 9.956016033808685e-04
5.332075667881350e-02 1.033159968065775e-01 9.978241491091207e-04
5.346763731190016e-02 1.031883090492724e-01 9.901960397490218e-04
5.361451787480907e-02 1.030476614989088e-01 1.001241885353680e-03
5.376139836734754e-02 1.026525641636933e-01 9.877033457263906e-04
5.390827878932278e-02 1.027287028808655e-01 9.857215930723839e-04
5.405515914054214e-02 1.052877638473442e-01 9.988835079107162e-04
5.420203942081284e-02 1.043456239458164e-01 9.893024093880125e-04
5.434891962994216e-02 1.060525276690876e-01 1.011593921865745e-03
5.449579976773735e-02 1.075401189623120e-01 9.856551448450841e-04
5.464267983400574e-02 1.058086494253103e-01 9.995264837049736e-04
5.478955982855453e-02 1.051819596224686e-01 9.953643807952409e-04
5.493643975119106e-02 1.056598566055272e-01 9.922927016899116e-04
5.508331960172257e-02 1.078725526424457e-01 9.990051997909365e-04
5.523019937995633e-02 1.068390555027898e-01 9.896834999921708e-04
5.537707908569962e-02 1.048727051947521e-01 9.970576803567742e-04
5.552395871875969e-02 1.048121078710673e-01 9.930736717648622e-04
5.567083827894388e-02 1.045514652068560e-01 9.846445255435061e-04
5.581771776605941e-02 1.070206407579116e-01 9.950055809573473e-04
5.596459717991355e-02 1.055555774796677e-01 9.898936752576189e-04
5.611147652031365e-02 1.051672257620284e-01 9.899039992898643e-04
5.625835578706691e-02 1.059290227592791e-01 9.963321929970449e-04
5.640523497998061e-02 1.048889703582495e-01 9.758976016485190e-04
5.655211409886209e-02 1.052256393336051e-01 9.891898821937637e-04
5.669899314351858e-02 1.049211470297682e-01 9.867778821421973e-04
5.684587211375740e-02 1.071093402284830e-01 9.848978123766527e-04
5.699275100938578e-02 1.074207208325156e-01 9.913156680382619e-04
5.713962983021098e-02 1.049184496605274e-01 9.770437570343067e-04
5.728650857604041e-02 1.059931788965851e-01 9.804096619646333e-04
5.743338724668124e-02 1.051491574597815e-01 9.766978838752559e-04
5.758026584194079e-02 1.048726223496915e-01 9.752246142563554e-04
5.772714436162631e-02 1.043274936616053e-01 9.855032415508312e-04
5.787402280554513e-02 1.047690630510792e-01 9.781048672537051e-04
5.802090117350451e-02 1.049062021091246e-01 9.812023338404690e-04
5.816777946531173e-02 1.025921250006219e-01 9.674744017213003e-04
5.831465768077408e-02 1.043332173463353e-01 9.700674723783209e-04
5.846153581969887e-02 1.040174836168937e-01 9.759037938967840e-04
5.860841388189336e-02 1.031687903757123e-01 9.693936977100056e-04
5.875529186716485e-02 1.023060729212130e-01 9.721587839542061e-04
5.890216977532061e-02 1.046448433694407e-01 9.699872754369623e-04
5.904904760616795e-02 1.029112665500655e-01 9.683674574680058e-04
5.919592535951414e-02 1.028313952914902e-01 9.622325898517780e-04
5.934280303516650e-02 1.025477622723268e-01 9.677866643239280e-04
5.948968063293228e-02 1.029297402399741e-01 9.571728810291215e-04
5.963655815261879e-02 1.019961673893646e-01 9.711603292643771e-04
5.978343559403334e-02 1.020987119055383e-01 9.836991284652499e-04
5.993031295698319e-02 1.004676865713310e-01 9.840127786311229e-04
6.007719024127564e-02 1.025861843310357e-01 1.001541955529432e-03
6.022406744671802e-02 1.020270415586594e-01 1.007717280796499e-03
6.037094457311754e-02 1.000181466713952e-01 1.013043340688030e-03
6.051782162028158e-02 9.968277285900498e-02 1.013331635115614e-03
6.066469858801743e-02 1.006700672502772e-01 1.018260873057614e-03
6.081157547613233e-02 9.678697108541176e-02 1.022154974047865e-03
6.095845228443361e-02 9.825858821427000e-02 1.024929893722957e-03
6.110532901272856e-02 9.927229345259909e-02 1.040931629657655e-03
6.125220566082447e-02 9.718650301654727e-02 1.032787905304324e-03
6.139908222852867e-02 9.911818130327321e-02 1.041286656892084e-03
6.154595871564840e-02 9.663295017863581e-02 1.049026187636533e-03
6.169283512199103e-02 9.705292682777004e-02 1.042167640351441e-03
6.183971144736379e-02 9.567224206454959e-02 1.046050418316414e-03
6.198658769157404e-02 9.554381286628394e-02 1.039506407070904e-03
6.213346385442904e-02 9.482787172420749e-02 1.058408544042238e-03
6.228033993573612e-02 9.515169858605518e-02 1.055773938918434e-03
6.242721593530259e-02 9.574769535739502e-02 1.058632183860125e-03
6.257409185293569e-02 9.359287443140546e-02 1.036319994061722e-03
6.272096768844279e-02 9.271201062588998e-02 1.018804476984725e-03
6.286784344163118e-02 9.463536807283943e-02 1.005868274713617e-03
6.301471911230812e-02 9.362238571950872e-02 1.004648887382726e-03
6.316159470028096e-02 9.433416265403065e-02 9.904973916116731e-04
6.330847020535701e-02 9.350484342813986e-02 9.971817253668525e-04
6.345534562734356e-02 9.147533841018360e-02 9.826045056516195e-04
6.360222096604792e-02 9.227359053035492e-02 9.832046788522170e-04
6.374909622127738e-02 9.129166748701119e-02 9.700251822000417e-04
6.389597139283930e-02 9.084060074813431e-02 9.718868190622880e-04
6.404284648054094e-02 9.025499396721846e-02 9.721251137647277e-04
6.418972148418961e-02 9.015457672898355e-02 9.552016463466160e-04
6.433659640359266e-02 8.810160583517088e-02 9.609834918984424e-04
6.448347123855734e-02 8.995276430537123e-02 9.468467350147681e-04
6.463034598889104e-02 8.878481484245830e-02 9.547005008588080e-04
6.477722065440102e-02 8.893118096056388e-02 9.524375399349564e-04
6.492409523489458e-02 8.857589624334908e-02 9.447037934971397e-04
6.507096973017908e-02 8.904259844813771e-02 9.472687389351035e-04
6.521784414006179e-02 8.628401152905756e-02 9.369833282932921e-04
6.536471846435006e-02 8.731990165551330e-02 9.361116729523402e-04
6.551159270285120e-02 8.807619080584475e-02 9.388337972033398e-04
6.565846685537249e-02 8.688709201519761e-02 9.269277999000456e-04
6.580534092172129e-02 8.564133224232855e-02 9.309353645833476e-04
6.595221490170489e-02 8.544326110151521e-02 9.221602418301763e-04
6.609908879513064e-02 8.681176263402202e-02 9.266834037234612e-04
6.624596260180583e-02 8.643790203349358e-02 9.205962116097603e-04
6.639283632153778e-02 8.501976890818695e-02 9.166312236889624e-04
6.653970995413383e-02 8.315327412272745e-02 9.275711491435235e-04
6.668658349940126e-02 8.382505289471323e-02 9.057510619146819e-04
6.683345695714746e-02 8.347021813365317e-02 9.113549050758715e-04
6.698033032717969e-02 8.299859010415096e-02 9.069851233123468e-04
6.712720360930530e-02 8.196517676966809e-02 9.072986163899714e-04
6.727407680333160e-02 8.189908767985635e-02 9.016395379208452e-04
6.742094990906593e-02 8.161549483916722e-02 9.011031866543546e-04
6.756782292631559e-02 8.095404259206607e-02 8.978717048045188e-04
6.771469585488793e-02 8.090732355628545e-02 8.934292510409494e-04
6.786156869459029e-02 7.939137705881207e-02 8.942824544552316e-04
6.800844144522995e-02 7.877621998423409e-02 8.877315348831855e-04
6.815531410661428e-02 7.943059341270348e-02 8.912179817351706e-04
6.830218667855054e-02 7.947041560799331e-02 8.929155305460034e-04
6.844905916084618e-02 7.930435525037016e-02 8.907807623508681e-04
6.859593155330840e-02 7.852104907232536e-02 8.850463569723294e-04
6.874280385574461e-02 7.759357066629317e-02 8.744313460655311e-04
6.888967606796213e-02 7.925900721108264e-02 8.881557131288642e-04
6.903654818976826e-02 7.909217398763073e-02 8.750270690035320e-04
6.918342022097036e-02 7.833900358629615e-02 8.723471493356364e-04
6.933029216137575e-02 7.675216124385605e-02 8.781898934141428e-04
6.947716401079176e-02 7.759346526987237e-02 8.669530488648409e-04
6.962403576902575e-02 7.674026362256489e-02 8.766645626509479e-04
6.977090743588503e-02 7.566167019243553e-02 8.648772175918907e-04
6.991777901117695e-02 7.586173928999056e-02 8.619496985163514e-04
7.006465049470884e-02 7.593667025894771e-02 8.654844077282367e-04
7.021152188628801e-02 7.478423842752002e-02 8.630778022787318e-04
7.035839318572186e-02 7.452750059535988e-02 8.621920181101461e-04
7.050526439281767e-02 7.420149485787941e-02 8.500112434429006e-04
7.065213550738278e-02 7.334093272784969e-02 8.497730898770408e-04
7.079900652922456e-02 7.239202901172459e-02 8.533963252717100e-04
7.094587745815036e-02 7.361266140930066e-02 8.447231888275570e-04
7.109274829396750e-02 7.491732727549540e-02 8.569999420880292e-04
7.123961903648333e-02 7.338742949647316e-02 8.402484779789827e-04
7.138648968550515e-02 7.191635270246441e-02 8.457453852771398e-04
7.153336024084035e-02 7.157708273754734e-02 8.484732965365705e-04
7.168023070229627e-02 7.231667934547178e-02 8.339277220549671e-04
7.182710106968025e-02 7.195029767774468e-02 8.451328375966793e-04
7.197397134279965e-02 7.214491194669889e-02 8.327155546888212e-04
7.212084152146177e-02 7.062246317083785e-02 8.352375773407892e-04
7.226771160547400e-02 7.056950540192916e-02 8.367214273720852e-04
7.241458159464363e-02 7.058113872000506e-02 8.296990292736603e-04
7.256145148877813e-02 6.939563641519317e-02 8.316845011583101e-04
7.270832128768472e-02 7.097675872295819e-02 8.322746878182083e-04
7.285519099117078e-02 7.129676907374821e-02 8.330180769034223e-04
7.300206059904372e-02 7.061710704528464e-02 8.305826238361301e-04
7.314893011111082e-02 6.912041144424295e-02 8.195866846179661e-04
7.329579952717949e-02 6.835330845406067e-02 8.227310605567184e-04
7.344266884705702e-02 6.794139731288705e-02 8.176100024547918e-04
7.358953807055085e-02 6.785011718333371e-02 8.204867982411154e-04
7.373640719746824e-02 6.829389850790400e-02 8.103501568324724e-04
7.388327622761658e-02 6.950417337074905e-02 8.178699399927415e-04
7.403014516080324e-02 6.697288175144185e-02 8.091983275977570e-04
7.417701399683559e-02 6.621155033733592e-02 8.114904846454135e-04
7.432388273552094e-02 6.660578735698786e-02 8.087892127625998e-04
7.447075137666670e-02 6.758160784046556e-02 8.002330473235061e-04
7.461761992008017e-02 6.670963826569277e-02 8.065506638925011e-04
7.476448836556873e-02 6.823952622977511e-02 7.988823425239199e-04
7.491135671293978e-02 6.596168750437460e-02 7.994121312896197e-04
7.505822496200062e-02 6.737963376615111e-02 7.961935895443391e-04
7.520509311255867e-02 6.626250082818741e-02 7.955457346777421e-04
7.535196116442125e-02 6.573285377040897e-02 8.000311410356132e-04
7.549882911739574e-02 6.471465868220541e-02 7.908730633515002e-04
7.564569697128951e-02 6.348652593072998e-02 7.907367996093587e-04
7.579256472590988e-02 6.485104370326342e-02 7.881349980629992e-04
7.593943238106428e-02 6.559147838497477e-02 7.913986622542074e-04
7.608629993656001e-02 6.590132542477535e-02 7.928324267648755e-04
7.623316739220451e-02 6.570909311462152e-02 7.819901908171740e-04
7.638003474780510e-02 6.529547682181071e-02 7.856159201296085e-04
7.652690200316913e-02 6.272187912006334e-02 7.866567569648687e-04
7.667376915810399e-02 6.340213833976198e-02 7.857251649838748e-04
7.682063621241707e-02 6.377854956698405e-02 7.873020081815892e-04
7.696750316591573e-02 6.373231832371266e-02 7.811977281271362e-04
7.711437001840733e-02 6.341920027645220e-02 7.866292157407192e-04
7.726123676969926e-02 6.294762051777693e-02 7.767229650004135e-04
7.740810341959885e-02 6.222030901574174e-02 7.760937220176615e-04
7.755496996791353e-02 6.185862420173398e-02 7.747900898040479e-04
7.770183641445062e-02 6.200863152703259e-02 7.764598604592104e-04
7.784870275901755e-02 6.189380119457829e-02 7.770732045441126e-04
7.799556900142161e-02 6.204217623029665e-02 7.704079676806557e-04
7.814243514147029e-02 6.154698105469984e-02 7.741204259177426e-04
7.828930117897089e-02 6.109411824249315e-02 7.674994359235345e-04
7.843616711373082e-02 6.121223066995531e-02 7.727301299942393e-04
7.858303294555745e-02 6.163938188769047e-02 7.705606767789405e-04
7.872989867425814e-02 6.164430437690369e-02 7.616092340634883e-04
7.887676429964030e-02 6.248659365029959e-02 7.657645055583675e-04
7.902362982151130e-02 6.083738531802314e-02 7.650284245092868e-04
7.917049523967849e-02 6.050404992231800e-02 7.669196989323098e-04
7.931736055394929e-02 6.160462763709246e-02 7.631838289546555e-04
7.946422576413109e-02 5.979117059333830e-02 7.589069005531671e-04
7.961109087003126e-02 5.972948582847926e-02 7.683423385745641e-04
7.975795587145719e-02 5.987664584464299e-02 7.561838914095155e-04
7.990482076821626e-02 6.048619492600635e-02 7.645100804542495e-04
8.005168556011584e-02 5.937898636526220e-02 7.556483336725051e-04
8.019855024696333e-02 6.030713039811678e-02 7.612385881658952e-04
8.034541482856614e-02 5.993068785019019e-02 7.607639085607130e-04
8.049227930473164e-02 5.801499278220014e-02 7.568412489996935e-04
8.063914367526719e-02 6.018103171708986e-02 7.569887661243545e-04
8.078600793998023e-02 5.908283855446250e-02 7.515299757943213e-04
8.093287209867814e-02 5.831144091957159e-02 7.512686614148085e-04
8.107973615116830e-02 5.994629550068820e-02 7.555834417811674e-04
8.122660009725811e-02 5.895575235838038e-02 7.415042479083418e-04
8.137346393675496e-02 5.942777813088926e-02 7.544041014838430e-04
8.152032766946624e-02 5.939637581565553e-02 7.496785127210005e-04
8.166719129519935e-02 5.868510414906074e-02 7.477935496861091e-04
8.181405481376169e-02 5.866433638109876e-02 7.451030416090552e-04
8.196091822496063e-02 5.855267606865742e-02 7.472306670336455e-04
8.210778152860361e-02 5.798598099065729e-02 7.517428134405647e-04
8.225464472449802e-02 5.602413238465009e-02 7.363865733496024e-04
8.240150781245126e-02 5.788841912355362e-02 7.459032855639770e-04
8.254837079227068e-02 5.689862415671414e-02 7.339487705228725e-04
8.269523366376372e-02 5.779094689218979e-02 7.477977011725807e-04
8.284209642673782e-02 5.757565916710819e-02 7.455373760175060e-04
8.298895908100032e-02 5.662870556071172e-02 7.423620181557929e-04
8.313582162635863e-02 5.699507327785090e-02 7.377128581799031e-04
8.328268406262020e-02 5.667170753975777e-02 7.317748807799570e-04
8.342954638959241e-02 5.652187570388366e-02 7.380834251767659e-04
8.357640860708263e-02 5.641318841242773e-02 7.375972733605845e-04
8.372327071489834e-02 5.701849754898589e-02 7.320143258082844e-04
8.387013271284686e-02 5.720541456678244e-02 7.391168067114022e-04
8.401699460073567e-02 5.723044116990293e-02 7.265388013396655e-04
8.416385637837218e-02 5.575408791840094e-02 7.298747269440012e-04
8.431071804556375e-02 5.522699456479747e-02 7.294444137593455e-04
8.445757960211780e-02 5.627035656251929e-02 7.318621231802009e-04
8.460444104784176e-02 5.581374678797466e-02 7.345884479211741e-04
8.475130238254304e-02 5.594955600728187e-02 7.268223305672944e-04
8.489816360602907e-02 5.560801169742851e-02 7.384167873036912e-04
8.504502471810724e-02 5.607311073608175e-02 7.253144329216048e-04
8.519188571858496e-02 5.495889817513979e-02 7.257910786804715e-04
8.533874660726967e-02 5.489849211787274e-02 7.263747649410812e-04
8.548560738396878e-02 5.533353071594016e-02 7.272713048739034e-04
8.563246804848969e-02 5.583028532387367e-02 7.254685159983121e-04
8.577932860063983e-02 5.491641140401225e-02 7.264056955633345e-04
8.592618904022660e-02 5.535463082317853e-02 7.218079777161397e-04
8.607304936705747e-02 5.606246857944868e-02 7.258618887988672e-04
8.621990958093982e-02 5.484147563375476e-02 7.161397012434896e-04
8.636676968168105e-02 5.404056609751410e-02 7.211738197886072e-04
8.651362966908867e-02 5.446745913272534e-02 7.202189448408493e-04
8.666048954297001e-02 5.430150473005791e-02 7.166139943214025e-04
8.680734930313255e-02 5.297162891311831e-02 7.136464388265973e-04
8.695420894938369e-02 5.503778253055588e-02 7.171857018427743e-04
8.710106848153085e-02 5.503398183531470e-02 7.236119420178874e-04
8.724792789938152e-02 5.487987613575803e-02 7.153752633952969e-04
8.739478720274303e-02 5.384817656512986e-02 7.142179676515222e-04
8.754164639142284e-02 5.325563040284371e-02 7.148578951494654e-04
8.768850546522844e-02 5.311097987727930e-02 7.101910960135688e-04
8.783536442396719e-02 5.336675938038107e-02 7.143755631112776e-04
8.798222326744658e-02 5.343556776699591e-02 7.129345970331946e-04
8.812908199547397e-02 5.259515333438895e-02 7.082613524612705e-04
8.827594060785686e-02 5.307575822342125e-02 7.157013565274080e-04
8.842279910440262e-02 5.320139571410554e-02 7.122110676120825e-04
8.856965748491875e-02 5.363434857337083e-02 7.099462245482512e-04
8.871651574921269e-02 5.257796536169427e-02 7.063377365107223e-04
8.886337389709180e-02 5.304418696701738e-02 7.112270333219390e-04
8.901023192836355e-02 5.316020144363189e-02 7.096908293311210e-04
8.915708984283539e-02 5.245513938523425e-02 7.078399609960846e-04
8.930394764031480e-02 5.217804166484617e-02 7.017028319332965e-04
8.945080532060913e-02 5.284447058403715e-02 7.121034242439320e-04
8.959766288352591e-02 5.326486493282264e-02 7.012419229398734e-04
8.974452032887251e-02 5.266827360216292e-02 7.049897489636786e-04
8.989137765645640e-02 5.223973592959235e-02 7.000451211903933e-04
9.003823486608507e-02 5.269851918312652e-02 6.978709296084932e-04
9.018509195756588e-02 5.251748143666257e-02 7.055838739467650e-04
9.033194893070630e-02 5.302701256100759e-02 6.985651027591536e-04
9.047880578531384e-02 5.186808623325770e-02 7.071059652732619e-04
9.062566252119587e-02 5.191228384374968e-02 6.962878781400690e-04
9.077251913815987e-02 5.065496312963194e-02 6.946043428317796e-04
9.091937563601328e-02 5.129679290440217e-02 7.007577461270410e-04
9.106623201456360e-02 5.133930899520268e-02 6.959690209263369e-04
9.121308827361818e-02 5.263128177671443e-02 6.980302526357822e-04
9.135994441298455e-02 5.229339221614099e-02 6.999399905752154e-04
9.150680043247014e-02 5.171834755622164e-02 6.918675688525092e-04
9.165365633188237e-02 5.292541480988543e-02 6.991761513087273e-04
9.180051211102878e-02 5.061428173821187e-02 6.884414276579029e-04
9.194736776971676e-02 5.151423302915578e-02 6.969089177744850e-04
9.209422330775377e-02 5.161863618421009e-02 6.966759469466547e-04
9.224107872494727e-02 5.240735660848372e-02 6.932204439200706e-04
9.238793402110473e-02 5.229819438193865e-02 6.944666596628269e-04
9.253478919603364e-02 5.128335197085519e-02 6.859645660719440e-04
9.268164424954135e-02 5.116209032401665e-02 6.921279495602715e-04
9.282849918143544e-02 5.174861051230963e-02 6.891515623669637e-04
9.297535399152332e-02 5.096675404224465e-02 6.891358946853128e-04
9.312220867961245e-02 5.166213352352738e-02 6.936999753639590e-04
9.326906324551029e-02 5.224571728547515e-02 6.887542758571959e-04
9.341591768902432e-02 5.145171016345334e-02 6.914241525244097e-04
9.356277200996202e-02 5.011365003144811e-02 6.873497335083582e-04
9.370962620813084e-02 5.087731644331630e-02 6.854726296413365e-04
9.385648028333822e-02 4.992626759358106e-02 6.884505865362215e-04
9.400333423539166e-02 5.157063190652159e-02 6.834763635395244e-04
9.415018806409861e-02 5.079131948732083e-02 6.880174285821296e-04
9.429704176926657e-02 5.019214484625131e-02 6.803076099767802e-04
9.444389535070297e-02 5.269853210992446e-02 6.864549311623568e-04
9.459074880821530e-02 5.027503412311794e-02 6.845162856892981e-04
9.473760214161106e-02 4.960966526039078e-02 6.811358263351670e-04
9.488445535069767e-02 4.974319838226933e-02 6.837758008104463e-04
9.503130843528265e-02 5.003774813908284e-02 6.791551795385205e-04
9.517816139517343e-02 5.110896411826740e-02 6.847843560591065e-04
9.532501423017756e-02 5.008091702231456e-02 6.762915071188753e-04
9.547186694010244e-02 4.902894399267289e-02 6.754065022828404e-04
9.561871952475558e-02 4.879876042043964e-02 6.756413705203804e-04
9.576557198394450e-02 4.934609957590540e-02 6.776035395248719e-04
9.591242431747660e-02 5.039512748706981e-02 6.807087084471580e-04
9.605927652515940e-02 4.974589307384431e-02 6.756819193223750e-04
9.620612860680040e-02 5.070054234308882e-02 6.748400136136568e-04
9.635298056220708e-02 5.034377645551372e-02 6.762633748694706e-04
9.649983239118688e-02 4.936001209907124e-02 6.777149221200664e-04
9.664668409354732e-02 4.952976100899216e-02 6.749377824833196e-04
9.679353566909588e-02 4.997738496105856e-02 6.736426062403229e-04
9.694038711764005e-02 4.957936567414736e-02 6.767489589509615e-04
9.708723843898734e-02 4.810885938776695e-02 6.683032115546572e-04
9.723408963294519e-02 4.925141346183089e-02 6.718431474833826e-04
9.738094069932111e-02 4.919277823788829e-02 6.732659962081338e-04
9.752779163792259e-02 4.944021470782099e-02 6.689065907478789e-04
9.767464244855714e-02 4.901020055103321e-02 6.718566355318035e-04
9.782149313103225e-02 4.970637726421573e-02 6.744778813512734e-04
9.796834368515536e-02 4.857370812510696e-02 6.693799996968045e-04
9.811519411073406e-02 4.940786876703387e-02 6.659996383168184e-04
9.826204440757576e-02 4.841209021469862e-02 6.667512524979155e-04
9.840889457548796e-02 4.940660321100337e-02 6.712674999140910e-04
9.855574461427828e-02 4.855459943284807e-02 6.638608899840736e-04
9.870259452375403e-02 4.753355795342742e-02 6.649634921934353e-04
9.884944430372282e-02 4.710961464394408e-02 6.580120306264095e-04
9.899629395399215e-02 4.868584986405562e-02 6.694653601622901e-04
9.914314347436951e-02 4.837310844429386e-02 6.671291870786227e-04
9.928999286466240e-02 4.864005627258726e-02 6.584105031386721e-04
9.943684212467831e-02 4.725822803356831e-02 6.652167107919771e-04
9.958369125422474e-02 4.867835184850654e-02 6.652208149156007e-04
9.973054025310922e-02 4.713826384597076e-02 6.620231087835876e-04
9.987738912113926e-02 4.747730086444381e-02 6.596706837708181e-04
1.000242378581224e-01 4.813112796807091e-02 6.607469880592129e-04
1.001710864638660e-01 4.794177157725640e-02 6.774842227178171e-04
1.003179349381778e-01 4.710699318438929e-02 6.773890822526693e-04
1.004647832808650e-01 4.743892546688713e-02 6.916473134747310e-04
1.006116314917355e-01 4.823632060281610e-02 6.919069182128375e-04
1.007584795705964e-01 4.774982948641788e-02 6.974061919883942e-04
1.009053275172555e-01 4.651491813965948e-02 7.042972083427798e-04
1.010521753315203e-01 4.713529498851652e-02 7.011962129519117e-04
1.011990230131982e-01 4.615965618876996e-02 7.005911290462301e-04
1.013458705620967e-01 4.616012316989917e-02 7.066443127627955e-04
1.014927179780235e-01 4.706672929327886e-02 7.169430604164965e-04
1.016395652607859e-01 4.629349140075381e-02 7.212693551646570e-04
1.017864124101916e-01 4.761056209830683e-02 7.116679948182001e-04
1.019332594260479e-01 4.584721583962881e-02 7.204839293218245e-04
1.020801063081626e-01 4.645412847205926e-02 7.186925463919534e-04
1.022269530563430e-01 4.581701582520340e-02 7.289657288896239e-04
1.023737996703967e-01 4.664292588965468e-02 7.281003706480221e-04
1.025206461501313e-01 4.531881092253866e-02 7.204994283796324e-04
1.026674924953542e-01 4.670930815563005e-02 7.361545534523530e-04
1.028143387058730e-01 4.574231558211735e-02 7.374445773880021e-04
1.029611847814952e-01 4.590849110733489e-02 7.156242772176949e-04
1.031080307220284e-01 4.574766859133667e-02 7.102230368423312e-04
1.032548765272800e-01 4.670042097836430e-02 7.108297671919647e-04
1.034017221970575e-01 4.556189523556680e-02 7.033355886439381e-04
1.035485677311687e-01 4.654752438795755e-02 6.970774298419335e-04
1.036954131294208e-01 4.549403278939429e-02 6.941647299450543e-04
1.038422583916216e-01 4.546013436976323e-02 6.948070607134756e-04
1.039891035175785e-01 4.549171855275223e-02 6.882176888847109e-04
1.041359485070990e-01 4.561436521468031e-02 6.911565398764457e-04
1.042827933599908e-01 4.509310918444644e-02 6.795578637093010e-04
1.044296380760613e-01 4.580630342062750e-02 6.856325953761003e-04
1.045764826551180e-01 4.429156286330120e-02 6.800045586353915e-04
1.047233270969686e-01 4.589374991730023e-02 6.828628215521975e-04
1.048701714014205e-01 4.594852955370784e-02 6.763284960027582e-04
1.050170155682814e-01 4.491784184071410e-02 6.794394610088201e-04
1.051638595973586e-01 4.442242434912198e-02 6.753315446145387e-04
1.053107034884598e-01 4.529581103229813e-02 6.749632912650245e-04
1.054575472413926e-01 4.538837353763214e-02 6.738983448013060e-04
1.056043908559644e-01 4.433719360971565e-02 6.678447887090333e-04
1.057512343319829e-01 4.569487722862944e-02 6.762009483181894e-04
1.058980776692555e-01 4.563940585227673e-02 6.683150380093479e-04
1.060449208675899e-01 4.517204368666074e-02 6.698437942924228e-04
1.061917639267934e-01 4.423800265063686e-02 6.612249799548294e-04
1.063386068466738e-01 4.368960555851729e-02 6.624080796113664e-04
1.064854496270386e-01 4.422640367938719e-02 6.657208804424965e-04
1.066322922676953e-01 4.416726516285607e-02 6.576372642440200e-04
1.067791347684515e-01 4.435829941611931e-02 6.628066599387669e-04
1.069259771291147e-01 4.287905688370807e-02 6.594254579385246e-04
1.070728193494925e-01 4.283999588233271e-02 6.552891175164229e-04
1.072196614293924e-01 4.407406984088365e-02 6.613473625278403e-04
1.073665033686221e-01 4.470145549790966e-02 6.548717708822550e-04
1.075133451669889e-01 4.391007268837058e-02 6.562604645493781e-04
1.076601868243007e-01 4.329724984666117e-02 6.591941528929016e-04
1.078070283403648e-01 4.396711152678454e-02 6.543349779865529e-04
1.079538697149888e-01 4.222540849021655e-02 6.505844658537240e-04
1.081007109479804e-01 4.428075365232383e-02 6.515977746801810e-04
1.082475520391470e-01 4.230639260705538e-02 6.540616621173275e-04
1.083943929882962e-01 4.305522975880283e-02 6.505951359834491e-04
1.085412337952357e-01 4.289211804913552e-02 6.424698464444769e-04
1.086880744597730e-01 4.214858731094475e-02 6.531188745450120e-04
1.088349149817155e-01 4.277107461080738e-02 6.400716139746548e-04
1.089817553608711e-01 4.202904589086123e-02 6.483099893012898e-04
1.091285955970470e-01 4.196709744191447e-02 6.430651074548192e-04
1.092754356900511e-01 4.243327376494013e-02 6.408071404938225e-04
1.094222756396908e-01 4.192891038011155e-02 6.432796986569490e-04
1.095691154457736e-01 4.348988451016987e-02 6.363773051874424e-04
1.097159551081073e-01 4.212615095135763e-02 6.370316385490585e-04
1.098627946264993e-01 4.191638742053717e-02 6.324250209776379e-04
1.100096340007572e-01 4.227676084896490e-02 6.367952268285937e-04
1.101564732306887e-01 4.178277002525627e-02 6.369640866479029e-04
1.103033123161012e-01 4.089911181278807e-02 6.286161498210355e-04
1.104501512568025e-01 4.119346217050856e-02 6.330974392545031e-04
1.105969900525999e-01 4.187447771352943e-02 6.239623116050214e-04
1.107438287033013e-01 4.098035930101694e-02 6.319749111586678e-04
1.108906672087140e-01 4.195722746358772e-02 6.330231170306887e-04
1.110375055686457e-01 4.140696711621149e-02 6.369614353119490e-04
1.111843437829041e-01 4.133601230213012e-02 6.482024811652879e-04
1.113311818512966e-01 4.174520683954179e-02 6.502477379840615e-04
1.114780197736309e-01 4.033634350399813e-02 6.574461657103746e-04
1.116248575497145e-01 4.199146943209035e-02 6.635091899591728e-04
1.117716951793551e-01 4.072423175185133e-02 6.636940241802773e-04
1.119185326623603e-01 4.139055035455289e-02 6.745990077432928e-04
1.120653699985375e-01 4.102479550513163e-02 6.682059415775893e-04
1.122122071876945e-01 4.139753129963269e-02 6.772281175128000e-04
1.123590442296388e-01 4.120281693068854e-02 6.740027464951523e-04
1.125058811241781e-01 3.896560323649761e-02 6.798940925554888e-04
1.126527178711198e-01 4.024862648259746e-02 6.833477768115577e-04
1.127995544702717e-01 3.992496102876526e-02 6.791181602377337e-04
1.129463909214413e-01 3.912855223964701e-02 6.790144864259677e-04
1.130932272244362e-01 4.079512355160277e-02 6.760750196499693e-04
1.132400633790640e-01 4.091001437377474e-02 6.797868539649206e-04
1.133868993851323e-01 4.033132207047688e-02 6.734279475397994e-04
1.135337352424488e-01 3.963677399101857e-02 6.816409163482579e-04
1.136805709508210e-01 3.860448577252483e-02 6.826608787663010e-04
1.138274065100565e-01 3.894990683670663e-02 6.730545839827655e-04
1.139742419199631e-01 3.929365089667522e-02 6.790380221004086e-04
1.141210771803480e-01 4.012023911187231e-02 6.802849944640006e-04
1.142679122910192e-01 3.897203671378018e-02 6.830130647201496e-04
1.144147472517842e-01 3.745935785830203e-02 6.783684898142964e-04
1.145615820624505e-01 3.918039089768997e-02 6.784213904671967e-04
1.147084167228259e-01 3.949126864877878e-02 6.867157080414537e-04
1.148552512327178e-01 3.877296830370063e-02 6.774364935054360e-04
1.150020855919340e-01 3.921229873753600e-02 6.814233149668440e-04
1.151489198002821e-01 3.943709549265342e-02 6.895845272622545e-04
1.152957538575695e-01 3.826979490676473e-02 6.809298193453734e-04
1.154425877636041e-01 3.902293521777095e-02 6.879654171899940e-04
1.155894215181933e-01 3.816381544113557e-02 6.732067653524836e-04
1.157362551211449e-01 3.927542232627006e-02 6.893247824645482e-04
1.158830885722664e-01 3.673655449663745e-02 6.844965099222215e-04
1.160299218713654e-01 3.805619493926385e-02 6.873392755429353e-04
1.161767550182498e-01 3.747633889638081e-02 6.892779890257860e-04
1.163235880127268e-01 3.851167049101792e-02 6.807472374496002e-04
1.164704208546044e-01 3.719348592325603e-02 6.868940483651515e-04
1.166172535436900e-01 3.766557873051980e-02 6.859621403612415e-04
1.167640860797913e-01 3.742949398321164e-02 6.810046167260357e-04
1.169109184627159e-01 3.770817803716724e-02 6.854049846959239e-04
1.170577506922715e-01 3.753779044009259e-02 6.865778382318941e-04
1.172045827682657e-01 3.720219695393959e-02 6.879903457604913e-04
1.173514146905061e-01 3.652792488652534e-02 6.812493711640184e-04
1.174982464588003e-01 3.803851735357417e-02 6.852279314847874e-04
1.176450780729561e-01 3.660004899249794e-02 6.886705407115506e-04
1.177919095327811e-01 3.676969193802355e-02 6.902599175891267e-04
1.179387408380827e-01 3.576185424082369e-02 6.832664223873621e-04
1.180855719886688e-01 3.695373859410404e-02 6.873277832119358e-04
1.182324029843469e-01 3.494923357733932e-02 6.864950236455973e-04
1.183792338249248e-01 3.607455380115256e-02 6.872891632782073e-04
1.185260645102099e-01 3.481020383039355e-02 6.806657313986862e-04
1.186728950400101e-01 3.577582284133224e-02 6.802200742129936e-04
1.188197254141328e-01 3.503542246530000e-02 6.845176708059608e-04
1.189665556323859e-01 3.531348151330802e-02 6.939951860653360e-04
1.191133856945769e-01 3.606181820586581e-02 6.857381760202609e-04
1.192602156005134e-01 3.638229227582607e-02 6.898035461638852e-04
1.194070453500032e-01 3.509361008857384e-02 6.832728026427212e-04
1.195538749428538e-01 3.596211411204232e-02 6.864426021730408e-04
1.197007043788729e-01 3.371379040230425e-02 6.866043710711607e-04
1.198475336578682e-01 3.499210341080353e-02 6.791723940594520e-04
1.199943627796474e-01 3.425816126808179e-02 6.885131484857106e-04
1.201411917440180e-01 3.568468179662181e-02 6.853413226626425e-04
1.202880205507879e-01 3.516699731256317e-02 6.882383066844295e-04
1.204348491997644e-01 3.396599142766535e-02 6.830422699079843e-04
1.205816776907555e-01 3.526706246063690e-02 6.867926539737009e-04
1.207285060235687e-01 3.438637681955651e-02 6.905574831763755e-04
1.208753341980116e-01 3.373685330409392e-02 6.841661962775496e-04
1.210221622138920e-01 3.493501486881841e-02 6.851358228640910e-04
1.211689900710175e-01 3.443062832230801e-02 6.796719167413527e-04
1.213158177691958e-01 3.527780288980942e-02 6.899350227332814e-04
1.214626453082345e-01 3.421974075472382e-02 6.919566933841993e-04
1.216094726879414e-01 3.304049993753230e-02 6.793872133219177e-04
1.217562999081240e-01 3.297771889340753e-02 6.812989446814484e-04
1.219031269685900e-01 3.360990466993233e-02 6.842683333907740e-04
1.220499538691473e-01 3.395848607350374e-02 6.888004343087443e-04
1.221967806096032e-01 3.358802152378115e-02 6.871189960600862e-04
1.223436071897657e-01 3.315473758927349e-02 6.737119365707066e-04
1.224904336094423e-01 3.276561984238362e-02 6.873934887854722e-04
1.226372598684407e-01 3.275707508172915e-02 6.848003624881540e-04
1.227840859665686e-01 3.258758415566375e-02 6.900837992493437e-04
1.229309119036337e-01 3.323382894184342e-02 6.827871536437190e-04
1.230777376794436e-01 3.217932297117023e-02 6.766413668254998e-04
1.232245632938061e-01 3.245516273942912e-02 6.905631167667225e-04
1.233713887465287e-01 3.332968171157550e-02 6.760789771301876e-04
1.235182140374194e-01 3.196364456035872e-02 6.854848783302768e-04
1.236650391662856e-01 3.289423794519554e-02 6.853673997272281e-04
1.238118641329350e-01 3.224021014321337e-02 6.836963329240844e-04
1.239586889371753e-01 3.200881695439022e-02 6.903705738587621e-04
1.241055135788144e-01 3.035838423277488e-02 6.775928490566075e-04
1.242523380576598e-01 3.114891608451817e-02 6.842755651281394e-04
1.243991623735193e-01 3.190809847100860e-02 6.806112956283402e-04
1.245459865262004e-01 3.236650970093956e-02 6.854369294346582e-04
1.246928105155109e-01 3.184829719348960e-02 6.846078059727239e-04
1.248396343412586e-01 3.157727328216511e-02 6.802787794692977e-04
1.249864580032510e-01 3.106880589384459e-02 6.807678864411452e-04
1.251332815012960e-01 2.904136301430092e-02 6.749033634985200e-04
1.252801048352011e-01 3.059191691990842e-02 6.818582805309758e-04
1.254269280047742e-01 3.027605678924723e-02 6.815785135851523e-04
1.255737510098228e-01 3.090433147496487e-02 6.815325495531426e-04
1.257205738501548e-01 3.061763821499398e-02 6.859633963002593e-04
1.258673965255777e-01 3.123163559190463e-02 6.842055495090343e-04
1.260142190358993e-01 2.957234224089609e-02 6.800295207703101e-04
1.261610413809274e-01 2.968802368846662e-02 6.817069611589272e-04
1.263078635604696e-01 3.077209214023075e-02 6.767971746253586e-04
1.264546855743336e-01 2.937048952631277e-02 6.825370556587185e-04
1.266015074223272e-01 3.067274976825358e-02 6.739323034069082e-04
1.267483291042580e-01 2.971905286687395e-02 6.761031815068287e-04
1.268951506199338e-01 3.013333279776317e-02 6.726437973092399e-04
1.270419719691622e-01 2.888352983269205e-02 6.744124713157725e-04
1.271887931517510e-01 3.002185432555397e-02 6.705396968753122e-04
1.273356141675080e-01 3.023392650406514e-02 6.762453479495959e-04
1.274824350162407e-01 2.889563794729887e-02 6.695403998485494e-04
1.276292556977570e-01 2.965950342866986e-02 6.724887601110962e-04
1.277760762118645e-01 2.949455502892286e-02 6.786810286375273e-04
1.279228965583711e-01 2.830222773144698e-02 6.659596033330575e-04
1.280697167370843e-01 2.914045719346271e-02 6.747597661415250e-04
1.282165367478119e-01 2.856590737700070e-02 6.743435224794191e-04
1.283633565903617e-01 3.004305908796820e-02 6.673114906554415e-04
1.285101762645414e-01 2.891052888904811e-02 6.729640027849502e-04
1.286569957701586e-01 2.880327698744275e-02 6.651794457747698e-04
1.288038151070212e-01 2.942798194731375e-02 6.718677880104223e-04
1.289506342749369e-01 2.804952574619586e-02 6.673839914785849e-04
1.290974532737133e-01 2.861833699922998e-02 6.668610816402876e-04
1.292442721031583e-01 2.876207657900993e-02 6.723487457115299e-04
1.293910907630794e-01 2.800606761422224e-02 6.651484199189470e-04
1.295379092532846e-01 2.798989853554831e-02 6.689261235435107e-04
1.296847275735815e-01 2.733692771683967e-02 6.660661729898479e-04
1.298315457237779e-01 2.791379239869077e-02 6.682878729873708e-04
1.299783637036815e-01 2.856227848594291e-02 6.791919589784289e-04
1.301251815131000e-01 2.777324499136734e-02 6.624453815051564e-04
1.302719991518412e-01 2.707805300711576e-02 6.675274741637164e-04
1.304188166197129e-01 2.799718582032099e-02 6.682921140546730e-04
1.305656339165226e-01 2.599565237794089e-02 6.706899306946983e-04
1.307124510420783e-01 2.690599310116164e-02 6.663074745659330e-04
1.308592679961877e-01 2.629996472849691e-02 6.658557484539141e-04
1.310060847786584e-01 2.641743060556699e-02 6.629554244439404e-04
1.311529013892983e-01 2.659618185542901e-02 6.665151716596445e-04
1.312997178279152e-01 2.783890150123712e-02 6.729059336637170e-04
1.314465340943166e-01 2.782273932598130e-02 6.688066162120082e-04
1.315933501883105e-01 2.701889132750185e-02 6.600895032997816e-04
1.317401661097045e-01 2.801628507762073e-02 6.706367922152516e-04
1.318869818583065e-01 2.638136639198866e-02 6.673931135540284e-04
1.320337974339242e-01 2.706150230221549e-02 6.726581873019678e-04
1.321806128363652e-01 2.688100902918363e-02 6.670098079815113e-04
1.323274280654375e-01 2.636782812667086e-02 6.675993164038822e-04
1.324742431209487e-01 2.432722698825804e-02 6.660838969542037e-04
1.326210580027065e-01 2.671600602753227e-02 6.622018875592914e-04
1.327678727105190e-01 2.597548336613343e-02 6.655192645039130e-04
1.329146872441935e-01 2.586993412386035e-02 6.625007007188987e-04
1.330615016035382e-01 2.587519778866748e-02 6.632886943391568e-04
1.332083157883606e-01 2.655971786664477e-02 6.640394231920144e-04
1.333551297984685e-01 2.535145310146558e-02 6.635135950904988e-04
1.335019436336697e-01 2.495407752587990e-02 6.649983874272667e-04
1.336487572937721e-01 2.426273111738882e-02 6.594202068724590e-04
1.337955707785833e-01 2.433750979656291e-02 6.682404963330448e-04
1.339423840879111e-01 2.495829860165652e-02 6.677072893830781e-04
1.340891972215633e-01 2.533159057959587e-02 6.602338271636331e-04
1.342360101793477e-01 2.523279532639247e-02 6.614864801463259e-04
1.343828229610720e-01 2.469545629650486e-02 6.524509373667562e-04
1.345296355665440e-01 2.395640113288374e-02 6.620506329279784e-04
1.346764479955716e-01 2.505368921714996e-02 6.605894255449214e-04
1.348232602479625e-01 2.452279393140181e-02 6.642033881595788e-04
1.349700723235245e-01 2.436784918159860e-02 6.611858848510646e-04
1.351168842220653e-01 2.506724253160698e-02 6.579132458607445e-04
1.352636959433928e-01 2.482314051196390e-02 6.621022592829258e-04
1.354105074873147e-01 2.455926211666236e-02 6.521023567157163e-04
1.355573188536388e-01 2.452920977251103e-02 6.663533990803703e-04
1.357041300421729e-01 2.365810296848953e-02 6.583999137594076e-04
1.358509410527249e-01 2.219794030492640e-02 6.573201820944561e-04
1.359977518851024e-01 2.295137059225867e-02 6.619722391660058e-04
1.361445625391133e-01 2.428459996760498e-02 6.548709370042027e-04
1.362913730145654e-01 2.372812966803695e-02 6.582824146169807e-04
1.364381833112665e-01 2.421364027324679e-02 6.558650710127091e-04
1.365849934290243e-01 2.423499542562485e-02 6.603429094204208e-04
1.367318033676468e-01 2.289036848431409e-02 6.638672972622986e-04
1.368786131269416e-01 2.330278010299489e-02 6.541536632932238e-04
1.370254227067166e-01 2.410696814635300e-02 6.600960915784599e-04
1.371722321067795e-01 2.256825458258504e-02 6.500219064032667e-04
1.373190413269383e-01 2.298412987072063e-02 6.555670355137962e-04
1.374658503670007e-01 2.245558615032130e-02 6.589021762370341e-04
1.376126592267744e-01 2.253102964896482e-02 6.553174952922880e-04
1.377594679060673e-01 2.151982072685345e-02 6.616226588390679e-04
1.379062764046873e-01 2.215198150164608e-02 6.496841353091819e-04
1.380530847224421e-01 2.240957717915718e-02 6.596850717303268e-04
1.381998928591395e-01 2.152385496651709e-02 6.601943178913472e-04
1.383467008145873e-01 2.214891878810021e-02 6.537886333130181e-04
1.384935085885935e-01 2.291539639068527e-02 6.614811533642145e-04
1.386403161809657e-01 2.258104992843592e-02 6.494455420839887e-04
1.387871235915119e-01 2.178018781557879e-02 6.541235936312303e-04
1.389339308200397e-01 2.182384132192294e-02 6.557863187716092e-04
1.390807378663571e-01 2.124288628894104e-02 6.494513362166924e-04
1.392275447302719e-01 2.148226830691005e-02 6.556300541443415e-04
1.393743514115918e-01 2.148215494570700e-02 6.493218236768118e-04
1.395211579101248e-01 2.130478081608535e-02 6.595084345913015e-04
1.396679642256785e-01 2.050440851578090e-02 6.536509235240632e-04
1.398147703580609e-01 2.080601564873558e-02 6.496016814218541e-04
1.399615763070799e-01 2.081455157831058e-02 6.537770621099851e-04
1.401083820725432e-01 2.140173032931475e-02 6.597692736239150e-04
1.402551876542587e-01 2.017368903903819e-02 6.561546062939995e-04
1.404019930520340e-01 2.092813047206220e-02 6.546092544164363e-04
1.405487982656773e-01 2.070882459422452e-02 6.586736018733888e-04
1.406956032949962e-01 2.000886621532453e-02 6.722333405004890e-04
1.408424081397986e-01 2.062402948406790e-02 6.888764684534629e-04
1.409892127998923e-01 2.049157103038710e-02 6.950512915471046e-04
1.411360172750852e-01 1.932248364967493e-02 7.034242702285460e-04
1.412828215651852e-01 2.050756462471196e-02 7.154716543736328e-04
1.414296256699999e-01 2.265169724682903e-02 7.200948153738236e-04
1.415764295893374e-01 1.985610236458422e-02 7.247277425226753e-04
1.417232333230055e-01 2.191137938342441e-02 7.323005398716076e-04
1.418700368708119e-01 2.100166661371928e-02 7.449400060895983e-04
1.420168402325645e-01 1.975747866941693e-02 7.518607015473329e-04
1.421636434080713e-01 2.105847430139509e-02 7.495362391604850e-04
1.423104463971400e-01 1.965750813950992e-02 7.634772452631852e-04
1.424572491995785e-01 1.981791738632939e-02 7.653622618618407e-04
1.426040518151946e-01 1.866534500394303e-02 7.751562570228769e-04
1.427508542437963e-01 1.936726196205289e-02 7.670832044074585e-04
1.428976564851913e-01 1.945651374647131e-02 7.824285771395473e-04
1.430444585391876e-01 1.901087514522618e-02 7.861563340338393e-04
1.431912604055929e-01 2.015023929837818e-02 7.993698198625975e-04
1.433380620842152e-01 1.931528991738797e-02 7.936762198862165e-04
1.434848635748623e-01 1.994711968746779e-02 7.994209409036659e-04
1.436316648773420e-01 2.048144788077976e-02 8.106898501774157e-04
1.437784659914622e-01 1.932662686874239e-02 8.180162544856941e-04
1.439252669170309e-01 1.723458122045561e-02 8.222754889221747e-04
1.440720676538558e-01 1.980391930645456e-02 8.154362318438580e-04
1.442188682017449e-01 1.915786624982653e-02 8.307099837632980e-04
1.443656685605060e-01 1.700248820532773e-02 8.311813366040198e-04
1.445124687299469e-01 2.013092660436159e-02 8.600647078390003e-04
1.446592687098756e-01 1.996405766627048e-02 8.492951411463458e-04
1.448060685000999e-01 1.717456080841889e-02 8.580067288367520e-04
1.449528681004278e-01 1.844654104301813e-02 8.512309278958920e-04
1.450996675106670e-01 1.958087507707183e-02 8.679525676771262e-04
1.452464667306255e-01 1.787161579086198e-02 8.529619466302052e-04
1.453932657601112e-01 1.701852857467428e-02 8.637306479086798e-04
1.455400645989318e-01 1.931716450435493e-02 8.860522013798869e-04
1.456868632468954e-01 1.732177155403222e-02 8.715568431326148e-04
1.458336617038097e-01 1.831148422497134e-02 8.845148641121285e-04
1.459804599694828e-01 1.894321991895523e-02 8.870371009397760e-04
1.461272580437224e-01 1.809168205439533e-02 9.049012278643211e-04
1.462740559263364e-01 1.874137356832965e-02 9.074539069502350e-04
1.464208536171328e-01 1.683027350483087e-02 9.119088978668143e-04
1.465676511159195e-01 1.773865315645433e-02 9.167824192422154e-04
1.467144484225043e-01 1.888342362323298e-02 9.209920569175785e-04
1.468612455366952e-01 1.849443693280422e-02 9.255089256921073e-04
1.470080424582999e-01 1.830552963381010e-02 9.389887384405296e-04
1.471548391871265e-01 1.739366757905815e-02 9.150855651106364e-04
1.473016357229828e-01 1.652034935860472e-02 9.429714808916275e-04
1.474484320656767e-01 1.669940007566665e-02 9.278350287908557e-04
1.475952282150162e-01 1.756567865520150e-02 9.448940942727957e-04
1.477420241708091e-01 1.464076226791001e-02 9.245415077143536e-04
1.478888199328633e-01 1.788090764855906e-02 9.495792169536523e-04
1.480356155009868e-01 1.756532434568623e-02 9.563067272515280e-04
1.481824108749874e-01 1.645128957707675e-02 9.377887819160807e-04
1.483292060546731e-01 1.487719013627066e-02 9.543767676723414e-04
1.484760010398518e-01 1.810483854622268e-02 9.453870280128620e-04
1.486227958303313e-01 1.627997889415921e-02 9.691425986795741e-04
1.487695904259196e-01 1.635837498960499e-02 9.775567738335284e-04
1.489163848264247e-01 1.561872645955215e-02 9.369543799941662e-04
1.490631790316544e-01 1.490654263594018e-02 9.774269548900496e-04
1.492099730414167e-01 1.712490036670479e-02 1.011416213320292e-03
1.493567668555194e-01 1.641054346241179e-02 9.889803395262701e-04
1.495035604737705e-01 1.659389766983675e-02 9.847599998590471e-04
1.496503538959780e-01 1.480177391256831e-02 9.479342841812058e-04
1.497971471219496e-01 1.601231967245570e-02 9.869694706256577e-04
1.499439401514935e-01 1.558392585292732e-02 9.558252628014722e-04
1.500907329844174e-01 1.531142891986097e-02 9.879617770218055e-04
1.502375256205293e-01 1.539853507210042e-02 9.666786113902278e-04
1.503843180596373e-01 1.483278192195427e-02 9.699757044680058e-04
1.505311103015491e-01 1.522465867671300e-02 1.001849531169963e-03
1.506779023460727e-01 1.613446154735731e-02 9.716530269526018e-04
1.508246941930161e-01 1.544807392664185e-02 9.900788858048667e-04
1.509714858421872e-01 1.567463910654053e-02 9.760942270538952e-04
1.511182772933938e-01 1.593801274481819e-02 9.815490216382901e-04
1.512650685464441e-01 1.530916101445389e-02 1.004359220628707e-03
1.514118596011459e-01 1.437294436467903e-02 9.737175102828689e-04
1.515586504573071e-01 1.474528015446331e-02 9.918306242909349e-04
1.517054411147357e-01 1.416268295762624e-02 9.802419192978665e-04
1.518522315732397e-01 1.546956397513082e-02 1.004734146532953e-03
1.519990218326269e-01 1.531109603663258e-02 1.003150181847550e-03
1.521458118927054e-01 1.404903218667232e-02 9.803706085808677e-04
1.522926017532831e-01 1.457014966781841e-02 1.015184628164320e-03
1.524393914141679e-01 1.424738194763972e-02 9.929327002520367e-04
1.525861808751677e-01 1.448958008856262e-02 1.023446304253729e-03
1.527329701360906e-01 1.421169343708887e-02 1.007834518111059e-03
1.528797591967446e-01 1.356518908591857e-02 9.999140216069107e-04
1.530265480569374e-01 1.424286226114707e-02 1.040595001333443e-03
1.531733367164773e-01 1.480394939017451e-02 9.851090659861611e-04
1.533201251751719e-01 1.446551641342928e-02 1.033180397321455e-03
1.534669134328294e-01 1.504443671901236e-02 1.012135971183578e-03
1.536137014892578e-01 1.480638286608215e-02 1.043341947343385e-03
1.537604893442648e-01 1.433412087896067e-02 1.048504001630574e-03
1.539072769976586e-01 1.487656738640281e-02 1.032662336823997e-03
1.540540644492471e-01 1.344372112584208e-02 1.053392312527851e-03
1.542008516988383e-01 1.273888855450218e-02 1.030244223556145e-03
1.543476387462401e-01 1.300242286020219e-02 1.062176023555756e-03
1.544944255912605e-01 1.413552101849392e-02 1.049607110098589e-03
1.546412122337075e-01 1.152819164371347e-02 1.040368048946187e-03
1.547879986733890e-01 1.484209696852367e-02 1.063345491074503e-03
1.549347849101131e-01 1.270173952600214e-02 1.046621669841796e-03
1.550815709436878e-01 1.297811395983183e-02 1.057189504155400e-03
1.552283567739209e-01 1.446242212120760e-02 1.065561226897164e-03
1.553751424006205e-01 1.407706080871654e-02 1.077167536911311e-03
1.555219278235946e-01 1.289525519412074e-02 1.075987774685777e-03
1.556687130426511e-01 1.280799752490654e-02 1.070942057237019e-03
1.558154980575980e-01 1.220473817303182e-02 1.077530213132648e-03
1.559622828682433e-01 1.310821873281626e-02 1.075483696405694e-03
1.561090674743951e-01 1.384147191731794e-02 1.095260260385664e-03
1.562558518758612e-01 1.335715156959412e-02 1.088206957614537e-03
1.564026360724498e-01 1.259849198396774e-02 1.098501256120613e-03
1.565494200639687e-01 1.351776717506658e-02 1.082550940116214e-03
1.566962038502260e-01 1.320505548411526e-02 1.099842764191186e-03
1.568429874310297e-01 1.245234897215799e-02 1.107264202362945e-03
1.569897708061878e-01 1.223989682290736e-02 1.109974537061305e-03
1.571365539755082e-01 1.204073268568475e-02 1.107068544176858e-03
1.572833369387990e-01 1.268181188036513e-02 1.113269075447873e-03
1.574301196958682e-01 1.203701193499457e-02 1.093817191178368e-03
1.575769022465238e-01 1.297426560100189e-02 1.133815106895690e-03
1.577236845905738e-01 1.336992827987115e-02 1.094724028344561e-03
1.578704667278262e-01 1.193005503114303e-02 1.126094376151586e-03
1.580172486580890e-01 1.287128661336166e-02 1.132757956666619e-03
1.581640303811701e-01 1.275117596715300e-02 1.125898382113170e-03
1.583108118968778e-01 1.324445953286671e-02 1.150676965683256e-03
1.584575932050198e-01 1.188945555139158e-02 1.145190513064402e-03
1.586043743054044e-01 1.090378781517251e-02 1.161858816992715e-03
1.587511551978395e-01 1.143243066391677e-02 1.163166360634686e-03
1.588979358821330e-01 1.148904530083494e-02 1.152537277823335e-03
1.590447163580930e-01 1.225180262838144e-02 1.167190862944358e-03
1.591914966255276e-01 1.068666705761957e-02 1.154969859444156e-03
1.593382766842448e-01 1.234284248778929e-02 1.172312215362976e-03
1.594850565340525e-01 1.281667665359890e-02 1.184950513324726e-03
1.596318361747588e-01 1.311955879755706e-02 1.180415079967604e-03
1.597786156061718e-01 1.197004481747156e-02 1.200427666053782e-03
1.599253948280995e-01 1.210602679154244e-02 1.184513719370973e-03
1.600721738403499e-01 1.103600585672024e-02 1.204241122123662e-03
1.602189526427309e-01 1.171498793320739e-02 1.199949884799314e-03
1.603657312350509e-01 1.062959178872955e-02 1.221415044931871e-03
1.605125096171175e-01 1.159916285613510e-02 1.202060307168391e-03
1.606592877887390e-01 1.271474936173113e-02 1.218248966069936e-03
1.608060657497234e-01 1.021209940513860e-02 1.222388239715530e-03
1.609528434998787e-01 1.311584661557717e-02 1.237167266822637e-03
1.610996210390131e-01 1.275673610914113e-02 1.233421143657302e-03
1.612463983669344e-01 1.157301456295186e-02 1.243103466913159e-03
1.613931754834508e-01 1.183689147543193e-02 1.236152225147229e-03
1.615399523883702e-01 9.783445993432898e-03 1.243009615377363e-03
1.616867290815008e-01 1.024572693464350e-02 1.231587228571615e-03
1.618335055626506e-01 9.008014624534467e-03 1.249482953100956e-03
1.619802818316277e-01 1.016175524148876e-02 1.256513664770432e-03
1.621270578882401e-01 1.013244188522113e-02 1.252284671039953e-03
1.622738337322958e-01 1.126802370514284e-02 1.268686588730906e-03
1.624206093636030e-01 1.038839580617344e-02 1.260141752353411e-03
1.625673847819697e-01 1.034882170028676e-02 1.293526282843357e-03
1.627141599872038e-01 1.175637667968886e-02 1.297434757086121e-03
1.628609349791136e-01 8.306311081273932e-03 1.293069270658969e-03
1.630077097575070e-01 9.772081019741424e-03 1.285512135562133e-03
1.631544843221922e-01 1.120676804499520e-02 1.271961676908053e-03
1.633012586729772e-01 9.919310833539740e-03 1.299276791079250e-03
1.634480328096700e-01 9.901246239922388e-03 1.316880180663086e-03
1.635948067320787e-01 8.909463608391335e-03 1.302537940140601e-03
1.637415804400115e-01 9.452809424515389e-03 1.296652063883724e-03
1.638883539332764e-01 9.581765873178530e-03 1.328879807675966e-03
1.640351272116813e-01 1.001917379809513e-02 1.335250594962747e-03
1.641819002750345e-01 8.654047050951611e-03 1.348653468964516e-03
1.643286731231440e-01 9.399270400975553e-03 1.340403249460938e-03
1.644754457558179e-01 1.092774999407121e-02 1.352197747539983e-03
1.646222181728642e-01 1.082401267101219e-02 1.365715316834129e-03
1.647689903740911e-01 9.460836259611855e-03 1.363333611056420e-03
1.649157623593066e-01 9.458821643788076e-03 1.433078981209466e-03
1.650625341283188e-01 1.039528249637846e-02 1.375465619316487e-03
1.652093056809359e-01 9.461947328420588e-03 1.375633459052709e-03
1.653560770169658e-01 7.950460494433435e-03 1.406753579907605e-03
1.655028481362167e-01 8.944022949172696e-03 1.411159708178446e-03
1.656496190384967e-01 1.155892969817699e-02 1.437637561262090e-03
1.657963897236138e-01 8.879815428282487e-03 1.414040836387901e-03
1.659431601913762e-01 1.128005465649674e-02 1.425880148997705e-03
1.660899304415920e-01 7.782925173944589e-03 1.416546725603152e-03
1.662367004740692e-01 7.138331442071166e-03 1.446776546453218e-03
1.663834702886159e-01 8.617111453280408e-03 1.453855569707043e-03
1.665302398850404e-01 8.534752859302809e-03 1.464052334560635e-03
1.666770092631506e-01 1.023626122706241e-02 1.486986753142878e-03
1.668237784227546e-01 1.018211469200256e-02 1.490326718711690e-03
1.669705473636607e-01 8.716687577206301e-03 1.464123374550171e-03
1.671173160856769e-01 1.011022630444550e-02 1.509828656959534e-03
1.672640845886112e-01 1.043699289412681e-02 1.503828171316723e-03
1.674108528722718e-01 1.002793708934166e-02 1.513474831918437e-03
1.675576209364669e-01 7.374618802770608e-03 1.552807609962764e-03
1.677043887810044e-01 1.197168979430685e-02 1.532451560192290e-03
1.678511564056927e-01 1.117300942519582e-02 1.587290622684292e-03
1.679979238103397e-01 5.718371335489207e-03 1.573178512314624e-03
1.681446909947535e-01 1.076965833484641e-02 1.579461371663945e-03
1.682914579587425e-01 7.923822471340195e-03 1.589765860214719e-03
1.684382247021145e-01 8.757029395096356e-03 1.564792453222649e-03
1.685849912246778e-01 8.363204240161582e-03 1.589965015689252e-03
1.687317575262405e-01 7.905416466949191e-03 1.622976458368464e-03
1.688785236066107e-01 6.148436817827657e-03 1.615902273074692e-03
1.690252894655966e-01 8.557506133089589e-03 1.647961651502238e-03
1.691720551030063e-01 6.439028624425319e-03 1.608140816448876e-03
1.693188205186478e-01 7.567690139445390e-03 1.664815837071020e-03
1.694655857123294e-01 9.035387216878714e-03 1.678103350037215e-03
1.696123506838591e-01 6.982697235055256e-03 1.702737170186337e-03
1.697591154330453e-01 9.324266309298522e-03 1.713523287171426e-03
1.699058799596958e-01 6.691888201818658e-03 1.698757481098404e-03
1.700526442636189e-01 1.045952354330155e-02 1.772489871601494e-03
1.701994083446229e-01 9.721583644326999e-03 1.700200333636448e-03
1.703461722025157e-01 8.049172812189791e-03 1.807730311224152e-03
1.704929358371055e-01 9.057400561273996e-03 1.728809242161925e-03
1.706396992482005e-01 5.963389150252193e-03 1.751745104604016e-03
1.707864624356089e-01 1.063327320460556e-02 1.821523228453071e-03
1.709332253991387e-01 9.269993318800520e-03 1.814318492713135e-03
1.710799881385982e-01 9.344488102237638e-03 1.875566674117296e-03
1.712267506537955e-01 3.760748645403851e-03 1.843417372094467e-03
1.713735129445388e-01 6.798801535781676e-03 1.869805670584495e-03
1.715202750106361e-01 9.183212154700370e-03 1.930768707102242e-03
1.716670368518958e-01 6.897917874300592e-03 1.898268395308655e-03
1.718137984681258e-01 6.161682210695615e-03 1.917246941492071e-03
1.719605598591345e-01 1.079229376630322e-02 1.957231706190128e-03
1.721073210247299e-01 8.149528131496653e-03 1.911876564658940e-03
1.722540819647203e-01 9.319732707498078e-03 2.029048273532609e-03
1.724008426789137e-01 5.860917725228260e-03 2.011199535439012e-03
1.725476031671185e-01 7.841770382114048e-03 1.997348507414911e-03
1.726943634291426e-01 4.182461446892822e-03 2.105449686780090e-03
1.728411234647944e-01 5.070427468336128e-03 2.098429051830582e-03
1.729878832738820e-01 1.018337395594244e-02 2.061284736527494e-03
1.731346428562135e-01 8.064426394445330e-03 2.193481621444988e-03
1.732814022115972e-01 6.597075497857811e-03 2.107746404902861e-03
1.734281613398412e-01 6.355756580213478e-03 2.207583128967498e-03
1.735749202407538e-01 5.180341489230304e-03 2.187848762543310e-03
1.737216789141430e-01 7.145159688877444e-03 2.258045510521239e-03
1.738684373598171e-01 5.874434353502833e-03 2.242182200156261e-03
1.740151955775843e-01 6.852235557099780e-03 2.245784762795519e-03
1.741619535672527e-01 5.538825521674039e-03 2.335286642816633e-03
1.743087113286306e-01 2.924737609483744e-03 2.362410077782492e-03
1.744554688615261e-01 6.709845000695165e-03 2.391906959146222e-03
1.746022261657475e-01 7.034547183389262e-03 2.472009766699671e-03
1.747489832411029e-01 8.058249577232154e-03 2.549939074806811e-03
1.748957400874005e-01 7.120807092514057e-03 2.513554534300397e-03
1.750424967044485e-01 4.682876590986265e-03 2.512758891771252e-03
1.751892530920552e-01 1.359451240433555e-03 2.650177388191606e-03
1.753360092500287e-01 6.388157803483434e-03 2.730486679075093e-03
1.754827651781772e-01 7.210998476433415e-03 2.682957855199973e-03
1.756295208763090e-01 8.349491552971161e-03 2.706406321202753e-03
1.757762763442323e-01 7.980240550625500e-03 2.839868576435747e-03
1.759230315817552e-01 8.150365238458980e-03 2.984863810510774e-03
1.760697865886859e-01 4.036424112641016e-03 3.019047686829724e-03
1.762165413648328e-01 7.758826089190297e-03 2.932702884566736e-03
1.763632959100039e-01 6.994126270558387e-03 3.133076466997428e-03
1.765100502240076e-01 4.176863870467146e-03 3.170790021703404e-03
1.766568043066521e-01 5.299877440071868e-03 3.363336795902296e-03
1.768035581577454e-01 2.868637268707193e-03 3.400738084222546e-03
1.769503117770959e-01 6.766280067458851e-03 3.673137339890102e-03
1.770970651645119e-01 8.892536393370919e-03 3.606382602486205e-03
1.772438183198014e-01 1.181045923425724e-02 3.749321007560582e-03
1.773905712427729e-01 1.178757883455557e-03 3.926955617290207e-03
1.775373239332344e-01 1.249715167695230e-02 4.041870566503855e-03
1.776840763909942e-01 8.417191181128097e-04 4.269271902520369e-03
1.778308286158606e-01 6.397097040537121e-04 4.469343584943609e-03
1.779775806076418e-01 4.320949853356838e-03 4.958077554894487e-03
1.781243323661459e-01 8.171936232295320e-03 5.277903194035027e-03
1.782710838911813e-01 9.628369584741765e-03 6.001229476285079e-03
1.784178351825563e-01 5.167725639729199e-03 6.599880242851797e-03
1.785645862400790e-01 5.877046006787281e-03 8.029947339169004e-03
1.787113370635576e-01 1.591416709018897e-02 8.555510519941632e-03
1.788580876528005e-01 1.194492086564760e-03 1.091767422572636e-02
1.790048380076158e-01 2.007145055005407e-03 1.179192041524357e-02
