#   DataFileName=TP_011.tif
#   DataFileType=.tif
#   
#   DataFilePath=D:Marianne:TP 2026:
#   
#   Processed on=jeu. 12 févr. 2026,11:46:19
#   Units=cm2/cm3
#   SampleThicknFnct=ReadThickness
#   SampleThickness=1.6
#   SampleTransmFnct=ReadTransFlux
#   SampleTransmission=2.744
#   CorrectionFactor=110
#   SampleMeasurementTime=1
#   EmptyMeasurementTime=1
#   BackgroundMeasTime=1
#   SampleMonitorFnct=ReadTime
#   SampleI0=1800
#   EmptyI0=1
#   Nika_SampleToDetectorDistacne=1683
#   Nika_Wavelength=1.542
#   Nika_XrayEnergy=8.0405
#   Nika_PixelSizeX=0.15
#   Nika_PixelSizeY=0.15
#   Nika_HorizontalTilt=0
#   Nika_VerticalTilt=0
#   Nika_BeamCenterX=1186.3
#   Nika_BeamCenterY=902.44
#   Nika_BeamSizeX=0
#   Nika_BeamSizeY=0
#   CalibrationFormula=C/I0/St*(1/T*(Sa2D))
#   SampleThickness=1.6
#   SampleTransmission=2.744
#   CorrectionFactor=110
#   SampleI0=1800
#   EmptyI0=1
#   CurrentMaskFileName=Mask_feb_2026_mask.hdf
#   QvectorMaxNumPnts=0
#   QvectorNumberPoints=400
#   CircularAverage=1
#   PolarizationCorrection=None
#   UncertainityCalculationMethod=OldNikaMethod

0.0058596684	7685.0312	87.664307	0.00034478441
0.005920507	6428.0991	7789.9194	0.00034483374
0.0059819771	5878.2222	2823.3096	0.00034488452
0.0060440851	6069.771	4894.7515	0.00034493644
0.0061068386	7268.8867	4664.7002	0.00034498936
0.006170243	6783.7827	8151.0747	0.00034504343
0.0062343059	7668.6763	4196.9375	0.00034509861
0.0062990342	7605.8306	4162.7549	0.0003451549
0.0063644345	7175.8369	2668.2673	0.00034521264
0.006430517	7556	4138.0381	0.00034527108
0.0064972825	7054.1934	3078.1733	0.00034533045
0.006564741	6957.9585	3360.115	0.00034539204
0.0066328999	6427.396	3101.8386	0.00034545443
0.0067017665	7006.98	2449.0879	0.00034551808
0.006771348	6417.2769	2119.0134	0.00034558261
0.0068416516	6373.8101	1999.7583	0.00034564946
0.0069126859	6070.4844	2648.353	0.00034571713
0.0069844574	5610.8413	1850.7719	0.00034578575
0.0070569739	5477.5176	1715.5436	0.00034585665
0.0071302471	5414.7676	1553.3439	0.0003459283
0.0072042774	5101.0645	1356.8425	0.00034600179
0.0072790766	4672.5957	1397.5284	0.00034607676
0.007354652	4872.4365	1458.6934	0.00034615377
0.0074310121	4553.3008	1211.0204	0.00034623145
0.0075081652	4332.2349	882.60962	0.00034631116
0.0075861192	4026.2358	1071.1824	0.00034639257
0.0076648826	4307.21	1041.3177	0.00034647514
0.0077444636	3972.6104	1021.3799	0.00034656093
0.0078248717	3733.1738	730.98572	0.00034664734
0.0079061138	3749.8865	734.31329	0.00034673561
0.0079882033	3384.3284	719.88794	0.00034682546
0.0080711422	3146.2363	701.7066	0.00034691728
0.0081549408	3091.2485	545.84344	0.00034701123
0.0082396101	2914.4182	506.79431	0.00034710704
0.0083251586	2765.6606	541.54846	0.00034720384
0.0084115947	2666.3638	512.3985	0.00034730471
0.0084989294	2520.27	452.13876	0.00034740637
0.0085871695	2403.8452	400.25696	0.00034750954
0.0086763268	2271.8562	389.22586	0.00034761554
0.008766409	2093.3257	381.68317	0.00034772442
0.0088574318	1982.3315	355.62512	0.0003478344
0.0089493953	1932.2803	291.10431	0.00034794703
0.0090423124	1786.1742	301.63498	0.00034806223
0.0091361953	1716.9827	313.06033	0.0003481796
0.0092310524	1586.0681	260.51193	0.00034829939
0.0093268938	1507.5746	224.58397	0.00034842279
0.0094237318	1396.2303	229.30481	0.00034854651
0.0095215738	1254.052	205.97319	0.00034867402
0.0096204327	1231.9875	187.74803	0.00034880388
0.0097203171	1158.6909	167.13831	0.00034893732
0.0098212445	1063.1947	174.61246	0.00034907195
0.0099232141	989.10254	152.504	0.00034920973
0.01002624	908.92218	129.7588	0.00034935059
0.010130341	844.32477	125.76918	0.00034949492
0.01023552	787.06726	114.71869	0.00034964163
0.010341791	731.8092	107.82636	0.00034979157
0.010449165	679.78778	91.60965	0.00034994431
0.010557654	629.86713	94.872452	0.00035009981
0.010667273	566.66089	80.086395	0.00035025951
0.010778027	524.49786	68.244446	0.00035042089
0.01088993	497.90894	73.346077	0.00035058681
0.011002996	439.26736	59.738262	0.0003507557
0.011117235	414.19141	51.748589	0.00035092977
0.011232664	390.38644	51.674885	0.00035110439
0.011349288	342.96094	46.211819	0.00035128402
0.011467122	326.16464	41.400471	0.0003514672
0.01158618	295.61292	37.520924	0.00035165448
0.011706475	278.59396	37.539246	0.00035184558
0.011828021	259.3414	30.340996	0.00035203985
0.011950826	236.56453	30.778635	0.00035223848
0.012074906	218.99701	27.148884	0.00035244037
0.012200275	213.61304	24.493917	0.00035264797
0.012326946	193.92268	24.420372	0.00035285953
0.012454934	188.76039	22.552521	0.00035307332
0.012584249	178.09949	20.160124	0.000353293
0.012714906	169.95811	20.755482	0.00035351785
0.012846919	163.21625	17.910984	0.00035374559
0.012980303	159.39249	17.928625	0.00035398034
0.013115075	153.86745	17.882292	0.00035421667
0.013251243	150.32799	16.803802	0.00035445954
0.013388826	146.83116	15.739195	0.00035470701
0.013527836	144.00266	16.514706	0.00035495966
0.013668289	142.66302	14.193876	0.00035521804
0.013810205	142.29555	16.006775	0.00035548027
0.013953591	140.64395	14.582313	0.00035574834
0.014098465	140.62553	14.659376	0.00035602204
0.014244843	139.86823	15.080171	0.00035630094
0.014392741	138.459	13.322017	0.0003565856
0.014542179	137.75323	14.682571	0.0003568751
0.014693164	137.19707	13.262121	0.00035717123
0.014845717	136.4825	13.856141	0.00035747339
0.014999853	135.72627	13.571211	0.00035778165
0.015155591	135.84418	12.297851	0.00035809574
0.015312945	133.45398	13.479404	0.00035841719
0.015471936	133.17442	11.958587	0.00035874353
0.015632575	130.74643	13.073255	0.00035907669
0.015794881	129.12318	11.786403	0.00035941642
0.015958874	128.05496	11.545494	0.0003597638
0.016124567	125.67265	11.519528	0.00036011674
0.016291985	123.55589	11.094869	0.0003604785
0.016461138	120.52624	10.529752	0.00036084477
0.016632047	117.8568	10.416486	0.00036122018
0.016804731	114.89339	10.154557	0.00036160267
0.016979206	111.26096	9.239233	0.00036199435
0.0171555	108.1326	9.5199156	0.00036239086
0.017333617	105.12384	8.5544357	0.00036279717
0.017513586	101.42974	8.7616568	0.00036321057
0.017695421	97.832756	7.9089031	0.00036363275
0.017879145	93.085503	7.677155	0.00036406427
0.018064782	88.986343	7.1472034	0.0003645019
0.018252341	84.134178	6.6719646	0.00036494908
0.018441847	79.756493	6.3050084	0.00036540377
0.018633321	75.600021	5.9211798	0.00036587048
0.018826783	71.041756	5.51366	0.00036634409
0.019022258	66.684517	5.1142502	0.00036682643
0.019219758	62.390648	4.7990546	0.00036731936
0.019419309	58.054787	4.2005363	0.00036782346
0.019620931	54.066719	4.1343732	0.00036833581
0.019824646	49.870113	3.5620103	0.00036885918
0.020030482	46.20433	3.4437027	0.00036939047
0.02023845	43.248936	3.0131724	0.00036993355
0.020448579	39.319431	2.8228426	0.00037048614
0.020660887	36.479374	2.5729291	0.00037105032
0.0208754	33.322315	2.2939036	0.00037162451
0.021092145	30.926182	2.159869	0.00037220935
0.021311136	28.391575	1.905443	0.00037280665
0.021532401	26.393295	1.7834246	0.00037341463
0.021755962	24.820568	1.6848613	0.00037403536
0.021981845	23.08779	1.4840875	0.00037466903
0.022210078	22.218163	1.4746134	0.00037531226
0.022440678	20.910652	1.3553882	0.00037596817
0.022673668	20.21163	1.2681495	0.00037663797
0.022909081	19.613123	1.2876176	0.00037731754
0.023146935	19.186731	1.1654825	0.00037801627
0.023387266	18.735008	1.1552176	0.0003787207
0.023630086	18.52766	1.1579441	0.00037944189
0.023875427	18.443266	1.1101274	0.00038017723
0.024123315	18.389797	1.087387	0.00038092633
0.024373777	18.227625	1.1072222	0.00038168771
0.02462684	18.115589	1.0547092	0.00038246706
0.024882536	18.206751	1.0407877	0.00038325731
0.025140882	18.154087	1.0587457	0.00038406363
0.025401907	17.940025	1.0272222	0.00038488623
0.025665645	17.973721	0.99852157	0.00038572351
0.02593212	17.818792	0.99298322	0.00038657858
0.026201369	17.642876	0.98779052	0.00038744358
0.026473407	17.32906	0.95247275	0.00038832892
0.02674827	17.138332	0.91345972	0.00038922962
0.027025985	16.689465	0.88701928	0.00039014823
0.027306585	16.05497	0.85209298	0.0003910833
0.027590103	15.492822	0.81539565	0.00039203349
0.02787656	14.808318	0.76570696	0.00039300494
0.02816599	14.252466	0.72354555	0.0003939906
0.028458426	13.476373	0.67978054	0.00039499608
0.028753897	12.673699	0.64590031	0.00039602307
0.029052446	11.950175	0.60279584	0.00039706242
0.029354084	11.28431	0.54607546	0.00039812207
0.029658854	10.413162	0.50450891	0.00039920353
0.02996679	9.6315556	0.46125835	0.00040030191
0.030277923	8.9358549	0.42264307	0.00040142445
0.030592293	8.250041	0.39152026	0.00040256418
0.03090992	7.6144056	0.35501549	0.00040372307
0.031230845	7.1748281	0.33709496	0.00040490314
0.031555101	6.7735629	0.30788159	0.00040610621
0.031882726	6.3744006	0.28766608	0.0004073329
0.032213759	6.003294	0.26660946	0.00040857532
0.032548219	5.7816176	0.25525913	0.00040984308
0.032886151	5.6436024	0.24844001	0.00041113509
0.033227596	5.4801965	0.23560636	0.00041244435
0.033572584	5.4400039	0.23366338	0.00041378418
0.033921164	5.3680687	0.22847502	0.00041514356
0.034273352	5.2985654	0.22212243	0.00041652325
0.034629196	5.3288155	0.22088166	0.00041793275
0.034988739	5.2583599	0.21721603	0.0004193635
0.03535201	5.2628598	0.21449408	0.00042082425
0.035719063	5.281486	0.21227638	0.00042230074
0.03608992	5.2080312	0.20683344	0.00042380925
0.036464628	5.1612697	0.20497628	0.00042534122
0.036843222	5.0719228	0.19862835	0.0004269027
0.037225749	4.8789577	0.18820666	0.00042849392
0.037612259	4.7579107	0.182053	0.00043010319
0.03800277	4.5810089	0.17363928	0.0004317456
0.038397338	4.3300653	0.16284567	0.00043341098
0.038796	4.1075196	0.15254614	0.00043510995
0.039198805	3.8465905	0.14092515	0.00043683228
0.039605789	3.6417253	0.13132128	0.00043859467
0.040017009	3.3965507	0.1223212	0.00044037457
0.040432487	3.1841609	0.11292799	0.00044218783
0.040852282	2.9736123	0.10526223	0.00044403097
0.041276433	2.8549757	0.09988039	0.00044590613
0.041704986	2.7195203	0.093662508	0.00044781828
0.042138003	2.6311529	0.089048572	0.00044975165
0.042575505	2.5449884	0.085740633	0.00045171799
0.043017548	2.5074701	0.083580211	0.00045372004
0.04346418	2.459533	0.082119226	0.00045575513
0.043915451	2.472698	0.08064869	0.00045782846
0.044371419	2.4793859	0.079895265	0.0004599237
0.044832107	2.4516358	0.078432873	0.00046205815
0.045297582	2.45696	0.078203909	0.00046422315
0.045767885	2.4351175	0.076469913	0.00046643277
0.046243075	2.3870213	0.073419198	0.00046867467
0.046723209	2.3193445	0.071780175	0.00047094526
0.047208317	2.3021789	0.069889806	0.00047325736
0.047698461	2.2312384	0.067211688	0.00047560339
0.048193693	2.1043591	0.062850274	0.00047798888
0.048694067	2.0261836	0.059234586	0.00048041836
0.049199648	1.9286573	0.056699358	0.00048287195
0.049710467	1.8301631	0.052765101	0.0006193365
0.050226592	1.7667272	0.050435491	0.00062380772
0.050748073	1.7233047	0.0488979	0.00062833971
0.051274966	1.6370933	0.045473643	0.00063294615
0.051807348	1.5738634	0.043989599	0.00063758745
0.052345239	1.5467557	0.042096317	0.00064230664
0.052888718	1.5739071	0.042882744	0.00064708904
0.05343784	1.5512426	0.041339558	0.00065193087
0.053992663	1.5179327	0.040552925	0.0006568539
0.054553259	1.5044605	0.039386064	0.00066181557
0.055119663	1.5070056	0.0393182	0.00066685351
0.055691946	1.4769571	0.038095966	0.0006719596
0.056270171	1.4893337	0.037755236	0.00067713211
0.056854401	1.464649	0.037141342	0.00068238273
0.05744471	1.4168276	0.035222314	0.00068767794
0.058041133	1.3748454	0.034000468	0.00069305784
0.058643751	1.3506123	0.033168651	0.00069850142
0.059252623	1.3134791	0.031605765	0.000704017
0.059867818	1.2980146	0.031089982	0.00070961972
0.060489416	1.2565975	0.029935222	0.00071526528
0.061117452	1.2314066	0.028777044	0.00072099624
0.061752006	1.1886216	0.027449349	0.00072680111
0.062393151	1.1884961	0.027409997	0.00073268195
0.063040957	1.15797	0.026357796	0.00073863054
0.063695483	1.1562825	0.026004612	0.00074467162
0.064356819	1.1619285	0.025819929	0.00075076229
0.065025009	1.1678022	0.025716662	0.00075694249
0.065700136	1.1439745	0.024903772	0.00076320226
0.066382274	1.1266794	0.024371868	0.00076953508
0.06707149	1.1110675	0.023730682	0.00077597436
0.067767888	1.0797857	0.022854973	0.00078244344
0.068471491	1.0800393	0.022628391	0.00078902242
0.069182403	1.0481677	0.021681638	0.00079567154
0.069900692	1.0302585	0.021108925	0.00080241065
0.070626438	1.0375395	0.021042777	0.00080925692
0.071359746	1.0001534	0.020046782	0.00081613607
0.072100639	1.0130703	0.020092905	0.00082312617
0.072849229	1.0267608	0.02020967	0.00083019666
0.07360559	1.0050461	0.01954175	0.00083736726
0.074369811	0.98490924	0.018912232	0.00084462581
0.075141981	0.98477489	0.018788731	0.00085194065
0.075922146	0.96306759	0.01820644	0.00085936033
0.07671041	0.96226758	0.017974192	0.00086687721
0.077506863	0.94164419	0.01737209	0.00087447866
0.078311585	0.92534894	0.01686327	0.00088218832
0.079124682	0.92528576	0.016770495	0.0008899541
0.079946198	0.913225	0.016375292	0.0008978321
0.080776244	0.90214515	0.015945056	0.0009058076
0.081614912	0.88077354	0.015399851	0.00091387075
0.082462281	0.86771274	0.015129899	0.0009220604
0.083318479	0.85137683	0.014611485	0.00093028939
0.084183536	0.86605603	0.014682882	0.00093865057
0.085057579	0.86363387	0.014554237	0.00094710651
0.085940696	0.86479801	0.01439707	0.00095565466
0.086832978	0.83981544	0.013860667	0.00096433517
0.08773455	0.84766883	0.013788927	0.00097307313
0.088645466	0.85828745	0.013890168	0.00098192261
0.089565828	0.8541379	0.013603864	0.00099089241
0.090495758	0.82971609	0.013136833	0.0009999529
0.091435336	0.82045346	0.012833484	0.0010091409
0.092384689	0.81809855	0.012673226	0.0010184029
0.093343884	0.81689161	0.012542173	0.0010277812
0.094313033	0.83483696	0.012632914	0.001037271
0.09529224	0.80678523	0.012098118	0.0010468748
0.096281618	0.82090062	0.012212679	0.0010566183
0.0972813	0.8105002	0.011908651	0.0010664148
0.09829133	0.82233322	0.011956693	0.0010763464
0.099311844	0.81428236	0.011722497	0.0010864038
0.10034296	0.81962681	0.011687347	0.0010965754
0.10138479	0.81519401	0.011630049	0.0011068422
0.10243742	0.80493385	0.011400444	0.0011172397
0.10350098	0.81363058	0.011474231	0.0011277751
0.10457561	0.81970173	0.011443227	0.0011383867
0.10566137	0.80453956	0.011168631	0.0011491624
0.10675842	0.7972917	0.010953575	0.0011600192
0.10786685	0.80602634	0.011001121	0.0011710281
0.10898679	0.79100639	0.010679387	0.001182156
0.11011836	0.79754806	0.01068526	0.0011933984
0.11126167	0.7991485	0.010614688	0.0012047739
0.11241686	0.79564214	0.010496126	0.0012162925
0.11358405	0.80268121	0.010465849	0.0012279064
0.11476334	0.80067515	0.010319373	0.0012396872
0.1159549	0.80842453	0.010346431	0.0012515633
0.11715881	0.77829868	0.0098819053	0.0012635919
0.11837522	0.77397454	0.0097011384	0.0012757682
0.11960427	0.76376534	0.0094907777	0.0012880426
0.12084607	0.76857227	0.0094582196	0.0013004955
0.12210078	0.76297081	0.0093078911	0.0013130559
0.1233685	0.76598531	0.0092501584	0.0013257618
0.12464938	0.77467573	0.0092405947	0.001338635
0.12594359	0.76434296	0.0090392241	0.0013515981
0.12725119	0.77424085	0.0090716667	0.0013647606
0.1285724	0.77483433	0.0089600766	0.0013780366
0.12990732	0.76704544	0.0088083884	0.0013914471
0.13125609	0.77440554	0.0087897638	0.001405054
0.13261889	0.77086157	0.008644931	0.0014187561
0.13399582	0.76740491	0.0085245399	0.0014326436
0.13538705	0.76461178	0.0083936425	0.0014466661
0.13679272	0.76695228	0.0083482135	0.001460845
0.13821298	0.76048207	0.0081847319	0.0014752024
0.13964801	0.76500028	0.0081373136	0.0014896727
0.1410979	0.76578259	0.00805768	0.0015043361
0.14256287	0.77002549	0.008004983	0.0015191671
0.14404306	0.7649833	0.0078805052	0.0015341222
0.1455386	0.76351422	0.0079223225	0.001549277
0.14704968	0.75749552	0.0079546478	0.0015645671
0.14857644	0.75509518	0.0079289936	0.0015800281
0.15011904	0.7511797	0.0078614885	0.001595697
0.15167768	0.74356502	0.0077673444	0.0016114754
0.15325248	0.74520916	0.0077764587	0.0016274827
0.15484366	0.76443255	0.0079425378	0.0016436109
0.15645133	0.75123543	0.0077953218	0.0016599505
0.15807571	0.7562449	0.0077735819	0.0016764576
0.15971695	0.77373111	0.0079199038	0.0016931355
0.16137522	0.76566643	0.0077620968	0.0017100216
0.16305074	0.76625109	0.0077186036	0.0017270434
0.16474363	0.77929866	0.0077688666	0.0017442679
0.16645409	0.79601979	0.00782286	0.001761701
0.16818233	0.77532989	0.0075935414	0.0017792871
0.16992849	0.78226924	0.0076337289	0.001797114
0.17169282	0.77061766	0.0074880105	0.0018150647
0.17347543	0.76061261	0.0073516839	0.0018332443
0.17527655	0.76164091	0.007324087	0.0018516447
0.1770964	0.75088215	0.0071894429	0.0018701861
0.17893511	0.74429524	0.0070721223	0.0018889538
0.18079291	0.74356568	0.0070382413	0.0019079624
0.18267004	0.73535025	0.0069353576	0.0019270947
0.18456662	0.73032236	0.0068581146	0.0019465119
0.18648292	0.72399527	0.006756525	0.0019660674
0.18841909	0.71692979	0.0066484599	0.0019858759
0.19037537	0.71231049	0.0065863929	0.0020059014
0.19235198	0.70337689	0.0064478004	0.0020260892
0.19434908	0.7007218	0.0063995756	0.0020465646
0.19636695	0.6922006	0.0062748245	0.0020672078
0.19840576	0.68624359	0.0061878618	0.0020880625
0.20046571	0.68375856	0.0061304127	0.0021092023
0.20254709	0.68336135	0.0060931467	0.0021304952
0.20465004	0.66912562	0.0059365584	0.0021520853
0.20677488	0.6662026	0.0058845081	0.0021738284
0.20892173	0.67119557	0.0059042452	0.0021958298
0.21109086	0.66101044	0.0057798736	0.0022181289
0.21328257	0.65328532	0.0056875884	0.0022405682
0.21549699	0.65204358	0.0056441487	0.0022633222
0.21773443	0.64771432	0.0055731549	0.0022862584
0.21999507	0.64796025	0.0055421358	0.0023094777
0.22227919	0.64575106	0.0054987567	0.0023329405
0.22458704	0.65138966	0.0055231932	0.0023566273
0.22691883	0.64232826	0.0054189642	0.0023805848
0.22927484	0.64356178	0.0054076668	0.0024048151
0.23165533	0.64126933	0.0053535518	0.0024292551
0.23406051	0.63531733	0.0052805441	0.0024539949
0.23649068	0.63064432	0.005217968	0.0024789614
0.23894607	0.63909954	0.0052652657	0.002504213
0.24142694	0.63764358	0.0052191988	0.0025297503
0.2439336	0.6319288	0.0051532956	0.002555514
0.24646626	0.63696396	0.0052230917	0.0025816092
0.24902526	0.63629538	0.0052512614	0.0026079123
0.25161079	0.63764614	0.0052880375	0.0026345025
0.25422314	0.62824494	0.0052606072	0.0026614522
0.25686267	0.61489338	0.0052017816	0.0026885839
0.25952956	0.6177417	0.0053125084	0.0027161045
0.2622242	0.61122638	0.0053295023	0.0027437776
0.26494673	0.62645453	0.005566956	0.0027718691
0.26769757	0.60914093	0.0054611806	0.0028002313
0.270477	0.60619473	0.0054920083	0.0028288346
0.27328524	0.60567987	0.0055241995	0.0028578234
0.27612269	0.61057991	0.0056023081	0.0028870271
0.27898955	0.61038834	0.005644924	0.0029165903
0.28188619	0.61025476	0.0057415105	0.0029464799
0.28481293	0.61020911	0.0058038384	0.0029766175
0.28777	0.61672682	0.0059410119	0.0030071374
0.29075781	0.62438834	0.0060887183	0.0030379903
0.29377666	0.63509893	0.0064075682	0.0030690811
0.29682681	0.6486814	0.007239725	0.003100594
0.29990867	0.6822874	0.0090314662	0.0031323773
0.3030225	0.73943317	0.018590009	0.0031644874
0.30616865	0.75511974	0.033206958	0.0031970162
0.30934751	0.72625351	0.052666977	0.0032297922
